cycle_number,half_cycle,time_s,current_mA,voltage_V,capacity_mAh
0,0,455703.44400297524,0.0,2.946042,0.0
0,0,455704.4440022302,0.0,2.9225807,0.0
0,0,455705.4440014851,0.0,2.9100385,0.0
0,0,455706.44400074007,0.0,2.900226,0.0
0,0,455707.443999995,0.0,2.8917499,0.0
0,0,455708.44399924995,0.0,2.884381,0.0
0,0,455709.4439985049,0.0,2.8774705,0.0
0,0,455710.44399775984,0.0,2.871476,0.0
0,0,455711.4439970148,0.0,2.8656726,0.0
0,0,455712.4439962697,0.0,2.8603463,0.0
1,1,455713.3957955502,-0.16239999,2.855383,0.0
1,1,455713.3961955495,-0.16239999,2.8435721,-1.8003859453731113e-08
1,1,455718.3963918239,-0.16239999,2.7774563,-0.0002257757052257657
1,1,455723.39658809826,-0.16239999,2.7368703,-0.000451535455611017
1,1,455728.3967843726,-0.16239999,2.6934018,-0.000677296225781242
1,1,455733.396980647,-0.16239999,2.6524148,-0.0009030583047784037
1,1,455738.39717692137,-0.16239999,2.6155896,-0.001128821997270816
1,1,455743.39737319574,-0.16239999,2.5826209,-0.0013545855984762312
1,1,455748.3975694701,-0.16239999,2.5533552,-0.0015803521319238678
1,1,455753.3977657445,-0.16239999,2.52661,-0.001806118173538811
1,1,455758.39796201885,-0.16239999,2.502346,-0.002031883991137975
1,1,455763.3981582932,-0.16239999,2.4800487,-0.0022576525110254687
1,1,455768.3983545676,-0.16239999,2.4593928,-0.002483421245708234
1,1,455773.3985508424,-0.16239999,2.4403408,-0.0027091881956607107
1,1,455778.39874711726,-0.16239999,2.4225295,-0.0029349549492622418
1,1,455783.3989433921,-0.16239999,2.4062073,-0.003160722312376731
1,1,455788.39913966693,-0.16239999,2.3907442,-0.003386490287736886
1,1,455793.39933594177,-0.16239999,2.37656,-0.003612256779920724
1,1,455798.3995322166,-0.16239999,2.3631396,-0.0038380227348233263
1,1,455803.39972849144,-0.16239999,2.3506546,-0.004063788281148507
1,1,455808.3999247663,-0.16239999,2.3390095,-0.004289556469841964
1,1,455813.4001210411,-0.16239999,2.3282998,-0.004515322373769349
1,1,455818.40031731594,-0.16239999,2.3180292,-0.00474108852304187
1,1,455823.4005135908,-0.16239999,2.308675,-0.004966857625794079
1,1,455828.4007098656,-0.16239999,2.2996836,-0.005192625020138091
1,1,455833.40090614045,-0.16239999,2.2911882,-0.005418394769209126
1,1,455838.4011024153,-0.16239999,2.2832086,-0.005644163268511493
1,1,455843.4012986901,-0.16239999,2.2756107,-0.005869934136442839
1,1,455848.40149496496,-0.16239999,2.2688336,-0.006095704711409078
1,1,455853.4016912398,-0.16239999,2.262381,-0.006321477560463878
1,1,455858.4018875146,-0.16239999,2.2565012,-0.0065472487196814675
1,1,455863.40208378946,-0.16239999,2.2509842,-0.006773015159011714
1,1,455868.4022800643,-0.16239999,2.2460396,-0.006998780478088391
1,1,455873.4024763389,-0.16239999,2.2414773,-0.007224547629639506
1,1,455878.4026726135,-0.16239999,2.2370481,-0.007450316166548265
1,1,455883.4028688881,-0.16239999,2.2331157,-0.007676087931570907
1,1,455888.4030651627,-0.16239999,2.229374,-0.007901861883541776
1,1,455893.4032614373,-0.16239999,2.2259758,-0.008127634826805029
1,1,455898.4034577119,-0.16239999,2.2229023,-0.00835340715189692
1,1,455903.4036539865,-0.16239999,2.2199051,-0.008579179464499155
1,1,455908.4038502611,-0.16239999,2.217347,-0.008804950114524198
1,1,455913.4040465357,-0.16239999,2.2147698,-0.009030719537778032
1,1,455918.4042428103,-0.16239999,2.212498,-0.009256490150733125
1,1,455923.40443908505,-0.16239999,2.210341,-0.009482261905024447
1,1,455928.4046353593,-0.16239999,2.208241,-0.009708036421710416
1,1,455933.404831634,-0.16239999,2.206351,-0.009933811746913523
1,1,455938.40502790874,-0.16239999,2.2045565,-0.010159588501184348
1,1,455943.40522418346,-0.16239999,2.2028766,-0.010385365919335018
1,1,455948.4054204582,-0.16239999,2.2012157,-0.010611141867646738
1,1,455953.4056167329,-0.16239999,2.1997647,-0.010836914247132007
1,1,455958.4058130076,-0.16239999,2.198352,-0.011062686038947766
1,1,455963.40600928233,-0.16239999,2.1969776,-0.011288456600903635
1,1,455968.40620555705,-0.16239999,2.1954887,-0.01151422643177211
1,1,455973.4064018318,-0.16239999,2.1942668,-0.011739993295792074
1,1,455978.4065981065,-0.16239999,2.1929877,-0.011965759149473572
1,1,455983.40679438115,-0.16239999,2.1918423,-0.012191524405906595
1,1,455988.4069906559,-0.16239999,2.1905441,-0.012417287633810604
1,1,455993.4071869306,-0.16239999,2.189437,-0.012643051747346087
1,1,455998.40738320525,-0.16239999,2.1884253,-0.012868817443937888
1,1,456003.40757948,-0.16239999,2.1873753,-0.01309458506511317
1,1,456008.4077757547,-0.16239999,2.1862297,-0.013320352822866702
1,1,456013.4079720294,-0.16239999,2.185199,-0.01354612233322279
1,1,456018.40816830413,-0.16239999,2.1842253,-0.013771891173850328
1,1,456023.40836457885,-0.16239999,2.1831944,-0.013997657875003911
1,1,456028.40856085345,-0.16239999,2.1822019,-0.01422342601700872
1,1,456033.40875712805,-0.16239999,2.1813426,-0.01444919488233576
1,1,456038.40895340266,-0.16239999,2.1805027,-0.014674967566520801
1,1,456043.40914967726,-0.16239999,2.1795292,-0.014900743393121491
1,1,456048.40934595186,-0.16239999,2.1785364,-0.01512651375445392
1,1,456053.4095422267,-0.16239999,2.1776583,-0.015352284427423441
1,1,456058.4097385013,-0.16239999,2.1766655,-0.015578056330416763
1,1,456063.4099347759,-0.16239999,2.1758065,-0.015803828737973338
1,1,456068.4101310505,-0.16239999,2.1748328,-0.016029607613616517
1,1,456073.4103273251,-0.16239999,2.1736875,-0.016255383998624976
1,1,456078.41052359995,-0.16239999,2.1729047,-0.016481161948184997
1,1,456083.4107198748,-0.16239999,2.1719313,-0.016706939928223686
1,1,456088.4109161496,-0.16239999,2.1708813,-0.0169327181362013
1,1,456093.41111242445,-0.16239999,2.1698503,-0.017158498607631356
1,1,456098.4113086993,-0.16239999,2.1690676,-0.017384278861073982
1,1,456103.4115049741,-0.16239999,2.1680176,-0.017610063122829627
1,1,456108.41170124896,-0.16239999,2.1670058,-0.017835844914187986
1,1,456113.4118975238,-0.16239999,2.1660323,-0.018061629318128027
1,1,456118.41209379863,-0.16239999,2.1648104,-0.018287411590639086
1,1,456123.41229007347,-0.16239999,2.163837,-0.01851319210035271
1,1,456128.4124863483,-0.16239999,2.162596,-0.018738972665476302
1,1,456133.41268262314,-0.16239999,2.1614888,-0.018964752110371987
1,1,456138.412878898,-0.16239999,2.160496,-0.01919053597273098
1,1,456143.4130751728,-0.16239999,2.1593316,-0.019416323782744507
1,1,456148.41327144764,-0.16239999,2.158148,-0.01964211091552261
1,1,456153.4134677225,-0.16239999,2.156907,-0.01986789664633324
1,1,456158.4136639973,-0.16239999,2.155628,-0.02009368263799118
1,1,456163.41386027215,-0.16239999,2.1545208,-0.020319468454382487
1,1,456168.414056547,-0.16239999,2.1531081,-0.02054525334956414
1,1,456173.41425282136,-0.16239999,2.1519628,-0.020771033658588924
1,1,456178.4144490957,-0.16239999,2.1504927,-0.02099681294726332
1,1,456183.4146453701,-0.16239999,2.1491947,-0.021222594293523165
1,1,456188.41484164447,-0.16239999,2.1479537,-0.021448374953999285
1,1,456193.41503791884,-0.16239999,2.146522,-0.021674156070740684
1,1,456198.4152341932,-0.16239999,2.145262,-0.02189993607998639
1,1,456203.4154304676,-0.16239999,2.143773,-0.02212571741386503
1,1,456208.41562674195,-0.16239999,2.1422267,-0.022351498653193313
1,1,456213.4158230163,-0.16239999,2.1409857,-0.022577278765900266
1,1,456218.4160192907,-0.16239999,2.1394205,-0.02280305732596086
1,1,456223.41621556506,-0.16239999,2.1380267,-0.023028838256302805
1,1,456228.4164118394,-0.16239999,2.136595,-0.023254620578694672
1,1,456233.4166081138,-0.16239999,2.1349342,-0.023480404353908364
1,1,456238.41680438817,-0.16239999,2.133426,-0.023706188412235013
1,1,456243.41700066254,-0.16239999,2.131727,-0.02393197178480691
1,1,456248.4171969369,-0.16239999,2.1301043,-0.02415775635745707
1,1,456253.4173932113,-0.16239999,2.128749,-0.02438354073204845
1,1,456258.41758948565,-0.16239999,2.1269162,-0.024609327907233598
1,1,456263.41778576,-0.16239999,2.1254463,-0.024835116753959816
1,1,456268.4179820344,-0.16239999,2.12369,-0.025060904492100904
1,1,456273.41817830876,-0.16239999,2.1221056,-0.025286689532643385
1,1,456278.4183745831,-0.16239999,2.1205401,-0.025512474340005874
1,1,456283.4185708575,-0.16239999,2.1188028,-0.02573825959957225
1,1,456288.41876713187,-0.16239999,2.1170847,-0.025964043312880724
1,1,456293.41896340623,-0.16239999,2.115424,-0.02618982527108904
1,1,456298.4191596806,-0.16239999,2.1136868,-0.026415609388854764
1,1,456303.419355955,-0.16239999,2.1119113,-0.026641393445788152
1,1,456308.41955222934,-0.16239999,2.1101549,-0.026867176766369072
1,1,456313.4197485037,-0.16239999,2.1083224,-0.02709295869916511
1,1,456318.4199447781,-0.16239999,2.1066997,-0.027318740138756726
1,1,456323.42014105245,-0.16239999,2.1050198,-0.027544525148496854
1,1,456328.4203373268,-0.16239999,2.1032062,-0.027770310345384804
1,1,456333.4205336012,-0.16239999,2.1014307,-0.027996094071511587
1,1,456338.42072987556,-0.16239999,2.099789,-0.02822187905863341
1,1,456343.42092614993,-0.16239999,2.0980327,-0.02844766560083793
1,1,456348.4211224243,-0.16239999,2.0960855,-0.02867345128045065
1,1,456353.4213186987,-0.16239999,2.0944436,-0.02889923774598787
1,1,456358.42151497304,-0.16239999,2.0928018,-0.02912502355828136
1,1,456363.4217112474,-0.16239999,2.0909503,-0.029350806958711805
1,1,456368.4219075218,-0.16239999,2.089213,-0.029576590628451766
1,1,456373.42210379615,-0.16239999,2.0874183,-0.029802375059711433
1,1,456378.4223000705,-0.16239999,2.085624,-0.030028156664590865
1,1,456383.4224963449,-0.16239999,2.0837913,-0.030253940650691584
1,1,456388.42269261926,-0.16239999,2.0820541,-0.03047972601819038
1,1,456393.42288889363,-0.16239999,2.0803359,-0.030705511279854505
1,1,456398.423085168,-0.16239999,2.0783124,-0.030931296108542214
1,1,456403.4232814424,-0.16239999,2.0768423,-0.03115707906669709
1,1,456408.42347771674,-0.16239999,2.0749717,-0.03138286341270473
1,1,456413.4236739911,-0.16239999,2.073139,-0.03160864585642765
1,1,456418.4238702655,-0.16239999,2.0715163,-0.03183442840450174
1,1,456423.42406653985,-0.16239999,2.0698745,-0.03206021088500818
1,1,456428.4242628142,-0.16239999,2.0680037,-0.03228599497154769
1,1,456433.4244590886,-0.16239999,2.0662663,-0.03251178080677986
1,1,456438.42465536296,-0.16239999,2.064453,-0.03273756740004735
1,1,456443.42485163733,-0.16239999,2.0628302,-0.03296335297668974
1,1,456448.4250479117,-0.16239999,2.0609212,-0.033189140556709636
1,1,456453.4252441861,-0.16239999,2.0590885,-0.03341493071761314
1,1,456458.42544046044,-0.16239999,2.0574276,-0.03364071935703771
1,1,456463.4256367348,-0.16239999,2.055595,-0.033866506058846085
1,1,456468.4258330092,-0.16239999,2.0538578,-0.03409229328676562
1,1,456473.42602928355,-0.16239999,2.0522733,-0.03431807895280504
1,1,456478.4262255579,-0.16239999,2.0506124,-0.03454386375945393
1,1,456483.4264218323,-0.16239999,2.0488942,-0.034769647380786646
1,1,456488.42661810666,-0.16239999,2.047138,-0.03499542838518157
1,1,456493.42681438103,-0.16239999,2.045248,-0.035221210195081114
1,1,456498.4270106554,-0.16239999,2.0436254,-0.03544699359630712
1,1,456503.4272069298,-0.16239999,2.0416207,-0.03567277502832397
1,1,456508.42740320414,-0.16239999,2.0400171,-0.03589855595725114
1,1,456513.4275994785,-0.16239999,2.0385473,-0.03612433968511225
1,1,456518.4277957529,-0.16239999,2.0367146,-0.03635012408348174
1,1,456523.42799202725,-0.16239999,2.0349202,-0.03657590641361311
1,1,456528.4281883016,-0.16239999,2.033202,-0.03680169015209213
1,1,456533.428384576,-0.16239999,2.0314267,-0.03702747013738753
1,1,456538.42858085036,-0.16239999,2.0299566,-0.037253251080606564
1,1,456543.42877712473,-0.16239999,2.0281048,-0.037479033643587616
1,1,456548.4289733991,-0.16239999,2.0265777,-0.037704816656996
1,1,456553.4291696735,-0.16239999,2.0248787,-0.03793059838736804
1,1,456558.42936594784,-0.16239999,2.0233133,-0.03815638188028917
1,1,456563.4295622222,-0.16239999,2.0214043,-0.03838216641660616
1,1,456568.42975849705,-0.16239999,2.0198007,-0.038607949119365895
1,1,456573.4299547719,-0.16239999,2.0182352,-0.03883373366477425
1,1,456578.4301510467,-0.16239999,2.0163262,-0.039059518202073894
1,1,456583.43034732156,-0.16239999,2.0146844,-0.03928529921554859
1,1,456588.4305435964,-0.16239999,2.0130045,-0.0395110788594857
1,1,456593.4307398712,-0.16239999,2.01121,-0.039736860839582167
1,1,456598.43093614606,-0.16239999,2.009511,-0.03996264250597607
1,1,456603.4311324209,-0.16239999,2.0076401,-0.04018842761445792
1,1,456608.43132869573,-0.16239999,2.0058455,-0.040414210685918744
1,1,456613.43152497057,-0.16239999,2.0043375,-0.040639992390153326
1,1,456618.4317212454,-0.16239999,2.002772,-0.040865772823760096
1,1,456623.43191752024,-0.16239999,2.0011113,-0.041091554362378206
1,1,456628.4321137951,-0.16239999,1.9989921,-0.04131733561363322
1,1,456633.4323100699,-0.16239999,1.9974267,-0.04154311696690489
1,1,456638.43250634475,-0.16239999,1.9957277,-0.04176889687792297
1,1,456643.4327026196,-0.16239999,1.9939332,-0.0419946735441685
1,1,456648.4328988944,-0.16239999,1.9922724,-0.0422204519004077
1,1,456653.43309516925,-0.16239999,1.9904778,-0.04244623412292785
1,1,456658.4332914441,-0.16239999,1.9888743,-0.04267201422388192
1,1,456663.4334877189,-0.16239999,1.9871943,-0.04289779679425726
1,1,456668.43368399306,-0.16239999,1.985629,-0.04312357884311596
1,1,456673.43388026766,-0.16239999,1.9838917,-0.043349359606794216
1,1,456678.43407654227,-0.16239999,1.9821163,-0.04357514044131093
1,1,456683.43427281687,-0.16239999,1.98057,-0.043800918148541645
1,1,456688.4344690915,-0.16239999,1.97868,-0.04402669874561167
1,1,456693.4346653661,-0.16239999,1.9770573,-0.04425247859364254
1,1,456698.4348616407,-0.16239999,1.975072,-0.04447825623933891
1,1,456703.4350579153,-0.16239999,1.9736402,-0.044704037498739885
1,1,456708.4352541899,-0.16239999,1.9715402,-0.04492982048703319
1,1,456713.4354504645,-0.16239999,1.9699177,-0.04515560209008806
1,1,456718.4356467392,-0.16239999,1.9680277,-0.04538138517633332
1,1,456723.4358430139,-0.16239999,1.9665959,-0.04560716687774578
1,1,456728.43603928864,-0.16239999,1.9650114,-0.04583294980267024
1,1,456733.43623556336,-0.16239999,1.963026,-0.04605873137493682
1,1,456738.4364318381,-0.16239999,1.9612888,-0.04628451228220515
1,1,456743.4366281128,-0.16239999,1.9594752,-0.04651029384194234
1,1,456748.4368243875,-0.16239999,1.9577762,-0.04673607407316154
1,1,456753.43702066224,-0.16239999,1.9559625,-0.046961854476755716
1,1,456758.43721693696,-0.16239999,1.9543781,-0.04718763721063735
1,1,456763.4374132117,-0.16239999,1.9524308,-0.047413422044842626
1,1,456768.4376094864,-0.16239999,1.95077,-0.04763920976735819
1,1,456773.4378057611,-0.16239999,1.9491092,-0.04786499525975521
1,1,456778.4380020358,-0.16239999,1.9472574,-0.04809078155469235
1,1,456783.4381983105,-0.16239999,1.9456921,-0.04831656694195505
1,1,456788.4383945852,-0.16239999,1.9437448,-0.048542353879473296
1,1,456793.4385908601,-0.16239999,1.9421412,-0.04876813884991906
1,1,456798.43878713483,-0.16239999,1.9403467,-0.04899392197770379
1,1,456803.43898340955,-0.16239999,1.9386095,-0.0492197030793023
1,1,456808.43917968427,-0.16239999,1.936815,-0.049445484483490405
1,1,456813.439375959,-0.16239999,1.9351923,-0.049671266999075
1,1,456818.4395722337,-0.16239999,1.9333215,-0.04989704791384606
1,1,456823.4397685083,-0.16239999,1.9316607,-0.050122828311992204
1,1,456828.4399647829,-0.16239999,1.9299806,-0.05034861123515005
1,1,456833.4401610575,-0.16239999,1.9282626,-0.05057439249663305
1,1,456838.4403573321,-0.16239999,1.9266018,-0.05080017543996955
1,1,456843.4405536067,-0.16239999,1.9247118,-0.051025957211362834
1,1,456848.4407498813,-0.16239999,1.9230318,-0.05125173939007357
1,1,456853.4409461557,-0.16239999,1.9210656,-0.051477521445329834
1,1,456858.4411424303,-0.16239999,1.9194046,-0.05170330488580963
1,1,456863.4413387049,-0.16239999,1.9175339,-0.05192909131485225
1,1,456868.44153497973,-0.16239999,1.9158729,-0.05215488005193904
1,1,456873.44173125457,-0.16239999,1.9140785,-0.052380667629107015
1,1,456878.4419275294,-0.16239999,1.9126658,-0.052606457089446494
1,1,456883.44212380424,-0.16239999,1.911024,-0.052832245107447946
1,1,456888.4423200791,-0.16239999,1.9091532,-0.053058031101197015
1,1,456893.4425163539,-0.16239999,1.9073969,-0.05328381532548369
1,1,456898.44271262875,-0.16239999,1.9056023,-0.05350960026615114
1,1,456903.4429089036,-0.16239999,1.9039034,-0.05373538499849787
1,1,456908.4431051784,-0.16239999,1.9021852,-0.053961172554819956
1,1,456913.44330145326,-0.16239999,1.900467,-0.0541869585825296
1,1,456918.4434977281,-0.16239999,1.8986917,-0.0544127461869278
1,1,456923.4436940029,-0.16239999,1.8970118,-0.054638534723794305
1,1,456928.44389027776,-0.16239999,1.8952745,-0.054864322698060845
1,1,456933.44408655213,-0.16239999,1.8936328,-0.055090111677241003
1,1,456938.44428282697,-0.16239999,1.891991,-0.055315898995740555
1,1,456943.4444791018,-0.16239999,1.8902729,-0.055541686372708954
1,1,456948.44467537664,-0.16239999,1.888402,-0.05576747435788646
1,1,456953.4448716515,-0.16239999,1.8868176,-0.0559932614981615
1,1,456958.4450679263,-0.16239999,1.8849276,-0.05621904759309442
1,1,456963.44526420115,-0.16239999,1.883534,-0.0564448350974545
1,1,456968.445460476,-0.16239999,1.8817014,-0.05667062485675432
1,1,456973.44565675035,-0.16239999,1.8802123,-0.05689641471899385
1,1,456978.4458530247,-0.16239999,1.8785323,-0.057122204170538336
1,1,456983.4460492991,-0.16239999,1.8767378,-0.057347994869362165
1,1,456988.44624557346,-0.16239999,1.8751916,-0.0575737812021259
1,1,456993.44644184783,-0.16239999,1.873588,-0.05779956822307658
1,1,456998.4466381222,-0.16239999,1.8717362,-0.05802535469498156
1,1,457003.4468343966,-0.16239999,1.8703235,-0.05825113995175397
1,1,457008.44703067094,-0.16239999,1.8687772,-0.058476925040774896
1,1,457013.4472269453,-0.16239999,1.8673264,-0.0587027101336635
1,1,457018.4474232197,-0.16239999,1.8656082,-0.05892849567595209
1,1,457023.44761949405,-0.16239999,1.8642528,-0.059154280376776246
1,1,457028.4478157684,-0.16239999,1.8624965,-0.05938006133653391
1,1,457033.4480120428,-0.16239999,1.8610075,-0.05960584492857591
1,1,457038.44820831716,-0.16239999,1.8594993,-0.05983163034072852
1,1,457043.44840459153,-0.16239999,1.8580675,-0.06005741471166911
1,1,457048.4486008659,-0.16239999,1.8564639,-0.060283198151518926
1,1,457053.44879714027,-0.16239999,1.8548604,-0.06050897866477903
1,1,457058.44899341464,-0.16239999,1.853505,-0.06073476044686638
1,1,457063.449189689,-0.16239999,1.8520923,-0.0609605388377425
1,1,457068.4493859634,-0.16239999,1.8506796,-0.06118631435540818
1,1,457073.44958223775,-0.16239999,1.8492287,-0.06141209506959636
1,1,457078.4497785121,-0.16239999,1.8479306,-0.061637877446790564
1,1,457083.4499747865,-0.16239999,1.8464034,-0.06186365787362641
1,1,457088.45017106086,-0.16239999,1.8451816,-0.062089441459522506
1,1,457093.45036733523,-0.16239999,1.8437307,-0.06231522577926767
1,1,457098.4505636096,-0.16239999,1.8426044,-0.06254100879199888
1,1,457103.45075988397,-0.16239999,1.8410772,-0.06276679176154404
1,1,457108.45095615834,-0.16239999,1.8397027,-0.06299257242037938
1,1,457113.4511524327,-0.16239999,1.8384236,-0.06321835220932963
1,1,457118.4513487071,-0.16239999,1.8372209,-0.06344413281027644
1,1,457123.45154498145,-0.16239999,1.8360182,-0.06366991255345944
1,1,457128.4517412558,-0.16239999,1.8347011,-0.06389569446795602
1,1,457133.4519375302,-0.16239999,1.8334601,-0.06412147800673298
1,1,457138.45213380456,-0.16239999,1.8321811,-0.06434726106549223
1,1,457143.45233007893,-0.16239999,1.8308448,-0.06457304511343442
1,1,457148.4525263533,-0.16239999,1.8297948,-0.06479882869938515
1,1,457153.45272262767,-0.16239999,1.8287258,-0.06502461197439087
1,1,457158.45291890204,-0.16239999,1.8276376,-0.06525039478402091
1,1,457163.4531151764,-0.16239999,1.8263586,-0.06547617735726555
1,1,457168.4533114508,-0.16239999,1.8252323,-0.065701960268471
1,1,457173.45350772515,-0.16239999,1.8242395,-0.06592774097916156
1,1,457178.4537039995,-0.16239999,1.8233423,-0.06615352334003567
1,1,457183.4539002739,-0.16239999,1.8221205,-0.06637930555690497
1,1,457188.45409654826,-0.16239999,1.8210896,-0.06660508712384604
1,1,457193.45429282263,-0.16239999,1.8200206,-0.06683086835361937
1,1,457198.454489097,-0.16239999,1.8190279,-0.0670566495039811
1,1,457203.45468537137,-0.16239999,1.817997,-0.06728242954310612
1,1,457208.45488164574,-0.16239999,1.8169088,-0.0675082090300148
1,1,457213.4550779201,-0.16239999,1.8161261,-0.06773398868440922
1,1,457218.4552741945,-0.16239999,1.8151908,-0.06795976931122859
1,1,457223.45547046885,-0.16239999,1.8141025,-0.06818555098707811
1,1,457228.4556667432,-0.16239999,1.813129,-0.06841133418630149
1,1,457233.4558630176,-0.16239999,1.8120791,-0.06863711728956387
1,1,457238.45605929196,-0.16239999,1.8110482,-0.06886290004108352
1,1,457243.4562555663,-0.16239999,1.80996,-0.06908868568987153
1,1,457248.4564518407,-0.16239999,1.8093873,-0.06931446743168601
1,1,457253.45664811507,-0.16239999,1.8086427,-0.06954024752106354
1,1,457258.45684438944,-0.16239999,1.8077646,-0.06976602815347498
1,1,457263.4570406638,-0.16239999,1.8068674,-0.06999181063546077
1,1,457268.4572369382,-0.16239999,1.805951,-0.07021759394193608
1,1,457273.45743321255,-0.16239999,1.8053019,-0.07044337793790137
1,1,457278.4576294869,-0.16239999,1.8045002,-0.07066916127818824
1,1,457283.4578257613,-0.16239999,1.8037175,-0.07089494852610513
1,1,457288.45802203566,-0.16239999,1.803183,-0.0711207360457091
1,1,457293.45821831,-0.16239999,1.8022666,-0.07134652214279771
1,1,457298.4584145844,-0.16239999,1.8016175,-0.07157230792037315
1,1,457303.45861085877,-0.16239999,1.8010639,-0.07179809427903262
1,1,457308.45880713314,-0.16239999,1.8000522,-0.07202387768984007
1,1,457313.4590034075,-0.16239999,1.799384,-0.07224966168408758
1,1,457318.4591996819,-0.16239999,1.7986394,-0.07247544532685893
1,1,457323.45939595625,-0.16239999,1.797895,-0.07270122884065244
1,1,457328.4595922306,-0.16239999,1.797475,-0.07292701415471567
1,1,457333.459788505,-0.16239999,1.796864,-0.07315279830926823
1,1,457338.45998477936,-0.16239999,1.7961768,-0.07337858042542886
1,1,457343.4601810537,-0.16239999,1.7955468,-0.0736043642526062
1,1,457348.4603773281,-0.16239999,1.794936,-0.07383015011230608
1,1,457353.46057360247,-0.16239999,1.7941914,-0.074055934338616
1,1,457358.46076987684,-0.16239999,1.7937523,-0.07428172156832367
1,1,457363.4609661517,-0.16239999,1.7931224,-0.07450750691134814
1,1,457368.4611624265,-0.16239999,1.792416,-0.07473329183830238
1,1,457373.46135870134,-0.16239999,1.7917669,-0.07495907811046475
1,1,457378.4615549762,-0.16239999,1.7912133,-0.0751848644570609
1,1,457383.461751251,-0.16239999,1.7908888,-0.07541065104879521
1,1,457388.46194752585,-0.16239999,1.790297,-0.07563643611870458
1,1,457393.4621438007,-0.16239999,1.7899152,-0.07586222026578668
1,1,457398.4623400755,-0.16239999,1.7893807,-0.07608800078579452
1,1,457403.4625363499,-0.16239999,1.7888461,-0.07631378338449282
1,1,457408.4627326247,-0.16239999,1.7883116,-0.07653956371936615
1,1,457413.46292889956,-0.16239999,1.7878535,-0.07676534531245463
1,1,457418.4631251744,-0.16239999,1.787548,-0.07699112671836465
1,1,457423.46332144924,-0.16239999,1.7869943,-0.07721690601613124
1,1,457428.46351772407,-0.16239999,1.7863452,-0.07744268385159307
1,1,457433.4637139989,-0.16239999,1.7861162,-0.07766846318860683
1,1,457438.46391027374,-0.16239999,1.7856772,-0.07789423994668987
1,1,457443.4641065486,-0.16239999,1.7852571,-0.07812001786872
1,1,457448.4643028234,-0.16239999,1.7849517,-0.07834579714212567
1,1,457453.46449909825,-0.16239999,1.784379,-0.07857157576333815
1,1,457458.4646953731,-0.16239999,1.783959,-0.07879735406193966
1,1,457463.4648916477,-0.16239999,1.7837873,-0.07902313131845247
1,1,457468.4650879223,-0.16239999,1.7831763,-0.07924891126411243
1,1,457473.4652841969,-0.16239999,1.7830045,-0.07947469240534472
1,1,457478.4654804715,-0.16239999,1.7825845,-0.07970047509847498
1,1,457483.4656767461,-0.16239999,1.7820309,-0.07992625918404013
1,1,457488.4658730207,-0.16239999,1.7817827,-0.08015204455718067
1,1,457493.4660692953,-0.16239999,1.7815346,-0.08037782919487771
1,1,457498.4662655699,-0.16239999,1.7811909,-0.08060361475802047
1,1,457503.4664618445,-0.16239999,1.7807137,-0.08082940174883356
1,1,457508.4666581191,-0.16239999,1.7803891,-0.08105518896510866
1,1,457513.46685439383,-0.16239999,1.7802173,-0.08128097439516915
1,1,457518.46705066855,-0.16239999,1.7800264,-0.08150675734914094
1,1,457523.46724694327,-0.16239999,1.7795682,-0.08173254134940355
1,1,457528.4674432182,-0.16239999,1.7796065,-0.08195832326478428
1,1,457533.46763949294,-0.16239999,1.779091,-0.08218410556520853
1,1,457538.46783576766,-0.16239999,1.7788428,-0.08240988938569443
1,1,457543.4680320424,-0.16239999,1.778652,-0.08263567353036007
1,1,457548.4682283171,-0.16239999,1.7783464,-0.0828614589566158
1,1,457553.4684245918,-0.16239999,1.7782701,-0.08308724625788795
1,1,457558.46862086654,-0.16239999,1.7778883,-0.08331303171416456
1,1,457563.46881714126,-0.16239999,1.7774874,-0.08353881392887236
1,1,457568.469013416,-0.16239999,1.7772583,-0.08376459772668449
1,1,457573.4692096907,-0.16239999,1.7769719,-0.0839903797907995
1,1,457578.46940596536,-0.16239999,1.7767429,-0.08421616168011975
1,1,457583.4696022401,-0.16239999,1.7765138,-0.08444194190204063
1,1,457588.46979851474,-0.16239999,1.7763802,-0.0846677245594702
1,1,457593.46999478934,-0.16239999,1.7760938,-0.08489350628230061
1,1,457598.47019106406,-0.16239999,1.7759029,-0.08511929150364715
1,1,457603.4703873388,-0.16239999,1.775712,-0.08534507776855928
1,1,457608.4705836135,-0.16239999,1.7756356,-0.08557086413189191
1,1,457613.4707798881,-0.16239999,1.775521,-0.0857966495673102
1,1,457618.4709761627,-0.16239999,1.7750248,-0.08602243530424769
1,1,457623.4711724373,-0.16239999,1.774853,-0.08624821878223454
1,1,457628.4713687119,-0.16239999,1.7747575,-0.08647400170831218
1,1,457633.4715649865,-0.16239999,1.7746048,-0.08669978804814651
1,1,457638.4717612611,-0.16239999,1.7743566,-0.08692557428780696
1,1,457643.4719575357,-0.16239999,1.7742611,-0.08715135668972053
1,1,457648.4721538103,-0.16239999,1.7741275,-0.08737713934647044
1,1,457653.4723500849,-0.16239999,1.7739557,-0.08760292252199435
1,1,457658.4725463595,-0.16239999,1.7737457,-0.08782870462924325
1,1,457663.47274263436,-0.16239999,1.773612,-0.08805448820640063
1,1,457668.4729389092,-0.16239999,1.7734402,-0.08828027226647403
1,1,457673.47313518357,-0.16239999,1.773383,-0.08850605436703479
1,1,457678.4733314584,-0.16239999,1.773173,-0.08873183812603189
1,1,457683.47352773324,-0.16239999,1.7728676,-0.08895762229508161
1,1,457688.4737240081,-0.16239999,1.7728676,-0.08918340428764042
1,1,457693.4739202829,-0.16239999,1.7724667,-0.08940918872521653
1,1,457698.47411655774,-0.16239999,1.772543,-0.08963497590297627
1,1,457703.4743128326,-0.16239999,1.7724857,-0.08986076347798938
1,1,457708.4745091074,-0.16239999,1.7723902,-0.0900865493518553
1,1,457713.47470538225,-0.16239999,1.7721994,-0.0903123352649245
1,1,457718.4749016571,-0.16239999,1.7719703,-0.09053812027181354
1,1,457723.4750979319,-0.16239999,1.7718749,-0.09076390278203786
1,1,457728.47529420676,-0.16239999,1.7719893,-0.09098968507988668
1,1,457733.4754904816,-0.16239999,1.7717985,-0.09121546885288176
1,1,457738.4756867564,-0.16239999,1.7714931,-0.09144125128422595
1,1,457743.47588303126,-0.16239999,1.7715122,-0.0916670337261359
1,1,457748.4760793061,-0.16239999,1.7712067,-0.09189281523891042
1,1,457753.47627558094,-0.16239999,1.7710539,-0.09211859784236302
1,1,457758.47647185577,-0.16239999,1.7710348,-0.09234437948179908
1,1,457763.4766681306,-0.16239999,1.7710158,-0.09257016210135321
1,1,457768.476864405,-0.16239999,1.7707868,-0.09279594482633224
1,1,457773.47706067935,-0.16239999,1.7707485,-0.09302172846427395
1,1,457778.4772569537,-0.16239999,1.7705958,-0.0932475129465403
1,1,457783.4774532281,-0.16239999,1.7704431,-0.09347329795241523
1,1,457788.47764950246,-0.16239999,1.7703859,-0.09369907864639992
1,1,457793.4778457768,-0.16239999,1.7705003,-0.09392486214538003
1,1,457798.4780420512,-0.16239999,1.7704622,-0.09415064697397502
1,1,457803.47823832557,-0.16239999,1.7702713,-0.09437642992756848
1,1,457808.47843459994,-0.16239999,1.7700231,-0.09460221262560951
1,1,457813.4786308743,-0.16239999,1.7701758,-0.09482799403234489
1,1,457818.4788271487,-0.16239999,1.7700422,-0.09505377555118916
1,1,457823.47902342305,-0.16239999,1.7698321,-0.09527955359251053
1,1,457828.4792196974,-0.16239999,1.7696222,-0.095505331908029
1,1,457833.4794159718,-0.16239999,1.7696222,-0.09573111055367027
1,1,457838.47961224616,-0.16239999,1.7696985,-0.09595688860027576
1,1,457843.4798085205,-0.16239999,1.7697749,-0.09618267080377127
1,1,457848.4800047949,-0.16239999,1.769794,-0.09640845334474331
1,1,457853.48020106927,-0.16239999,1.7695076,-0.09663423652836765
1,1,457858.48039734364,-0.16239999,1.7695649,-0.09686001927425715
1,1,457863.480593618,-0.16239999,1.7693359,-0.0970858008376708
1,1,457868.4807898924,-0.16239999,1.7692977,-0.09731158114593562
1,1,457873.48098616675,-0.16239999,1.7693549,-0.0975373613856046
1,1,457878.4811824411,-0.16239999,1.7693168,-0.09776314306621836
1,1,457883.4813787155,-0.16239999,1.7692213,-0.0979889271099162
1,1,457888.48157498986,-0.16239999,1.7692213,-0.09821471128786938
1,1,457893.4817712642,-0.16239999,1.7691449,-0.09844049455770439
1,1,457898.4819675386,-0.16239999,1.7688968,-0.09866627825759187
1,1,457903.48216381297,-0.16239999,1.7691067,-0.09889206313757352
1,1,457908.48236008734,-0.16239999,1.7690305,-0.099117848089945
1,1,457913.4825563617,-0.16239999,1.7687632,-0.09934363365268047
1,1,457918.4827526361,-0.16239999,1.7689159,-0.09956941888253226
1,1,457923.48294891044,-0.16239999,1.7688395,-0.09979520288010274
1,1,457928.4831451848,-0.16239999,1.7687823,-0.10002098612024968
1,1,457933.4833414592,-0.16239999,1.7687823,-0.1002467697822311
1,1,457938.48353773355,-0.16239999,1.7685341,-0.10047255202929511
1,1,457943.4837340079,-0.16239999,1.7687249,-0.10069833439699148
1,1,457948.4839302823,-0.16239999,1.7685722,-0.10092411744577605
1,1,457953.48412655666,-0.16239999,1.7685913,-0.1011499015337618
1,1,457958.48432283103,-0.16239999,1.7684004,-0.10137568627046381
1,1,457963.4845191054,-0.16239999,1.7684959,-0.1016014679043293
1,1,457968.4847153798,-0.16239999,1.7685722,-0.10182724685814067
1,1,457973.48491165414,-0.16239999,1.7685341,-0.10205302496697423
1,1,457978.4851079285,-0.16239999,1.7684959,-0.10227880154305118
1,1,457983.4853042029,-0.16239999,1.7684959,-0.10250457753630894
1,1,457988.48550047725,-0.16239999,1.7684959,-0.1027303584379852
1,1,457993.4856967516,-0.16239999,1.7682477,-0.10295613884153053
1,1,457998.485893026,-0.16239999,1.7681141,-0.10318191978857999
1,1,458003.48608930036,-0.16239999,1.7681332,-0.10340770182961476
1,1,458008.48628557473,-0.16239999,1.7680568,-0.1036334870767519
1,1,458013.4864818491,-0.16239999,1.7681332,-0.1038592718104149
1,1,458018.4866781235,-0.16239999,1.7681904,-0.10408505624977003
1,1,458023.48687439784,-0.16239999,1.7680758,-0.1043108379129039
1,1,458028.4870706722,-0.16239999,1.7679422,-0.10453661660525948
1,1,458033.4872669466,-0.16239999,1.7680377,-0.10476239573326625
1,1,458038.48746322095,-0.16239999,1.7680186,-0.10498817593331967
1,1,458043.4876594953,-0.16239999,1.7679231,-0.10521395675995947
1,1,458048.4878557697,-0.16239999,1.7679231,-0.10543973964748947
1,1,458053.48805204406,-0.16239999,1.7677704,-0.1056655216486123
1,1,458058.48824831843,-0.16239999,1.7678659,-0.10589130471301576
1,1,458063.4884445928,-0.16239999,1.7678087,-0.10611708425349743
1,1,458068.4886408672,-0.16239999,1.7678659,-0.10634286531696635
1,1,458073.48883714154,-0.16239999,1.7677132,-0.10656864819625435
1,1,458078.4890334159,-0.16239999,1.7677132,-0.10679442914039146
1,1,458083.4892296903,-0.16239999,1.7677895,-0.10702021107493839
1,1,458088.48942596465,-0.16239999,1.7677704,-0.1072459927406129
1,1,458093.489622239,-0.16239999,1.7678277,-0.10747177551240888
1,1,458098.4898185134,-0.16239999,1.7675605,-0.10769755630614194
1,1,458103.49001478776,-0.16239999,1.7676368,-0.10792333676095224
1,1,458108.49021106213,-0.16239999,1.7675605,-0.10814911734244972
1,1,458113.4904073365,-0.16239999,1.7677132,-0.10837490088305374
1,1,458118.4906036109,-0.16239999,1.7675796,-0.10860068410556101
1,1,458123.49079988524,-0.16239999,1.7676368,-0.10882646786847379
1,1,458128.4909961596,-0.16239999,1.7675222,-0.10905225258699307
1,1,458133.491192434,-0.16239999,1.767675,-0.1092780336690992
1,1,458138.49138870835,-0.16239999,1.767675,-0.10950381387023296
1,1,458143.4915849827,-0.16239999,1.7675796,-0.1097295959116386
1,1,458148.4917812571,-0.16239999,1.7676558,-0.10995537569337255
1,1,458153.49197753146,-0.16239999,1.7676941,-0.11018115381037444
1,1,458158.49217380583,-0.16239999,1.7675222,-0.11040693200208081
1,1,458163.49237008067,-0.16239999,1.7676177,-0.1106327082659511
1,1,458168.4925663555,-0.16239999,1.767465,-0.11085848523486654
1,1,458173.49276263034,-0.16239999,1.767465,-0.11108426030286732
1,1,458178.4929589052,-0.16239999,1.7674459,-0.11131003511088589
1,1,458183.49315518,-0.16239999,1.7673314,-0.11153581168411919
1,1,458188.49335145485,-0.16239999,1.7672741,-0.11176158658720055
1,1,458193.4935477297,-0.16239999,1.7673504,-0.11198736039090652
1,1,458198.4937440045,-0.16239999,1.7671977,-0.11221313421410073
1,1,458203.49394027935,-0.16239999,1.7673314,-0.1124389082492772
1,1,458208.4941365542,-0.16239999,1.7672359,-0.11266468289545344
1,1,458213.494332829,-0.16239999,1.7671596,-0.11289046017952098
1,1,458218.49452910386,-0.16239999,1.7672359,-0.11311623520229426
1,1,458223.4947253787,-0.16239999,1.7672741,-0.11334201001401246
1,1,458228.49492165353,-0.16239999,1.7671596,-0.11356778679279074
1,1,458233.49511792837,-0.16239999,1.7672359,-0.11379356314868068
1,1,458238.4953142032,-0.16239999,1.7674078,-0.1140193385521273
1,1,458243.49551047804,-0.16239999,1.7670641,-0.11424511331658813
1,1,458248.4957067529,-0.16239999,1.7672168,-0.11447089169119053
1,1,458253.4959030277,-0.16239999,1.7670832,-0.11469666876899122
1,1,458258.4960993023,-0.16239999,1.7673314,-0.11492244622286908
1,1,458263.4962955769,-0.16239999,1.7673123,-0.1151482239035691
1,1,458268.49649185175,-0.16239999,1.7671977,-0.11537400027649769
1,1,458273.49668812635,-0.16239999,1.7672932,-0.11559977431164767
1,1,458278.49688440096,-0.16239999,1.7672741,-0.1158255486209666
1,1,458283.49708067556,-0.16239999,1.7673123,-0.11605132424130293
1,1,458288.49727695016,-0.16239999,1.7672932,-0.11627709988641576
1,1,458293.49747322476,-0.16239999,1.7672359,-0.1165028746992888
1,1,458298.49766949937,-0.16239999,1.7672741,-0.11672865344256249
1,1,458303.49786577397,-0.16239999,1.7671787,-0.11695443133168919
1,1,458308.4980620487,-0.16239999,1.7671977,-0.11718021084705246
1,1,458313.4982583234,-0.16239999,1.7671022,-0.11740599218959365
1,1,458318.4984545981,-0.16239999,1.7671596,-0.11763177479072995
1,1,458323.49865087285,-0.16239999,1.7671787,-0.11785756084468137
1,1,458328.49884714757,-0.16239999,1.7671022,-0.11808334570233445
1,1,458333.49904342217,-0.16239999,1.767045,-0.1183091297561121
1,1,458338.4992396969,-0.16239999,1.7670832,-0.11853491229302357
1,1,458343.4994359716,-0.16239999,1.767045,-0.11876069498767873
1,1,458348.4996322463,-0.16239999,1.7670641,-0.11898647734259156
1,1,458353.49982852105,-0.16239999,1.7671405,-0.1192122604097948
1,1,458358.50002479577,-0.16239999,1.7670832,-0.119438044725265
1,1,458363.5002210704,-0.16239999,1.7669305,-0.11966382849093697
1,1,458368.50041734515,-0.16239999,1.767026,-0.11988961488596189
1,1,458373.50061361986,-0.16239999,1.7670069,-0.12011540005451694
1,1,458378.5008098946,-0.16239999,1.7669877,-0.12034118523276272
1,1,458383.50100616924,-0.16239999,1.766835,-0.12056697300493142
1,1,458388.50120244396,-0.16239999,1.766854,-0.12079275927994405
1,1,458393.5013987187,-0.16239999,1.7667778,-0.12101854499552073
1,1,458398.5015949934,-0.16239999,1.7668732,-0.12124433047483453
1,1,458403.5017912681,-0.16239999,1.7668159,-0.1214701175160392
1,1,458408.5019875427,-0.16239999,1.7669305,-0.12169590362411743
1,1,458413.50218381686,-0.16239999,1.7669305,-0.12192168875693453
1,1,458418.50238009146,-0.16239999,1.7668923,-0.1221474756604682
1,1,458423.50257636607,-0.16239999,1.7668732,-0.12237326270516968
1,1,458428.50277264067,-0.16239999,1.766835,-0.12259904871596651
1,1,458433.5029689153,-0.16239999,1.7667778,-0.12282483441535887
1,1,458438.5031651899,-0.16239999,1.7668923,-0.12305062330742186
1,1,458443.5033614645,-0.16239999,1.7668159,-0.12327640918830954
1,1,458448.5035577391,-0.16239999,1.7668923,-0.12350219841828618
1,1,458453.5037540137,-0.16239999,1.7665677,-0.12372798536568473
1,1,458458.5039502885,-0.16239999,1.7667013,-0.12395377049577491
1,1,458463.50414656335,-0.16239999,1.7667587,-0.12417955512519684
1,1,458468.5043428382,-0.16239999,1.766854,-0.12440533824518743
1,1,458473.504539113,-0.16239999,1.766625,-0.12463112092745973
1,1,458478.50473538786,-0.16239999,1.766625,-0.12485690506532877
1,1,458483.5049316627,-0.16239999,1.7667013,-0.12508268923086763
1,1,458488.50512793753,-0.16239999,1.7666823,-0.12530847279175544
1,1,458493.50532421237,-0.16239999,1.7666823,-0.12553425697729909
1,1,458498.5055204872,-0.16239999,1.7667396,-0.12576003948050246
1,1,458503.50571676204,-0.16239999,1.7667396,-0.12598582344502962
1,1,458508.5059130369,-0.16239999,1.7666823,-0.12621160874495993
1,1,458513.5061093117,-0.16239999,1.7667204,-0.12643739292422523
1,1,458518.50630558655,-0.16239999,1.7667396,-0.12666317627722198
1,1,458523.5065018614,-0.16239999,1.766625,-0.12688896054604326
1,1,458528.5066981362,-0.16239999,1.7666632,-0.12711474562559286
1,1,458533.50689441105,-0.16239999,1.7666632,-0.12734052980658503
1,1,458538.5070906859,-0.16239999,1.7667587,-0.1275663173997287
1,1,458543.5072869607,-0.16239999,1.7667968,-0.12779210320668177
1,1,458548.50748323556,-0.16239999,1.7667587,-0.1280178838957946
1,1,458553.5076795104,-0.16239999,1.7667778,-0.1282436661779078
1,1,458558.50787578523,-0.16239999,1.7667013,-0.1284694482549173
1,1,458563.5080720596,-0.16239999,1.7667778,-0.12869523270917524
1,1,458568.508268334,-0.16239999,1.7666823,-0.12892101673673512
1,1,458573.50846460834,-0.16239999,1.7667396,-0.12914680007739784
1,1,458578.5086608827,-0.16239999,1.7668159,-0.12937258235624108
1,1,458583.5088571571,-0.16239999,1.766835,-0.12959836781639694
1,1,458588.50905343145,-0.16239999,1.7670069,-0.12982415318502077
1,1,458593.5092497058,-0.16239999,1.766854,-0.13004993714644186
1,1,458598.5094459802,-0.16239999,1.766835,-0.13027571939764013
1,1,458603.50964225456,-0.16239999,1.7668923,-0.13050150333594288
1,1,458608.50983852893,-0.16239999,1.7666823,-0.13072728610097706
1,1,458613.5100348033,-0.16239999,1.766625,-0.13095306938227272
1,1,458618.5102310777,-0.16239999,1.766606,-0.1311788572815235
1,1,458623.51042735204,-0.16239999,1.7666823,-0.1314046458872814
1,1,458628.5106236264,-0.16239999,1.7666441,-0.13163043706760647
1,1,458633.5108199008,-0.16239999,1.7667013,-0.13185622724832602
1,1,458638.51101617515,-0.16239999,1.7666632,-0.13208201787280216
1,1,458643.5112124495,-0.16239999,1.7666632,-0.1323078079194982
1,1,458648.5114087239,-0.16239999,1.7667013,-0.13253359814131765
1,1,458653.51160499826,-0.16239999,1.7667204,-0.13275938689261518
1,1,458658.51180127263,-0.16239999,1.7666823,-0.13298517345393043
1,1,458663.511997547,-0.16239999,1.7666632,-0.13321096051000397
1,1,458668.51219382137,-0.16239999,1.7666441,-0.1334367468282871
1,1,458673.51239009574,-0.16239999,1.7665105,-0.13366253337620787
1,1,458678.5125863701,-0.16239999,1.7665868,-0.13388831664055842
1,1,458683.5127826445,-0.16239999,1.766606,-0.13411410036051943
1,1,458688.51297891885,-0.16239999,1.7665486,-0.13433988477834155
1,1,458693.5131751932,-0.16239999,1.7664723,-0.13456566902203615
1,1,458698.5133714676,-0.16239999,1.7664914,-0.13479145359935782
1,1,458703.51356774196,-0.16239999,1.7665296,-0.13501723909315388
1,1,458708.51376401633,-0.16239999,1.7663196,-0.13524302121837276
1,1,458713.5139602907,-0.16239999,1.7664914,-0.13546880296395722
1,1,458718.51415656507,-0.16239999,1.7664914,-0.13569458341022997
1,1,458723.51435283944,-0.16239999,1.7664723,-0.13592036702516097
1,1,458728.5145491138,-0.16239999,1.7664914,-0.13614615077841946
1,1,458733.5147453882,-0.16239999,1.7664914,-0.13637193292592717
1,1,458738.51494166255,-0.16239999,1.7665105,-0.13659771415421534
1,1,458743.5151379369,-0.16239999,1.7665296,-0.1368234956649004
1,1,458748.5153342113,-0.16239999,1.7663387,-0.13704927608927342
1,1,458753.51553048566,-0.16239999,1.7663959,-0.13727505645177515
1,1,458758.51572676003,-0.16239999,1.7663387,-0.13750083444126532
1,1,458763.5159230344,-0.16239999,1.7663769,-0.13772661091473204
1,1,458768.51611930877,-0.16239999,1.7665105,-0.13795239089040295
1,1,458773.51631558314,-0.16239999,1.7662051,-0.13817816988281081
1,1,458778.5165118575,-0.16239999,1.7663387,-0.13840394821743587
1,1,458783.5167081319,-0.16239999,1.7663004,-0.13862972676901192
1,1,458788.51690440625,-0.16239999,1.7663578,-0.13885550721847434
1,1,458793.5171006806,-0.16239999,1.7663387,-0.13908128700176214
1,1,458798.517296955,-0.16239999,1.7665105,-0.13930706510539934
1,1,458803.51749322936,-0.16239999,1.7663387,-0.13953284484300185
1,1,458808.51768950373,-0.16239999,1.7663387,-0.13975862334247102
1,1,458813.5178857781,-0.16239999,1.7663959,-0.1399844026961625
1,1,458818.51808205247,-0.16239999,1.7663004,-0.14021018310884803
1,1,458823.51827832684,-0.16239999,1.7663769,-0.14043596328128546
1,1,458828.5184746012,-0.16239999,1.7664723,-0.14066174677981771
1,1,458833.5186708756,-0.16239999,1.766415,-0.14088753179814753
1,1,458838.51886714995,-0.16239999,1.7663578,-0.1411133177586455
1,1,458843.5190634243,-0.16239999,1.766415,-0.1413391002341882
1,1,458848.5192596987,-0.16239999,1.7661096,-0.14156488367353384
1,1,458853.51945597306,-0.16239999,1.7663004,-0.14179066650545769
1,1,458858.5196522474,-0.16239999,1.7663196,-0.14201645038890431
1,1,458863.5198485218,-0.16239999,1.7662432,-0.14224223308099398
1,1,458868.52004479617,-0.16239999,1.7663196,-0.1424680129813213
1,1,458873.52024107054,-0.16239999,1.766186,-0.14269379144934075
1,1,458878.5204373449,-0.16239999,1.7664341,-0.1429195710903117
1,1,458883.5206336193,-0.16239999,1.7662432,-0.1431453511297389
1,1,458888.52082989365,-0.16239999,1.7661477,-0.14337113338634874
1,1,458893.521026168,-0.16239999,1.7661668,-0.14359691318638299
1,1,458898.5212224424,-0.16239999,1.7660714,-0.14382269272398376
1,1,458903.52141871676,-0.16239999,1.7662623,-0.1440484722135225
1,1,458908.5216149911,-0.16239999,1.7660714,-0.14427425062324112
1,1,458913.5218112655,-0.16239999,1.7662623,-0.1445000293781435
1,1,458918.52200753987,-0.16239999,1.7662051,-0.14472580711513264
1,1,458923.52220381424,-0.16239999,1.766186,-0.14495158710920647
1,1,458928.5224000886,-0.16239999,1.7662814,-0.1451773673131822
1,1,458933.522596363,-0.16239999,1.7662051,-0.14540314951602537
1,1,458938.52279263735,-0.16239999,1.7663959,-0.14562893043430233
1,1,458943.5229889117,-0.16239999,1.7661477,-0.1458547118585805
1,1,458948.5231851861,-0.16239999,1.7661096,-0.14608049228785683
1,1,458953.52338146046,-0.16239999,1.7661668,-0.146306270675208
1,1,458958.5235777353,-0.16239999,1.7660714,-0.14653204727095281
1,1,458963.52377401013,-0.16239999,1.7661287,-0.14675782512969274
1,1,458968.52397028496,-0.16239999,1.7660141,-0.14698360293955604
1,1,458973.5241665598,-0.16239999,1.7660714,-0.14720937823192776
1,1,458978.52436283464,-0.16239999,1.7660714,-0.14743515271153715
1,1,458983.5245591095,-0.16239999,1.7661287,-0.14766092756442145
1,1,458988.5247553843,-0.16239999,1.7662051,-0.14788670384682134
1,1,458993.52495165914,-0.16239999,1.7661477,-0.1481124811199506
1,1,458998.525147934,-0.16239999,1.7660714,-0.1483382610008468
1,1,459003.5253442088,-0.16239999,1.7660905,-0.14856404388159758
1,1,459008.52554048365,-0.16239999,1.7660905,-0.14878982573828015
1,1,459013.5257367585,-0.16239999,1.7660141,-0.1490156028804464
1,1,459018.5259330333,-0.16239999,1.766186,-0.14924137705851012
1,1,459023.52612930816,-0.16239999,1.7660332,-0.14946715243933512
1,1,459028.526325583,-0.16239999,1.7661477,-0.14969292779527602
1,1,459033.5265218578,-0.16239999,1.7660141,-0.14991870379741984
1,1,459038.52671813266,-0.16239999,1.7660332,-0.15014448162967625
1,1,459043.5269144075,-0.16239999,1.7661096,-0.15037025707284274
1,1,459048.52711068233,-0.16239999,1.7660141,-0.15059603567111157
1,1,459053.52730695717,-0.16239999,1.7660332,-0.15082181388506288
1,1,459058.5275032318,-0.16239999,1.7658995,-0.15104759297229842
1,1,459063.5276995064,-0.16239999,1.7659187,-0.15127337069718783
1,1,459068.527895781,-0.16239999,1.765976,-0.15149914789568297
1,1,459073.5280920556,-0.16239999,1.7658423,-0.15172492355708855
1,1,459078.5282883302,-0.16239999,1.765995,-0.15195069866862143
1,1,459083.5284846048,-0.16239999,1.7660332,-0.15217647443682944
1,1,459088.5286808794,-0.16239999,1.765976,-0.15240224901476498
1,1,459093.528877154,-0.16239999,1.7660141,-0.1526280260780685
1,1,459098.5290734286,-0.16239999,1.7658423,-0.15285380375920726
1,1,459103.5292697032,-0.16239999,1.7658995,-0.15307958346537992
1,1,459108.5294659779,-0.16239999,1.7658805,-0.15330536169280437
1,1,459113.52966225264,-0.16239999,1.7657659,-0.15353113782825648
1,1,459118.52985852736,-0.16239999,1.7657851,-0.15375691177744497
1,1,459123.5300548021,-0.16239999,1.7657659,-0.15398268684470814
1,1,459128.5302510768,-0.16239999,1.7658232,-0.15420846220852016
1,1,459133.5304473515,-0.16239999,1.7658995,-0.1544342374816495
1,1,459138.53064362623,-0.16239999,1.7657468,-0.15466001570687768
1,1,459143.53083990095,-0.16239999,1.7658042,-0.15488579311338807
1,1,459148.5310361752,-0.16239999,1.7657468,-0.15511157163028
1,1,459153.5312324499,-0.16239999,1.7658232,-0.15533734852786604
1,1,459158.5314287246,-0.16239999,1.7657851,-0.15556312838292777
1,1,459163.5316249993,-0.16239999,1.7657851,-0.1557889111726209
1,1,459168.531821274,-0.16239999,1.7658042,-0.15601469271412322
1,1,459173.53201754874,-0.16239999,1.765575,-0.15624047261876609
1,1,459178.53221382346,-0.16239999,1.7656323,-0.15646625120599977
1,1,459183.5324100981,-0.16239999,1.7655369,-0.15669202773988655
1,1,459188.53260637284,-0.16239999,1.7656515,-0.15691780528161006
1,1,459193.53280264756,-0.16239999,1.7657659,-0.15714358418698188
1,1,459198.5329989223,-0.16239999,1.7657278,-0.15736936327123055
1,1,459203.533195197,-0.16239999,1.7657278,-0.15759514264121313
1,1,459208.5333914717,-0.16239999,1.7656132,-0.15782092161625866
1,1,459213.5335877463,-0.16239999,1.7656896,-0.15804670227034218
1,1,459218.5337840209,-0.16239999,1.7656323,-0.1582724805200414
1,1,459223.5339802955,-0.16239999,1.7658423,-0.1584982601436351
1,1,459228.53417657013,-0.16239999,1.7657087,-0.15872403788132544
1,1,459233.53437284473,-0.16239999,1.765575,-0.1589498139810346
1,1,459238.53456911934,-0.16239999,1.7655941,-0.15917559040108398
1,1,459243.53476539394,-0.16239999,1.7654986,-0.15940136847522765
1,1,459248.53496166854,-0.16239999,1.765575,-0.1596271473344986
1,1,459253.53515794314,-0.16239999,1.765575,-0.15985292503715218
1,1,459258.535354218,-0.16239999,1.7656323,-0.16007870178948255
1,1,459263.5355504928,-0.16239999,1.7654605,-0.1603044773139266
1,1,459268.53574676765,-0.16239999,1.7654414,-0.16053025264555956
1,1,459273.5359430425,-0.16239999,1.7654033,-0.16075602903826117
1,1,459278.5361393173,-0.16239999,1.7653459,-0.16098180587925592
1,1,459283.53633559216,-0.16239999,1.7654986,-0.16120758175816713
1,1,459288.536531867,-0.16239999,1.7653842,-0.1614333584074063
1,1,459293.53672814183,-0.16239999,1.7654033,-0.16165913367536247
1,1,459298.53692441666,-0.16239999,1.7652887,-0.16188491072759278
1,1,459303.5371206915,-0.16239999,1.7654414,-0.16211068858531613
1,1,459308.53731696634,-0.16239999,1.765365,-0.16233646572109145
1,1,459313.5375132412,-0.16239999,1.7653078,-0.16256224440926312
1,1,459318.537709516,-0.16239999,1.7652123,-0.16278802139212023
1,1,459323.53790579084,-0.16239999,1.7654223,-0.16301379708190838
1,1,459328.5381020657,-0.16239999,1.7652506,-0.1632395770679141
1,1,459333.5382983405,-0.16239999,1.7653269,-0.16346535744585095
1,1,459338.53849461535,-0.16239999,1.7653078,-0.16369113670193483
1,1,459343.5386908902,-0.16239999,1.7652123,-0.16391691555743246
1,1,459348.538887165,-0.16239999,1.7652506,-0.1641426963197307
1,1,459353.53908343986,-0.16239999,1.7651742,-0.1643684790182262
1,1,459358.5392797142,-0.16239999,1.7652696,-0.164594260225315
1,1,459363.5394759886,-0.16239999,1.7652506,-0.16482004042426657
1,1,459368.53967226297,-0.16239999,1.7651169,-0.16504582268754553
1,1,459373.53986853734,-0.16239999,1.7652314,-0.1652715981497052
1,1,459378.5400648117,-0.16239999,1.7651742,-0.16549737246967267
1,1,459383.5402610861,-0.16239999,1.765136,-0.16572314879065747
1,1,459388.54045736045,-0.16239999,1.7650596,-0.16594892493930538
1,1,459393.5406536348,-0.16239999,1.765136,-0.16617469956966321
1,1,459398.5408499092,-0.16239999,1.7651742,-0.16640047443772354
1,1,459403.54104618356,-0.16239999,1.7650977,-0.16662624926367484
1,1,459408.5412424579,-0.16239999,1.7651169,-0.16685202594060036
1,1,459413.5414387323,-0.16239999,1.765136,-0.16707780320697277
1,1,459418.54163500667,-0.16239999,1.7651169,-0.1673035800398638
1,1,459423.54183128104,-0.16239999,1.7650596,-0.16752935599673044
1,1,459428.5420275554,-0.16239999,1.7650787,-0.16775513041785362
1,1,459433.5422238298,-0.16239999,1.7649833,-0.16798090368662197
1,1,459438.54242010415,-0.16239999,1.7650214,-0.16820668147893666
1,1,459443.5426163785,-0.16239999,1.7650405,-0.16843246091532543
1,1,459448.5428126529,-0.16239999,1.7650977,-0.16865824131716872
1,1,459453.54300892726,-0.16239999,1.7651932,-0.16888402582484238
1,1,459458.5432052016,-0.16239999,1.7650977,-0.1691098111427849
1,1,459463.543401476,-0.16239999,1.7649641,-0.16933559555459524
1,1,459468.54359775037,-0.16239999,1.764945,-0.16956137806553315
1,1,459473.54379402474,-0.16239999,1.7648878,-0.16978716081108156
1,1,459478.5439902991,-0.16239999,1.764945,-0.17001294070226536
1,1,459483.5441865735,-0.16239999,1.7649069,-0.1702387209266358
1,1,459488.54438284785,-0.16239999,1.7648306,-0.17046450222565318
1,1,459493.5445791222,-0.16239999,1.7647923,-0.17069028330432212
1,1,459498.5447753966,-0.16239999,1.7649069,-0.17091606536700166
1,1,459503.54497167096,-0.16239999,1.7648878,-0.17114184522807685
1,1,459508.5451679453,-0.16239999,1.7648878,-0.17136762421332055
1,1,459513.5453642197,-0.16239999,1.7647923,-0.17159340337247736
1,1,459518.54556049407,-0.16239999,1.764945,-0.17181918176581962
1,1,459523.54575676844,-0.16239999,1.7648497,-0.17204495986084228
1,1,459528.5459530428,-0.16239999,1.7649069,-0.17227074033344042
1,1,459533.5461493172,-0.16239999,1.7648306,-0.17249652271628382
1,1,459538.54634559155,-0.16239999,1.7648114,-0.17272230389966983
1,1,459543.5465418659,-0.16239999,1.7646396,-0.17294808256647407
1,1,459548.5467381403,-0.16239999,1.7647542,-0.17317386316812455
1,1,459553.54693441465,-0.16239999,1.7647542,-0.17339964639623962
1,1,459558.547130689,-0.16239999,1.764716,-0.17362542957602195
1,1,459563.5473269634,-0.16239999,1.7647542,-0.1738512098814307
1,1,459568.54752323776,-0.16239999,1.7646587,-0.17407699352856065
1,1,459573.54771951213,-0.16239999,1.7645633,-0.17430277842899664
1,1,459578.5479157865,-0.16239999,1.764525,-0.1745285620067807
1,1,459583.5481120609,-0.16239999,1.7646015,-0.17475434363668996
1,1,459588.54830833524,-0.16239999,1.7645824,-0.1749801260998175
1,1,459593.5485046096,-0.16239999,1.7644488,-0.17520590814859177
1,1,459598.548700884,-0.16239999,1.7646396,-0.1754316901117986
1,1,459603.54889715835,-0.16239999,1.7644678,-0.17565747275925517
1,1,459608.5490934327,-0.16239999,1.7644869,-0.17588325557268913
1,1,459613.5492897071,-0.16239999,1.7643914,-0.17610904001206495
1,1,459618.54948598146,-0.16239999,1.7644678,-0.17633482598462127
1,1,459623.54968225583,-0.16239999,1.7645824,-0.17656061519344654
1,1,459628.5498785302,-0.16239999,1.7643151,-0.17678640148800204
1,1,459633.5500748046,-0.16239999,1.7643914,-0.17701218653602407
1,1,459638.55027107894,-0.16239999,1.7644488,-0.17723796866834088
1,1,459643.5504673533,-0.16239999,1.7644105,-0.1774637485021254
1,1,459648.5506636277,-0.16239999,1.764506,-0.17768952817114034
1,1,459653.55085990205,-0.16239999,1.7643723,-0.17791530792782378
1,1,459658.5510561764,-0.16239999,1.7644488,-0.17814108698034872
1,1,459663.5512524508,-0.16239999,1.764525,-0.17836686630186363
1,1,459668.55144872516,-0.16239999,1.7642196,-0.1785926457588425
1,1,459673.55164499953,-0.16239999,1.7642196,-0.17881842401637227
1,1,459678.5518412739,-0.16239999,1.7643533,-0.17904420241796068
1,1,459683.5520375483,-0.16239999,1.7642387,-0.1792699787933678
1,1,459688.55223382264,-0.16239999,1.7642196,-0.17949575381141578
1,1,459693.552430097,-0.16239999,1.7642196,-0.1797215276919629
1,1,459698.5526263714,-0.16239999,1.7642196,-0.1799473030427099
1,1,459703.55282264575,-0.16239999,1.7642006,-0.18017307876387742
1,1,459708.5530189201,-0.16239999,1.7642006,-0.18039885285743665
1,1,459713.5532151945,-0.16239999,1.7639524,-0.18062462736004267
1,1,459718.55341146886,-0.16239999,1.7641432,-0.18085040129044494
1,1,459723.55360774323,-0.16239999,1.7639142,-0.1810761758457307
1,1,459728.5538040176,-0.16239999,1.7641432,-0.1813019532830327
1,1,459733.554000292,-0.16239999,1.7640096,-0.18152773125745778
1,1,459738.55419656634,-0.16239999,1.7640288,-0.18175350651298222
1,1,459743.5543928407,-0.16239999,1.7640479,-0.18197928022430182
1,1,459748.5545891151,-0.16239999,1.7640096,-0.18220505591858352
1,1,459753.5547853899,-0.16239999,1.7640479,-0.1824308326312263
1,1,459758.55498166475,-0.16239999,1.7639714,-0.18265660841192066
1,1,459763.5551779396,-0.16239999,1.7639524,-0.18288238755502065
1,1,459768.5553742144,-0.16239999,1.7639142,-0.1831081687401559
1,1,459773.55557048926,-0.16239999,1.7639142,-0.18333394904596947
1,1,459778.5557667641,-0.16239999,1.7639905,-0.18355972646101326
1,1,459783.55596303893,-0.16239999,1.763876,-0.18378550365271512
1,1,459788.55615931377,-0.16239999,1.7639142,-0.18401127810927573
1,1,459793.5563555886,-0.16239999,1.7639142,-0.18423705181011815
1,1,459798.55655186344,-0.16239999,1.7637423,-0.18446282444756157
1,1,459803.5567481383,-0.16239999,1.7637615,-0.18468859446495697
1,1,459808.5569444131,-0.16239999,1.7637042,-0.1849143676516216
1,1,459813.55714068795,-0.16239999,1.7635133,-0.18514014187717695
1,1,459818.5573369628,-0.16239999,1.7635515,-0.1853659180710358
1,1,459823.5575332376,-0.16239999,1.7635133,-0.18559169414921942
1,1,459828.55772951245,-0.16239999,1.7635896,-0.18581746887998127
1,1,459833.5579257873,-0.16239999,1.763647,-0.18604324428384594
1,1,459838.5581220621,-0.16239999,1.7635324,-0.18626902108680465
1,1,459843.55831833696,-0.16239999,1.7634369,-0.18649479821103074
1,1,459848.5585146118,-0.16239999,1.7633797,-0.18672057497664632
1,1,459853.5587108864,-0.16239999,1.7633797,-0.18694635154914946
1,1,459858.558907161,-0.16239999,1.7635133,-0.1871721265863396
1,1,459863.5591034356,-0.16239999,1.7633606,-0.18739789993188372
1,1,459868.5592997102,-0.16239999,1.7633033,-0.18762367716070188
1,1,459873.5594959848,-0.16239999,1.7633033,-0.18784945382872148
1,1,459878.5596922594,-0.16239999,1.7632842,-0.18807523002257204
1,1,459883.559888534,-0.16239999,1.7633033,-0.18830100234483685
1,1,459888.56008480815,-0.16239999,1.763227,-0.1885267764514437
1,1,459893.56028108275,-0.16239999,1.7631506,-0.18875255008322753
1,1,459898.56047735736,-0.16239999,1.7633415,-0.1889783225683082
1,1,459903.5606736321,-0.16239999,1.7632842,-0.18920409499919255
1,1,459908.5608699068,-0.16239999,1.763227,-0.18942986816955198
1,1,459913.5610661815,-0.16239999,1.763246,-0.18965563836836324
1,1,459918.56126245623,-0.16239999,1.7633224,-0.18988140861631522
1,1,459923.56145873095,-0.16239999,1.763246,-0.19010718053664852
1,1,459928.5616550057,-0.16239999,1.7632079,-0.19033295292819877
1,1,459933.5618512804,-0.16239999,1.7633224,-0.19055872558730183
1,1,459938.5620475551,-0.16239999,1.7632079,-0.19078449923784124
1,1,459943.56224382983,-0.16239999,1.7630743,-0.19101026959482004
1,1,459948.56244010455,-0.16239999,1.763036,-0.19123604169651703
1,1,459953.56263637927,-0.16239999,1.7630743,-0.19146181354398284
1,1,459958.562832654,-0.16239999,1.7630934,-0.19168758677694867
1,1,459963.56302892865,-0.16239999,1.7630169,-0.19191335830231923
1,1,459968.56322520337,-0.16239999,1.7630551,-0.19213913070050795
1,1,459973.5634214781,-0.16239999,1.7630743,-0.19236490042312362
1,1,459978.56361775275,-0.16239999,1.7629979,-0.19259067524167897
1,1,459983.56381402747,-0.16239999,1.7629597,-0.1928164495737114
1,1,459988.5640103022,-0.16239999,1.7631124,-0.1930422208245612
1,1,459993.5642065769,-0.16239999,1.7629979,-0.19326799113695325
1,1,459998.5644028516,-0.16239999,1.7630169,-0.19349376063897464
1,1,460003.56459912634,-0.16239999,1.7628833,-0.19371952735194814
1,1,460008.56479540095,-0.16239999,1.7628833,-0.19394529518432835
1,1,460013.5649916758,-0.16239999,1.7628833,-0.19417106524439656
1,1,460018.5651879504,-0.16239999,1.7629215,-0.19439683539482458
1,1,460023.565384225,-0.16239999,1.7628452,-0.19462260509511667
1,1,460028.5655804996,-0.16239999,1.7628261,-0.19484837495991425
1,1,460033.5657767742,-0.16239999,1.7628833,-0.19507414391359193
1,1,460038.5659730488,-0.16239999,1.7628261,-0.19529991257116203
1,1,460043.5661693234,-0.16239999,1.7627497,-0.19552568536570838
1,1,460048.566365598,-0.16239999,1.7627878,-0.19575145710189065
1,1,460053.5665618726,-0.16239999,1.762807,-0.19597723133128803
1,1,460058.56675814744,-0.16239999,1.762597,-0.19620300501037724
1,1,460063.5669544223,-0.16239999,1.7627115,-0.19642877707397197
1,1,460068.5671506971,-0.16239999,1.7625397,-0.19665454773499985
1,1,460073.56734697195,-0.16239999,1.7626925,-0.19688031874767942
1,1,460078.5675432468,-0.16239999,1.7626351,-0.1971060898123806
1,1,460083.5677395216,-0.16239999,1.762616,-0.1973318637846187
1,1,460088.56793579645,-0.16239999,1.762597,-0.19755763615358293
1,1,460093.5681320713,-0.16239999,1.762597,-0.19778340932142738
1,1,460098.5683283461,-0.16239999,1.762616,-0.19800918406995885
1,1,460103.56852462096,-0.16239999,1.762597,-0.19823495580232395
1,1,460108.5687208958,-0.16239999,1.762597,-0.19846072776791127
1,1,460113.56891717063,-0.16239999,1.7626734,-0.1986864992309387
1,1,460118.56911344547,-0.16239999,1.7624252,-0.19891226960007852
1,1,460123.5693097203,-0.16239999,1.7624061,-0.19913804164197882
1,1,460128.56950599514,-0.16239999,1.7624252,-0.19936381489118857
1,1,460133.56970227,-0.16239999,1.7624252,-0.19958958875184346
1,1,460138.5698985448,-0.16239999,1.7623297,-0.19981536092024219
1,1,460143.57009481965,-0.16239999,1.7622342,-0.2000411297320575
1,1,460148.5702910945,-0.16239999,1.7622725,-0.2002668975336726
1,1,460153.57048736885,-0.16239999,1.7623297,-0.20049266772858557
1,1,460158.5706836432,-0.16239999,1.762177,-0.2007184375152961
1,1,460163.5708799176,-0.16239999,1.7621579,-0.20094420617603187
1,1,460168.57107619196,-0.16239999,1.762177,-0.20116997452002605
1,1,460173.57127246633,-0.16239999,1.7622342,-0.20139574228128881
1,1,460178.5714687407,-0.16239999,1.7622151,-0.20162151023720543
1,1,460183.5716650151,-0.16239999,1.7622725,-0.20184727966460012
1,1,460188.57186128944,-0.16239999,1.7621388,-0.20207304823825264
1,1,460193.5720575638,-0.16239999,1.7618906,-0.20229881833229385
1,1,460198.5722538382,-0.16239999,1.7622342,-0.20252458753721256
1,1,460203.57245011255,-0.16239999,1.7621388,-0.20275035719638407
1,1,460208.5726463869,-0.16239999,1.7619288,-0.2029761279960557
1,1,460213.5728426613,-0.16239999,1.7620052,-0.20320189974970296
1,1,460218.57303893566,-0.16239999,1.7618525,-0.20342766703006798
1,1,460223.57323521003,-0.16239999,1.761967,-0.2036534344414018
1,1,460228.5734314844,-0.16239999,1.761986,-0.20387920013591654
1,1,460233.5736277588,-0.16239999,1.7617952,-0.20410496734339584
1,1,460238.57382403314,-0.16239999,1.7619288,-0.20433073649278372
1,1,460243.5740203075,-0.16239999,1.7620243,-0.20455650569627026
1,1,460248.5742165819,-0.16239999,1.7619479,-0.20478227268511726
1,1,460253.57441285625,-0.16239999,1.7618142,-0.20500804101137493
1,1,460258.5746091306,-0.16239999,1.7618142,-0.20523380803343164
1,1,460263.574805405,-0.16239999,1.7618716,-0.20545957719415764
1,1,460268.57500167936,-0.16239999,1.761738,-0.20568534362357696
1,1,460273.57519795373,-0.16239999,1.7618142,-0.2059111061254997
1,1,460278.5753942281,-0.16239999,1.7618906,-0.2061368674501943
1,1,460283.57559050247,-0.16239999,1.761547,-0.20636262851910217
1,1,460288.57578677684,-0.16239999,1.7616043,-0.20658839276577953
1,1,460293.5759830512,-0.16239999,1.761566,-0.2068141552475609
1,1,460298.5761793256,-0.16239999,1.761566,-0.20703992365385682
1,1,460303.57637559995,-0.16239999,1.761738,-0.2072656904247553
1,1,460308.5765718743,-0.16239999,1.7616806,-0.20749145616101813
1,1,460313.5767681487,-0.16239999,1.7613943,-0.20771722097688838
1,1,460318.57696442306,-0.16239999,1.761566,-0.20794298711300402
1,1,460323.57716069743,-0.16239999,1.7615852,-0.20816874879010694
1,1,460328.5773569718,-0.16239999,1.7616615,-0.20839451152269386
1,1,460333.57755324617,-0.16239999,1.7614324,-0.20862027898780267
1,1,460338.57774952054,-0.16239999,1.7613561,-0.20884604700353834
1,1,460343.5779457949,-0.16239999,1.7613752,-0.20907181465080224
1,1,460348.5781420693,-0.16239999,1.7614133,-0.20929758222455624
1,1,460353.57833834365,-0.16239999,1.7614897,-0.20952335146097187
1,1,460358.578534618,-0.16239999,1.7614897,-0.20974911988040154
1,1,460363.5787308924,-0.16239999,1.7612034,-0.20997488841416864
1,1,460368.57892716676,-0.16239999,1.7613752,-0.2102006586774829
1,1,460373.57912344113,-0.16239999,1.7613561,-0.2104264308716507
1,1,460378.5793197155,-0.16239999,1.7612797,-0.21065220126262815
1,1,460383.57951598987,-0.16239999,1.7612797,-0.2108779719238978
1,1,460388.57971226424,-0.16239999,1.7612988,-0.2111037416359179
1,1,460393.5799085386,-0.16239999,1.761318,-0.21132951232017588
1,1,460398.580104813,-0.16239999,1.7612988,-0.21155528212515276
1,1,460403.58030108735,-0.16239999,1.761337,-0.21178105466083946
1,1,460408.5804973617,-0.16239999,1.7611079,-0.2120068314492712
1,1,460413.5806936361,-0.16239999,1.7610888,-0.2122326059480021
1,1,460418.58088991046,-0.16239999,1.7610888,-0.21245837977715762
1,1,460423.58108618483,-0.16239999,1.7609552,-0.21268415159095425
1,1,460428.5812824592,-0.16239999,1.761127,-0.21290992228765468
1,1,460433.58147873357,-0.16239999,1.7610124,-0.21313569308450914
1,1,460438.58167500794,-0.16239999,1.7609934,-0.2133614646028646
1,1,460443.5818712823,-0.16239999,1.7610888,-0.21358723651287387
1,1,460448.5820675567,-0.16239999,1.7611079,-0.21381300719406718
1,1,460453.58226383105,-0.16239999,1.7610315,-0.21403877763607448
1,1,460458.5824601054,-0.16239999,1.7609934,-0.21426454921324978
1,1,460463.5826563798,-0.16239999,1.7609171,-0.2144903215333738
1,1,460468.58285265416,-0.16239999,1.7608216,-0.21471609297811337
1,1,460473.5830489285,-0.16239999,1.7609361,-0.21494186471544635
1,1,460478.5832452029,-0.16239999,1.7608979,-0.2151676338716126
1,1,460483.58344147727,-0.16239999,1.7607452,-0.21539340153553768
1,1,460488.58363775164,-0.16239999,1.7608216,-0.2156191706506438
1,1,460493.583834026,-0.16239999,1.7607452,-0.21584493978903047
1,1,460498.5840303004,-0.16239999,1.7607834,-0.21607070738404013
1,1,460503.58422657475,-0.16239999,1.7607261,-0.216296476915863
1,1,460508.5844228491,-0.16239999,1.7606689,-0.21652224528000438
1,1,460513.5846191235,-0.16239999,1.7607642,-0.21674801440277133
1,1,460518.58481539786,-0.16239999,1.7607452,-0.21697378084635752
1,1,460523.5850116722,-0.16239999,1.7605734,-0.217199551226703
1,1,460528.5852079466,-0.16239999,1.7606498,-0.21742532355917263
1,1,460533.58540422097,-0.16239999,1.7604207,-0.21765109636799262
1,1,460538.58560049534,-0.16239999,1.7605734,-0.21787686708829238
1,1,460543.5857967697,-0.16239999,1.7605162,-0.21810263851773506
1,1,460548.58599304454,-0.16239999,1.7604016,-0.21832840624860195
1,1,460553.5861893194,-0.16239999,1.7605543,-0.21855417097292693
1,1,460558.5863855942,-0.16239999,1.7605162,-0.21877993933009787
1,1,460563.58658186905,-0.16239999,1.7604016,-0.2190057094691886
1,1,460568.5867781439,-0.16239999,1.7605352,-0.21923147965284123
1,1,460573.5869744187,-0.16239999,1.7603061,-0.2194572501096421
1,1,460578.58717069356,-0.16239999,1.7602298,-0.2196830226654023
1,1,460583.5873669684,-0.16239999,1.7603635,-0.21990879483022227
1,1,460588.5875632432,-0.16239999,1.7603061,-0.22013456435289333
1,1,460593.58775951806,-0.16239999,1.7603635,-0.22036033211380093
1,1,460598.5879557929,-0.16239999,1.7603825,-0.22058609988820072
1,1,460603.58815206774,-0.16239999,1.7603061,-0.2208118706524854
1,1,460608.5883483426,-0.16239999,1.7602489,-0.22103764345991544
1,1,460613.5885446174,-0.16239999,1.7601725,-0.22126341447006762
1,1,460618.58874089224,-0.16239999,1.760268,-0.22148918728018982
1,1,460623.5889371666,-0.16239999,1.760268,-0.2217149606077176
1,1,460628.58913344145,-0.16239999,1.760077,-0.22194073135330544
1,1,460633.5893297163,-0.16239999,1.7601725,-0.22216650347425723
1,1,460638.5895259911,-0.16239999,1.7601534,-0.22239227238403111
1,1,460643.58972226596,-0.16239999,1.7600962,-0.22261804088836015
1,1,460648.58991854056,-0.16239999,1.760077,-0.22284380867093653
1,1,460653.59011481516,-0.16239999,1.7601343,-0.22306957680222492
1,1,460658.59031108976,-0.16239999,1.7600389,-0.2232953462650819
1,1,460663.59050736437,-0.16239999,1.7600389,-0.22352111571551214
1,1,460668.59070363897,-0.16239999,1.7602298,-0.2237468850871111
1,1,460673.5908999136,-0.16239999,1.7600198,-0.22397265284696902
1,1,460678.5910961882,-0.16239999,1.7600198,-0.22419842059624379
1,1,460683.5912924628,-0.16239999,1.7600579,-0.2244241872563513
1,1,460688.5914887374,-0.16239999,1.7599626,-0.2246499525619954
1,1,460693.591685012,-0.16239999,1.7597144,-0.22487571874376489
1,1,460698.5918812867,-0.16239999,1.7597716,-0.22510148526493232
1,1,460703.5920775614,-0.16239999,1.7599816,-0.22532725252836053
1,1,460708.59227383614,-0.16239999,1.7598671,-0.225553021061693
1,1,460713.59247011086,-0.16239999,1.7597716,-0.22577878852576286
1,1,460718.5926663856,-0.16239999,1.7596761,-0.2260045551852412
1,1,460723.5928626603,-0.16239999,1.7597525,-0.22623032564915488
1,1,460728.593058935,-0.16239999,1.7597144,-0.22645609546876966
1,1,460733.59325520974,-0.16239999,1.7596953,-0.22668186725765155
1,1,460738.59345148446,-0.16239999,1.759657,-0.22690763899820895
1,1,460743.5936477592,-0.16239999,1.7597525,-0.22713340776552526
1,1,460748.5938440339,-0.16239999,1.7596189,-0.22735917679804002
1,1,460753.59404030885,-0.16239999,1.759428,-0.22758494436401808
1,1,460758.59423658357,-0.16239999,1.7595425,-0.22781071261071761
1,1,460763.5944328582,-0.16239999,1.7595425,-0.22803648034688848
1,1,460768.59462913295,-0.16239999,1.7597334,-0.22826224531469264
1,1,460773.5948254076,-0.16239999,1.7595807,-0.2284880104260645
1,1,460778.5950216823,-0.16239999,1.7594662,-0.22871377465749715
1,1,460783.59521795704,-0.16239999,1.7594471,-0.22893954080216355
1,1,460788.59541423176,-0.16239999,1.7593325,-0.2291653093779751
1,1,460793.5956105065,-0.16239999,1.7593707,-0.22939107576639636
1,1,460798.5958067812,-0.16239999,1.7593898,-0.22961684056356402
1,1,460803.5960030558,-0.16239999,1.7593516,-0.22984260894936423
1,1,460808.5961993304,-0.16239999,1.759428,-0.23006837922251408
1,1,460813.5963956048,-0.16239999,1.7592944,-0.2302941494362356
1,1,460818.5965918794,-0.16239999,1.7594088,-0.23051991734961438
1,1,460823.596788154,-0.16239999,1.7591416,-0.23074568538519674
1,1,460828.5969844286,-0.16239999,1.7591608,-0.23097145487841567
1,1,460833.5971807032,-0.16239999,1.7591798,-0.23119722524394773
1,1,460838.5973769778,-0.16239999,1.7591798,-0.23142299853918222
1,1,460843.5975732524,-0.16239999,1.7591034,-0.23164877148137755
1,1,460848.59776952723,-0.16239999,1.7589507,-0.23187454289492568
1,1,460853.59796580207,-0.16239999,1.7590462,-0.232100314374351
1,1,460858.5981620769,-0.16239999,1.7589698,-0.23232608306830227
1,1,460863.59835835174,-0.16239999,1.7590462,-0.2325518553675365
1,1,460868.5985546266,-0.16239999,1.7591416,-0.2327776253625446
1,1,460873.5987509014,-0.16239999,1.7590271,-0.23300339535836065
1,1,460878.59894717624,-0.16239999,1.7590653,-0.23322916653772627
1,1,460883.5991434511,-0.16239999,1.7587789,-0.23345493711725557
1,1,460888.5993397259,-0.16239999,1.7590079,-0.23368070397204013
1,1,460893.5995360003,-0.16239999,1.7588552,-0.23390647113945684
1,1,460898.5997322751,-0.16239999,1.7588935,-0.23413223907447045
1,1,460903.59992854996,-0.16239999,1.7587789,-0.2343580088345427
1,1,460908.6001248248,-0.16239999,1.758798,-0.23458377787354112
1,1,460913.6003210996,-0.16239999,1.7587789,-0.23480954560264716
1,1,460918.60051737446,-0.16239999,1.7587599,-0.23503531219444693
1,1,460923.6007136493,-0.16239999,1.7587599,-0.23526107832266824
1,1,460928.60090992413,-0.16239999,1.7587599,-0.2354868448716644
1,1,460933.60110619897,-0.16239999,1.7586644,-0.23571261365413934
1,1,460938.6013024738,-0.16239999,1.7586071,-0.2359383829500106
1,1,460943.60149874864,-0.16239999,1.7586644,-0.23616415306721897
1,1,460948.6016950235,-0.16239999,1.7585689,-0.23638992237514528
1,1,460953.60189129785,-0.16239999,1.7585117,-0.23661569135289992
1,1,460958.6020875722,-0.16239999,1.7585117,-0.2368414603098269
1,1,460963.6022838466,-0.16239999,1.7584926,-0.23706723062372725
1,1,460968.60248012096,-0.16239999,1.7583399,-0.2372929991899375
1,1,460973.6026763953,-0.16239999,1.7583399,-0.23751876831525917
1,1,460978.6028726697,-0.16239999,1.7584352,-0.23774453391279218
1,1,460983.60306894407,-0.16239999,1.7584543,-0.23797030240261244
1,1,460988.60326521844,-0.16239999,1.7584735,-0.2381960747824694
1,1,460993.6034614928,-0.16239999,1.7584162,-0.23842184594011576
1,1,460998.6036577672,-0.16239999,1.7583971,-0.23864761484568173
1,1,461003.60385404155,-0.16239999,1.7583207,-0.23887338546919926
1,1,461008.6040503159,-0.16239999,1.7583971,-0.23909915334678297
1,1,461013.6042465903,-0.16239999,1.7582825,-0.239324920468444
1,1,461018.60444286466,-0.16239999,1.7581298,-0.23955069006966986
1,1,461023.604639139,-0.16239999,1.7582062,-0.23977646157870794
1,1,461028.6048354134,-0.16239999,1.7581489,-0.2400022332003127
1,1,461033.60503168777,-0.16239999,1.758168,-0.24022800153729837
1,1,461038.60522796214,-0.16239999,1.7581489,-0.24045376953641842
1,1,461043.6054242365,-0.16239999,1.7582253,-0.2406795378182698
1,1,461048.6056205109,-0.16239999,1.7580917,-0.24090530548648972
1,1,461053.60581678525,-0.16239999,1.7580153,-0.24113107613971851
1,1,461058.6060130596,-0.16239999,1.7580726,-0.24135684731376358
1,1,461063.606209334,-0.16239999,1.7580153,-0.24158261478705478
1,1,461068.60640560836,-0.16239999,1.7579198,-0.24180838031238835
1,1,461073.6066018827,-0.16239999,1.7579771,-0.2420341465401635
1,1,461078.6067981571,-0.16239999,1.7578244,-0.2422599120715453
1,1,461083.60699443147,-0.16239999,1.7578626,-0.2424856789443826
1,1,461088.60719070584,-0.16239999,1.7579771,-0.24271144636877315
1,1,461093.6073869802,-0.16239999,1.7579198,-0.2429372136449402
1,1,461098.6075832546,-0.16239999,1.7578053,-0.24316298072012285
1,1,461103.60777952895,-0.16239999,1.7580153,-0.24338874970284705
1,1,461108.6079758033,-0.16239999,1.7578435,-0.24361451823057834
1,1,461113.6081720777,-0.16239999,1.7577099,-0.24384028653422019
1,1,461118.60836835206,-0.16239999,1.7576908,-0.2440660537314988
1,1,461123.6085646264,-0.16239999,1.7578816,-0.2442918204510454
1,1,461128.6087609008,-0.16239999,1.7578053,-0.24451758798586762
1,1,461133.60895717517,-0.16239999,1.7575762,-0.244743355298444
1,1,461138.60915344954,-0.16239999,1.7575762,-0.24496911897358564
1,1,461143.6093497239,-0.16239999,1.7576717,-0.24519488604813833
1,1,461148.6095459983,-0.16239999,1.7575572,-0.24542065552480372
1,1,461153.60974227265,-0.16239999,1.7576334,-0.24564642625898472
1,1,461158.609938547,-0.16239999,1.7575572,-0.24587219513096678
1,1,461163.6101348214,-0.16239999,1.7574807,-0.24609796167826423
1,1,461168.61033109576,-0.16239999,1.7575381,-0.24632372785925882
1,1,461173.6105273701,-0.16239999,1.7572325,-0.2465494939863344
1,1,461178.6107236445,-0.16239999,1.7575572,-0.24677526003036168
1,1,461183.61091991886,-0.16239999,1.7573662,-0.24700102346070957
1,1,461188.61111619323,-0.16239999,1.7572517,-0.24722678751052604
1,1,461193.6113124676,-0.16239999,1.7572708,-0.24745255367209285
1,1,461198.611508742,-0.16239999,1.7572325,-0.24767832031165662
1,1,461203.61170501634,-0.16239999,1.7572517,-0.24790408543790649
1,1,461208.6119012907,-0.16239999,1.7571753,-0.24812985047070288
1,1,461213.6120975651,-0.16239999,1.7570989,-0.24835561695433345
1,1,461218.61229383945,-0.16239999,1.7571753,-0.24858138617415415
1,1,461223.6124901138,-0.16239999,1.7572135,-0.24880715606162138
1,1,461228.6126863882,-0.16239999,1.7570226,-0.24903292672086197
1,1,461233.61288266256,-0.16239999,1.7570035,-0.24925869542014786
1,1,461238.61307893693,-0.16239999,1.7569845,-0.2494844650511065
1,1,461243.6132752113,-0.16239999,1.7569653,-0.24971023409746526
1,1,461248.6134714857,-0.16239999,1.7570608,-0.24993600128401341
1,1,461253.61366776004,-0.16239999,1.7568316,-0.25016176957536346
1,1,461258.6138640344,-0.16239999,1.7568699,-0.2503875390547665
1,1,461263.6140603088,-0.16239999,1.7570226,-0.25061330801407766
1,1,461268.61425658315,-0.16239999,1.7566217,-0.2508390751171851
1,1,461273.6144528575,-0.16239999,1.7567744,-0.251064841523535
1,1,461278.6146491319,-0.16239999,1.7568508,-0.2512906105847452
1,1,461283.61484540626,-0.16239999,1.7566408,-0.2515163779178529
1,1,461288.61504168063,-0.16239999,1.7566408,-0.25174214230530734
1,1,461293.615237955,-0.16239999,1.7566408,-0.2519679081997766
1,1,461298.6154342294,-0.16239999,1.7565262,-0.2521936730249402
1,1,461303.61563050374,-0.16239999,1.7566026,-0.25241943756246427
1,1,461308.6158267781,-0.16239999,1.7564499,-0.2526452002355244
1,1,461313.6160230525,-0.16239999,1.7565836,-0.25287096409816573
1,1,461318.61621932685,-0.16239999,1.7563926,-0.2530967287085606
1,1,461323.6164156012,-0.16239999,1.7565072,-0.2533224919689375
1,1,461328.6166118756,-0.16239999,1.7563545,-0.25354825424507044
1,1,461333.61680814996,-0.16239999,1.7565072,-0.2537740171976498
1,1,461338.61700442433,-0.16239999,1.7563735,-0.2539997821218225
1,1,461343.61720069917,-0.16239999,1.756278,-0.2542255451169099
1,1,461348.617396974,-0.16239999,1.7564499,-0.25445130928452836
1,1,461353.61759324884,-0.16239999,1.7562017,-0.2546770732059556
1,1,461358.6177895237,-0.16239999,1.7560872,-0.25490283673680025
1,1,461363.61798579805,-0.16239999,1.7562399,-0.25512860191822
1,1,461368.6181820729,-0.16239999,1.7561827,-0.25535436690498836
1,1,461373.6183783477,-0.16239999,1.756049,-0.2555801304219095
1,1,461378.61857462255,-0.16239999,1.7561635,-0.2558058945004115
1,1,461383.6187708974,-0.16239999,1.7560298,-0.2560316586865413
1,1,461388.6189671722,-0.16239999,1.7559345,-0.2562574211183293
1,1,461393.61916344706,-0.16239999,1.7559345,-0.2564831791766107
1,1,461398.6193597219,-0.16239999,1.7557818,-0.2567089406611244
1,1,461403.61955599673,-0.16239999,1.7559154,-0.2569346996529892
1,1,461408.61975227157,-0.16239999,1.7559154,-0.257160460297613
1,1,461413.6199485464,-0.16239999,1.7559154,-0.2573862220705503
1,1,461418.62014482124,-0.16239999,1.7556291,-0.2576119831326326
1,1,461423.6203410961,-0.16239999,1.7558199,-0.257837745259792
1,1,461428.6205373709,-0.16239999,1.7557244,-0.25806350606949996
1,1,461433.62073364574,-0.16239999,1.7557054,-0.2582892680033929
1,1,461438.6209299206,-0.16239999,1.7555526,-0.25851502935486737
1,1,461443.6211261952,-0.16239999,1.7555908,-0.25874079148872564
1,1,461448.6213224698,-0.16239999,1.7556291,-0.25896655479163794
1,1,461453.6215187444,-0.16239999,1.7553809,-0.25919231699023265
1,1,461458.621715019,-0.16239999,1.7554,-0.2594180814654814
1,1,461463.6219112936,-0.16239999,1.7555908,-0.2596438473751408
1,1,461468.6221075682,-0.16239999,1.7555717,-0.25986961526522573
1,1,461473.6223038428,-0.16239999,1.7554762,-0.2600953811427375
1,1,461478.6225001174,-0.16239999,1.7553618,-0.26032114371685555
1,1,461483.622696392,-0.16239999,1.7553809,-0.26054690646852674
1,1,461488.62289266684,-0.16239999,1.7552472,-0.26077267139389404
1,1,461493.62308894156,-0.16239999,1.755209,-0.2609984403970676
1,1,461498.6232852163,-0.16239999,1.755209,-0.2612242043620178
1,1,461503.623481491,-0.16239999,1.7551327,-0.26144996684722394
1,1,461508.6236777657,-0.16239999,1.7552282,-0.26167573090868235
1,1,461513.62387404044,-0.16239999,1.754999,-0.26190149337907426
1,1,461518.62407031516,-0.16239999,1.7550753,-0.262127255280712
1,1,461523.6242665899,-0.16239999,1.7550563,-0.26235301950248124
1,1,461528.6244628646,-0.16239999,1.7550181,-0.26257878696860415
1,1,461533.6246591393,-0.16239999,1.7549417,-0.26280455270947806
1,1,461538.62485541403,-0.16239999,1.7548273,-0.26303031912782004
1,1,461543.62505168875,-0.16239999,1.7548845,-0.26325608358815356
1,1,461548.6252479635,-0.16239999,1.7549609,-0.2634818484889505
1,1,461553.6254442381,-0.16239999,1.7548463,-0.2637076138126565
1,1,461558.62564051274,-0.16239999,1.7546744,-0.26393338070077826
1,1,461563.62583678745,-0.16239999,1.7548273,-0.26415914747757263
1,1,461568.6260330621,-0.16239999,1.7547508,-0.2643849159394855
1,1,461573.62622933683,-0.16239999,1.7546554,-0.26461068414753636
1,1,461578.62642561155,-0.16239999,1.75456,-0.26483645453112287
1,1,461583.6266218863,-0.16239999,1.7546363,-0.26506222574408894
1,1,461588.626818161,-0.16239999,1.7544645,-0.26528799852675744
1,1,461593.6270144356,-0.16239999,1.7546554,-0.2655137702676303
1,1,461598.6272107102,-0.16239999,1.7545217,-0.265739543875338
1,1,461603.6274069848,-0.16239999,1.754369,-0.265965311565451
1,1,461608.6276032594,-0.16239999,1.7544645,-0.26619107688407734
1,1,461613.627799534,-0.16239999,1.7545027,-0.2664168396602013
1,1,461618.6279958086,-0.16239999,1.7542737,-0.26664260493221514
1,1,461623.6281920832,-0.16239999,1.7542545,-0.26686837109444755
1,1,461628.6283883578,-0.16239999,1.7542737,-0.2670941365535852
1,1,461633.62858463195,-0.16239999,1.7542163,-0.26731990107752684
1,1,461638.62878090655,-0.16239999,1.7541208,-0.2675456684149418
1,1,461643.6289771814,-0.16239999,1.7541972,-0.2677714364823415
1,1,461648.6291734562,-0.16239999,1.7542737,-0.2679972026875066
1,1,461653.62936973106,-0.16239999,1.7540636,-0.2682229722325476
1,1,461658.6295660059,-0.16239999,1.7541018,-0.26844874195303986
1,1,461663.62976228073,-0.16239999,1.7539681,-0.26867451053906616
1,1,461668.62995855557,-0.16239999,1.7539872,-0.26890028120744697
1,1,461673.6301548304,-0.16239999,1.7541591,-0.2691260516578014
1,1,461678.63035110524,-0.16239999,1.7539681,-0.26935182455650275
1,1,461683.6305473801,-0.16239999,1.7538536,-0.26957760166469685
1,1,461688.6307436549,-0.16239999,1.7538728,-0.26980337732250714
1,1,461693.63093992975,-0.16239999,1.7537391,-0.27002915112234377
1,1,461698.6311362046,-0.16239999,1.7536818,-0.2702549241321283
1,1,461703.6313324794,-0.16239999,1.7537199,-0.2704806991746324
1,1,461708.63152875425,-0.16239999,1.7535481,-0.27070647063730635
1,1,461713.6317250291,-0.16239999,1.7535672,-0.27093224033471425
1,1,461718.6319213039,-0.16239999,1.7535672,-0.2711580114099547
1,1,461723.63211757876,-0.16239999,1.7535291,-0.27138378494448695
1,1,461728.6323138536,-0.16239999,1.753319,-0.27160955694928335
1,1,461733.63251012843,-0.16239999,1.7534719,-0.27183532787768694
1,1,461738.63270640327,-0.16239999,1.7532427,-0.27206109834266934
1,1,461743.6329026781,-0.16239999,1.7533573,-0.27228686860948453
1,1,461748.6330989525,-0.16239999,1.7532046,-0.2725126364058867
1,1,461753.63329522684,-0.16239999,1.75309,-0.27273840660788845
1,1,461758.6334915012,-0.16239999,1.7532618,-0.27296417793480704
1,1,461763.6336877756,-0.16239999,1.7531472,-0.2731899492107802
1,1,461768.63388404995,-0.16239999,1.7530518,-0.2734157217690314
1,1,461773.6340803243,-0.16239999,1.7532046,-0.27364149504812046
1,1,461778.6342765987,-0.16239999,1.7529945,-0.27386726536654915
1,1,461783.63447287306,-0.16239999,1.752899,-0.27409303785229955
1,1,461788.63466914743,-0.16239999,1.7528228,-0.274318810751957
1,1,461793.6348654218,-0.16239999,1.7527273,-0.27454458044273305
1,1,461798.6350616962,-0.16239999,1.7526318,-0.2747703497395878
1,1,461803.63525797054,-0.16239999,1.7528228,-0.2749961202129886
1,1,461808.6354542449,-0.16239999,1.7528609,-0.27522188687427657
1,1,461813.6356505193,-0.16239999,1.7528037,-0.2754476556630613
1,1,461818.63584679365,-0.16239999,1.7526127,-0.27567342719305205
1,1,461823.636043068,-0.16239999,1.7526318,-0.27589919853520206
1,1,461828.6362393424,-0.16239999,1.7524981,-0.27612497113306966
1,1,461833.63643561676,-0.16239999,1.7524791,-0.2763507456893563
1,1,461838.63663189113,-0.16239999,1.7524981,-0.2765765197977157
1,1,461843.6368281655,-0.16239999,1.7524028,-0.2768022921564296
1,1,461848.6370244399,-0.16239999,1.7523645,-0.2770280651938458
1,1,461853.63722071424,-0.16239999,1.7524219,-0.2772538386925639
1,1,461858.6374169886,-0.16239999,1.7522118,-0.27747961183179154
1,1,461863.637613263,-0.16239999,1.7522309,-0.27770538552090923
1,1,461868.63780953735,-0.16239999,1.7521737,-0.27793115668250684
1,1,461873.6380058117,-0.16239999,1.7520782,-0.2781569251645098
1,1,461878.6382020861,-0.16239999,1.75204,-0.27838269499818385
1,1,461883.63839836046,-0.16239999,1.752021,-0.2786084679194969
1,1,461888.63859463483,-0.16239999,1.7518873,-0.2788342378143203
1,1,461893.6387909092,-0.16239999,1.7519064,-0.2790600097781377
1,1,461898.63898718357,-0.16239999,1.7517346,-0.2792857821449893
1,1,461903.63918345794,-0.16239999,1.7518682,-0.27951155502203096
1,1,461908.6393797323,-0.16239999,1.7518492,-0.27973732557818115
1,1,461913.6395760067,-0.16239999,1.75183,-0.2799630955137427
1,1,461918.63977228105,-0.16239999,1.751601,-0.2801888642452896
1,1,461923.6399685554,-0.16239999,1.7516391,-0.28041463585666804
1,1,461928.6401648298,-0.16239999,1.7516391,-0.2806404066804522
1,1,461933.64036110416,-0.16239999,1.7515055,-0.28086617866306324
1,1,461938.64055737853,-0.16239999,1.7512956,-0.2810919525247902
1,1,461943.6407536529,-0.16239999,1.7513337,-0.28131772341468503
1,1,461948.64094992727,-0.16239999,1.75141,-0.2815434970882583
1,1,461953.64114620164,-0.16239999,1.7512573,-0.2817692719220145
1,1,461958.641342476,-0.16239999,1.7511619,-0.2819950473456903
1,1,461963.6415387504,-0.16239999,1.7511237,-0.28222082223677125
1,1,461968.64173502475,-0.16239999,1.7512192,-0.28244659559041996
1,1,461973.6419312991,-0.16239999,1.751181,-0.28267236677532137
1,1,461978.6421275735,-0.16239999,1.7510283,-0.28289813684971704
1,1,461983.64232384786,-0.16239999,1.7510091,-0.28312391139090215
1,1,461988.64252012223,-0.16239999,1.7512001,-0.2833496843429844
1,1,461993.6427163966,-0.16239999,1.7510474,-0.2835754575953905
1,1,461998.64291267097,-0.16239999,1.7512192,-0.2838012319224476
1,1,462003.64310894534,-0.16239999,1.750971,-0.2840270064370797
1,1,462008.6433052197,-0.16239999,1.750761,-0.28425277710613517
1,1,462013.6435014941,-0.16239999,1.7509519,-0.2844785489650732
1,1,462018.64369776845,-0.16239999,1.7508755,-0.2847043186961825
1,1,462023.6438940428,-0.16239999,1.750971,-0.28493008812254655
1,1,462028.6440903172,-0.16239999,1.7508373,-0.28515585830298135
1,1,462033.64428659156,-0.16239999,1.7508183,-0.28538162814423673
1,1,462038.64448286593,-0.16239999,1.7507418,-0.28560739835476445
1,1,462043.6446791403,-0.16239999,1.7505891,-0.2858331685914164
1,1,462048.64487541467,-0.16239999,1.7507228,-0.2860589377375227
1,1,462053.64507168904,-0.16239999,1.7504746,-0.28628471096625
1,1,462058.6452679634,-0.16239999,1.7505128,-0.28651048467870044
1,1,462063.6454642378,-0.16239999,1.7505319,-0.2867362563802499
1,1,462068.64566051215,-0.16239999,1.7505319,-0.28696202746796595
1,1,462073.6458567865,-0.16239999,1.7503983,-0.2871877975624368
1,1,462078.6460530609,-0.16239999,1.7503601,-0.28741356526634826
1,1,462083.64624933526,-0.16239999,1.7502073,-0.2876393350845359
1,1,462088.64644560963,-0.16239999,1.7502073,-0.28786510694994266
1,1,462093.646641884,-0.16239999,1.7502646,-0.2880908804203395
1,1,462098.64683815837,-0.16239999,1.750131,-0.28831665490068237
1,1,462103.64703443274,-0.16239999,1.7500355,-0.28854242953619436
1,1,462108.6472307071,-0.16239999,1.7500546,-0.28876820386943214
1,1,462113.6474269815,-0.16239999,1.7499402,-0.2889939734420221
1,1,462118.64762325585,-0.16239999,1.7499402,-0.2892197466034756
1,1,462123.6478195302,-0.16239999,1.7498637,-0.28944551808286617
1,1,462128.6480158046,-0.16239999,1.7498828,-0.28967129090202925
1,1,462133.64821207896,-0.16239999,1.749921,-0.28989706404623966
1,1,462138.6484083533,-0.16239999,1.7497492,-0.2901228376476665
1,1,462143.64860462816,-0.16239999,1.7496346,-0.29034860863026557
1,1,462148.648800903,-0.16239999,1.749711,-0.29057437961856436
1,1,462153.64899717784,-0.16239999,1.7495583,-0.29080015115741303
1,1,462158.6491934527,-0.16239999,1.7497873,-0.2910259204918717
1,1,462163.6493897275,-0.16239999,1.7494819,-0.29125168736878115
1,1,462168.64958600234,-0.16239999,1.749501,-0.29147745725479884
1,1,462173.6497822772,-0.16239999,1.7494628,-0.29170322458339726
1,1,462178.649978552,-0.16239999,1.7493674,-0.2919289936153474
1,1,462183.65017482685,-0.16239999,1.7492146,-0.2921547643764002
1,1,462188.6503711017,-0.16239999,1.7492146,-0.292380537391415
1,1,462193.6505673765,-0.16239999,1.749081,-0.29260631201712534
1,1,462198.65076365136,-0.16239999,1.749081,-0.2928320844358876
1,1,462203.6509599262,-0.16239999,1.749062,-0.29305785661482225
1,1,462208.651156201,-0.16239999,1.7489665,-0.29328362993541107
1,1,462213.65135247586,-0.16239999,1.7489092,-0.29350940103398176
1,1,462218.6515487507,-0.16239999,1.7489092,-0.29373517206754446
1,1,462223.65174502553,-0.16239999,1.7488902,-0.29396094407837914
1,1,462228.65194130037,-0.16239999,1.7486992,-0.2941867192298579
1,1,462233.6521375752,-0.16239999,1.7486801,-0.2944124929338511
1,1,462238.65233385004,-0.16239999,1.7487565,-0.29463826304390606
1,1,462243.65253012464,-0.16239999,1.7487565,-0.294864032243164
1,1,462248.65272639925,-0.16239999,1.748642,-0.2950897963307599
1,1,462253.65292267385,-0.16239999,1.7486038,-0.2953155596924126
1,1,462258.65311894845,-0.16239999,1.748642,-0.2955413244410894
1,1,462263.65331522305,-0.16239999,1.7485656,-0.29576708658024503
1,1,462268.65351149766,-0.16239999,1.7484702,-0.2959928503716596
1,1,462273.65370777226,-0.16239999,1.7483747,-0.296218614263018
1,1,462278.65390404686,-0.16239999,1.748222,-0.29644437891620234
1,1,462283.65410032147,-0.16239999,1.7482983,-0.2966701411039391
1,1,462288.65429659607,-0.16239999,1.7482983,-0.29689590312240854
1,1,462293.6544928708,-0.16239999,1.7481456,-0.2971216645292044
1,1,462298.6546891455,-0.16239999,1.7481265,-0.29734742820723525
1,1,462303.6548854202,-0.16239999,1.7480884,-0.29757318994478554
1,1,462308.65508169495,-0.16239999,1.7478974,-0.29779895421618147
1,1,462313.65527796966,-0.16239999,1.7479166,-0.2980247149436963
1,1,462318.6554742444,-0.16239999,1.7479547,-0.2982504762605777
1,1,462323.6556705191,-0.16239999,1.747802,-0.2984762373577581
1,1,462328.6558667938,-0.16239999,1.7477065,-0.29870200050709406
1,1,462333.65606306854,-0.16239999,1.7477256,-0.2989277646276828
1,1,462338.65625934326,-0.16239999,1.7477447,-0.29915353092827657
1,1,462343.6564556179,-0.16239999,1.747592,-0.2993792967455769
1,1,462348.65665189264,-0.16239999,1.7476301,-0.2996050615873644
1,1,462353.65684816736,-0.16239999,1.7475157,-0.2998308282853581
1,1,462358.6570444421,-0.16239999,1.7474393,-0.30005659389755057
1,1,462363.65724071674,-0.16239999,1.7474202,-0.3002823594565641
1,1,462368.657436991,-0.16239999,1.7473056,-0.3005081238732977
1,1,462373.6576332657,-0.16239999,1.7472866,-0.30073388959318825
1,1,462378.65782954043,-0.16239999,1.7474774,-0.30095965545013065
1,1,462383.65802581515,-0.16239999,1.747172,-0.30118542113827845
1,1,462388.65822208975,-0.16239999,1.7473056,-0.30141118868624844
1,1,462393.65841836436,-0.16239999,1.7470956,-0.3016369575603026
1,1,462398.65861463896,-0.16239999,1.7471148,-0.30186272627910077
1,1,462403.65881091356,-0.16239999,1.7469621,-0.30208849294323903
1,1,462408.65900718817,-0.16239999,1.7470384,-0.30231425963236574
1,1,462413.65920346277,-0.16239999,1.746752,-0.3025400267624087
1,1,462418.6593997376,-0.16239999,1.7467139,-0.3027657919594101
1,1,462423.6595960122,-0.16239999,1.7468857,-0.3029915599054762
1,1,462428.6597922868,-0.16239999,1.7468092,-0.30321732512279204
1,1,462433.6599885614,-0.16239999,1.7467902,-0.3034430908027161
1,1,462438.660184836,-0.16239999,1.7466184,-0.30366886230762574
1,1,462443.66038111085,-0.16239999,1.746542,-0.3038946397729808
1,1,462448.6605773857,-0.16239999,1.7463511,-0.3041204222287927
1,1,462453.6607736605,-0.16239999,1.7462747,-0.3043462022433987
1,1,462458.66096993536,-0.16239999,1.7464275,-0.3045719822053084
1,1,462463.6611662102,-0.16239999,1.7463511,-0.30479776230561095
1,1,462468.661362485,-0.16239999,1.7463511,-0.30502354455536546
1,1,462473.66155875986,-0.16239999,1.7462747,-0.305249324218963
1,1,462478.6617550347,-0.16239999,1.7462175,-0.3054751054849056
1,1,462483.66195130954,-0.16239999,1.7462366,-0.30570088760888103
1,1,462488.6621475844,-0.16239999,1.7460648,-0.3059266726522895
1,1,462493.6623438592,-0.16239999,1.7461603,-0.3061524553299275
1,1,462498.66254013404,-0.16239999,1.7459121,-0.3063782371311455
1,1,462503.6627364089,-0.16239999,1.7459502,-0.3066040125445941
1,1,462508.6629326837,-0.16239999,1.7459693,-0.30682978088972074
1,1,462513.66312895855,-0.16239999,1.7459121,-0.3070555494725698
1,1,462518.6633252334,-0.16239999,1.7456257,-0.30728131917496626
1,1,462523.6635215082,-0.16239999,1.7456448,-0.30750709135215915
1,1,462528.66371778306,-0.16239999,1.7456067,-0.3077328587373348
1,1,462533.6639140579,-0.16239999,1.7454921,-0.30795862540444335
1,1,462538.6641103327,-0.16239999,1.745473,-0.30818439141595794
1,1,462543.6643066071,-0.16239999,1.7456639,-0.3084101535618878
1,1,462548.66450288147,-0.16239999,1.7454921,-0.30863591628482784
1,1,462553.66469915584,-0.16239999,1.7455302,-0.30886167925125785
1,1,462558.6648954302,-0.16239999,1.7453966,-0.3090874411141178
1,1,462563.6650917046,-0.16239999,1.7452058,-0.30931320348855446
1,1,462568.66528797895,-0.16239999,1.7451484,-0.3095389675263391
1,1,462573.6654842533,-0.16239999,1.7451484,-0.30976473389881115
1,1,462578.6656805277,-0.16239999,1.7452248,-0.30999049619677344
1,1,462583.66587680206,-0.16239999,1.7450721,-0.3102162570536535
1,1,462588.6660730764,-0.16239999,1.7450148,-0.31044202532728277
1,1,462593.6662693508,-0.16239999,1.7449193,-0.3106677957522705
1,1,462598.66646562517,-0.16239999,1.7449957,-0.31089356530858425
1,1,462603.66666189954,-0.16239999,1.7448239,-0.3111193347060301
1,1,462608.6668581739,-0.16239999,1.7449193,-0.31134510396195136
1,1,462613.6670544483,-0.16239999,1.7448049,-0.3115708733993704
1,1,462618.66725072265,-0.16239999,1.7446712,-0.3117966395900011
1,1,462623.667446997,-0.16239999,1.744633,-0.3120224059479768
1,1,462628.6676432714,-0.16239999,1.7446139,-0.31224817341337285
1,1,462633.66783954576,-0.16239999,1.7445184,-0.31247393971894033
1,1,462638.6680358201,-0.16239999,1.7442703,-0.3126997058295369
1,1,462643.6682320945,-0.16239999,1.7444612,-0.3129254733944636
1,1,462648.66842836887,-0.16239999,1.7444421,-0.3131512427373025
1,1,462653.66862464324,-0.16239999,1.7441939,-0.31337701186574846
1,1,462658.6688209176,-0.16239999,1.7441558,-0.3136027817658999
1,1,462663.669017192,-0.16239999,1.744213,-0.3138285551283328
1,1,462668.66921346635,-0.16239999,1.7441367,-0.3140543283854377
1,1,462673.6694097407,-0.16239999,1.7441176,-0.3142800993056903
1,1,462678.6696060151,-0.16239999,1.7440412,-0.31450587056677554
1,1,462683.66980228946,-0.16239999,1.7441367,-0.31473164068784165
1,1,462688.6699985638,-0.16239999,1.7438694,-0.3149574129523239
1,1,462693.6701948382,-0.16239999,1.7438504,-0.315183184780241
1,1,462698.67039111257,-0.16239999,1.7438121,-0.31540895566698174
1,1,462703.67058738694,-0.16239999,1.7437739,-0.31563472530612774
1,1,462708.6707836613,-0.16239999,1.7436785,-0.31586049270649014
1,1,462713.6709799357,-0.16239999,1.7436785,-0.316086259614274
1,1,462718.67117621005,-0.16239999,1.7436785,-0.3163120262571384
1,1,462723.6713724844,-0.16239999,1.7435639,-0.31653779345254773
1,1,462728.6715687588,-0.16239999,1.7434112,-0.3167635596298535
1,1,462733.67176503316,-0.16239999,1.7434303,-0.3169893280371412
1,1,462738.6719613075,-0.16239999,1.7432394,-0.3172151100074766
1,1,462743.6721575819,-0.16239999,1.7431439,-0.31744089232701406
1,1,462748.67235385627,-0.16239999,1.7432203,-0.3176666731912205
1,1,462753.67255013064,-0.16239999,1.7432394,-0.31789244897577257
1,1,462758.672746405,-0.16239999,1.7431439,-0.3181182146575758
1,1,462763.6729426794,-0.16239999,1.7430103,-0.31834397911933815
1,1,462768.67313895375,-0.16239999,1.7429721,-0.3185697422843609
1,1,462773.6733352281,-0.16239999,1.7430676,-0.3187955058895085
1,1,462778.6735315025,-0.16239999,1.7428576,-0.31902127019589066
1,1,462783.67372777686,-0.16239999,1.7427813,-0.31924703754502953
1,1,462788.6739240512,-0.16239999,1.7426858,-0.3194728034207962
1,1,462793.6741203256,-0.16239999,1.7426286,-0.31969856727432544
1,1,462798.67431659997,-0.16239999,1.7425331,-0.3199243356757835
1,1,462803.67451287434,-0.16239999,1.7426476,-0.320150105038123
1,1,462808.6747091487,-0.16239999,1.742514,-0.32037587360372066
1,1,462813.6749054231,-0.16239999,1.7424757,-0.3206016414153022
1,1,462818.67510169744,-0.16239999,1.7426476,-0.3208274073758937
1,1,462823.6752979718,-0.16239999,1.7423613,-0.32105317322640625
1,1,462828.6754942462,-0.16239999,1.7422085,-0.32127893871395463
1,1,462833.67569052055,-0.16239999,1.7423421,-0.32150470306965134
1,1,462838.6758867949,-0.16239999,1.7422277,-0.3217304690398028
1,1,462843.6760830693,-0.16239999,1.742094,-0.32195623591967426
1,1,462848.67627934366,-0.16239999,1.7422085,-0.32218200134304664
1,1,462853.67647561803,-0.16239999,1.7421513,-0.32240776720386
1,1,462858.6766718924,-0.16239999,1.7419221,-0.32263353556498225
1,1,462863.6768681668,-0.16239999,1.7419412,-0.3228593026797681
1,1,462868.67706444114,-0.16239999,1.7419604,-0.3230850704480725
1,1,462873.6772607155,-0.16239999,1.741884,-0.32331083750986067
1,1,462878.6774569899,-0.16239999,1.7417885,-0.3235366058764972
1,1,462883.67765326425,-0.16239999,1.7417694,-0.32376237297683386
1,1,462888.6778495386,-0.16239999,1.7417313,-0.3239881413388369
1,1,462893.678045813,-0.16239999,1.741674,-0.3242139072664985
1,1,462898.67824208736,-0.16239999,1.7416167,-0.32443967519618494
1,1,462903.67843836173,-0.16239999,1.7413876,-0.3246654441916703
1,1,462908.6786346361,-0.16239999,1.7413876,-0.32489121549445893
1,1,462913.6788309105,-0.16239999,1.7414067,-0.3251169856618014
1,1,462918.67902718484,-0.16239999,1.7413495,-0.3253427560195576
1,1,462923.6792234592,-0.16239999,1.741254,-0.3255685271773223
1,1,462928.6794197336,-0.16239999,1.7411586,-0.32579429922779574
1,1,462933.67961600795,-0.16239999,1.7413113,-0.32602006854800636
1,1,462938.6798122828,-0.16239999,1.741044,-0.32624583560730025
1,1,462943.6800085576,-0.16239999,1.7411395,-0.3264716016951833
1,1,462948.68020483246,-0.16239999,1.7409867,-0.32669736832738505
1,1,462953.6804011073,-0.16239999,1.741044,-0.3269231368254076
1,1,462958.68059738213,-0.16239999,1.7408531,-0.32714890498755794
1,1,462963.68079365697,-0.16239999,1.7408149,-0.3273746716341923
1,1,462968.6809899318,-0.16239999,1.7407194,-0.3276004383540899
1,1,462973.68118620664,-0.16239999,1.7406622,-0.32782620613196084
1,1,462978.6813824815,-0.16239999,1.7406813,-0.3280519711559672
1,1,462983.6815787563,-0.16239999,1.740605,-0.3282777343661719
1,1,462988.68177503115,-0.16239999,1.740605,-0.3285034995012631
1,1,462993.681971306,-0.16239999,1.7404904,-0.32872926807198677
1,1,462998.6821675808,-0.16239999,1.7405858,-0.32895503850790614
1,1,463003.68236385565,-0.16239999,1.7404522,-0.329180811000324
1,1,463008.6825601305,-0.16239999,1.7402613,-0.3294065811697957
1,1,463013.6827564053,-0.16239999,1.7402613,-0.3296323527504057
1,1,463018.68295268016,-0.16239999,1.7402613,-0.3298581261450715
1,1,463023.683148955,-0.16239999,1.7401086,-0.33008389811353556
1,1,463028.68334522983,-0.16239999,1.7400131,-0.3303096690706942
1,1,463033.68354150467,-0.16239999,1.739975,-0.33053543953869574
1,1,463038.68373777927,-0.16239999,1.7398413,-0.3307612102750672
1,1,463043.6839340539,-0.16239999,1.7400131,-0.3309869829963396
1,1,463048.6841303285,-0.16239999,1.739784,-0.3312127626536522
1,1,463053.6843266031,-0.16239999,1.7396696,-0.3314385451889899
1,1,463058.6845228777,-0.16239999,1.7397649,-0.331664327070819
1,1,463063.6847191523,-0.16239999,1.7396886,-0.3318901103930937
1,1,463068.6849154269,-0.16239999,1.7396313,-0.3321158914115338
1,1,463073.6851117015,-0.16239999,1.7395741,-0.3323416739589862
1,1,463078.6853079761,-0.16239999,1.7395741,-0.33256745677991956
1,1,463083.6855042507,-0.16239999,1.7395359,-0.3327932401001205
1,1,463088.6857005254,-0.16239999,1.7393068,-0.3330190236634413
1,1,463093.68589680013,-0.16239999,1.7395359,-0.3332448061438989
1,1,463098.68609307485,-0.16239999,1.739364,-0.33347058763605186
1,1,463103.68628934957,-0.16239999,1.7393259,-0.3336963615399681
1,1,463108.6864856238,-0.16239999,1.7392877,-0.33392213322735076
1,1,463113.68668189854,-0.16239999,1.7390205,-0.33414790649465465
1,1,463118.68687817326,-0.16239999,1.7389823,-0.334373676730593
1,1,463123.687074448,-0.16239999,1.7388487,-0.33459944807449227
1,1,463128.6872707227,-0.16239999,1.738944,-0.334825217300338
1,1,463133.6874669974,-0.16239999,1.738925,-0.3350509850028662
1,1,463138.6876632721,-0.16239999,1.7387723,-0.3352767519199558
1,1,463143.6878595468,-0.16239999,1.7387723,-0.33550251972088463
1,1,463148.6880558215,-0.16239999,1.7386959,-0.3357282915811091
1,1,463153.68825209624,-0.16239999,1.7385622,-0.33595406479915224
1,1,463158.68844837096,-0.16239999,1.7385622,-0.33617983723278005
1,1,463163.6886446456,-0.16239999,1.7383714,-0.3364056073014545
1,1,463168.68884092034,-0.16239999,1.7383142,-0.33663138116209784
1,1,463173.68903719506,-0.16239999,1.7385241,-0.3368571555377973
1,1,463178.6892334698,-0.16239999,1.7384286,-0.3370829296761751
1,1,463183.6894297445,-0.16239999,1.7381041,-0.3373087035152887
1,1,463188.6896260192,-0.16239999,1.7381614,-0.3375344745789534
1,1,463193.6898222938,-0.16239999,1.7380469,-0.33776024493408613
1,1,463198.6900185684,-0.16239999,1.7379323,-0.33798601673158174
1,1,463203.690214843,-0.16239999,1.737875,-0.3382117879395758
1,1,463208.6904111176,-0.16239999,1.7379133,-0.33843755915298146
1,1,463213.69060739223,-0.16239999,1.7379514,-0.338663329293482
1,1,463218.69080366683,-0.16239999,1.7377987,-0.338889098330732
1,1,463223.69099994143,-0.16239999,1.7377414,-0.33911486676707114
1,1,463228.69119621604,-0.16239999,1.7378559,-0.33934063587935265
1,1,463233.6913924909,-0.16239999,1.7376077,-0.3395664036075067
1,1,463238.6915887655,-0.16239999,1.7375124,-0.3397921699047022
1,1,463243.6917850403,-0.16239999,1.7375505,-0.34001793406823105
1,1,463248.69198131515,-0.16239999,1.7374169,-0.3402436976486063
1,1,463253.69217759,-0.16239999,1.7375505,-0.34046946247129134
1,1,463258.6923738648,-0.16239999,1.7374169,-0.340695230985196
1,1,463263.69257013965,-0.16239999,1.7373405,-0.3409209986740424
1,1,463268.6927664145,-0.16239999,1.7373405,-0.3411467674507994
1,1,463273.6929626893,-0.16239999,1.7372642,-0.3413725350628295
1,1,463278.69315896416,-0.16239999,1.7371114,-0.3415982994615318
1,1,463283.693355239,-0.16239999,1.7371496,-0.3418240641211203
1,1,463288.69355151383,-0.16239999,1.7369205,-0.34204983001165157
1,1,463293.69374778867,-0.16239999,1.737016,-0.3422755932083633
1,1,463298.6939440635,-0.16239999,1.7367868,-0.34250135617162436
1,1,463303.69414033834,-0.16239999,1.7368442,-0.3427271218681938
1,1,463308.6943366132,-0.16239999,1.7366724,-0.34295288964387843
1,1,463313.694532888,-0.16239999,1.7366341,-0.3431786586492449
1,1,463318.69472916285,-0.16239999,1.7366724,-0.34340442841188756
1,1,463323.6949254377,-0.16239999,1.7365769,-0.34363019569683306
1,1,463328.6951217125,-0.16239999,1.7365769,-0.34385596390819617
1,1,463333.69531798735,-0.16239999,1.7363669,-0.3440817321931702
1,1,463338.6955142617,-0.16239999,1.7363096,-0.3443075008769241
1,1,463343.6957105361,-0.16239999,1.7363669,-0.34453327033791425
1,1,463348.69590681046,-0.16239999,1.7362142,-0.3447590395505907
1,1,463353.69610308483,-0.16239999,1.7361187,-0.3449848066116222
1,1,463358.6962993592,-0.16239999,1.7360615,-0.3452105714049511
1,1,463363.6964956336,-0.16239999,1.7360042,-0.345436337332967
1,1,463368.69669190794,-0.16239999,1.7360042,-0.3456621033919683
1,1,463373.6968881823,-0.16239999,1.7359469,-0.34588787344470845
1,1,463378.6970844567,-0.16239999,1.7358897,-0.3461136415651082
1,1,463383.69728073105,-0.16239999,1.7357751,-0.3463394098072157
1,1,463388.6974770054,-0.16239999,1.735756,-0.3465651807671328
1,1,463393.6976732798,-0.16239999,1.735756,-0.3467909463714102
1,1,463398.69786955416,-0.16239999,1.7357751,-0.3470167132491136
1,1,463403.69806582853,-0.16239999,1.7355651,-0.347242482479731
1,1,463408.6982621029,-0.16239999,1.7353933,-0.3474682520678794
1,1,463413.6984583773,-0.16239999,1.7356796,-0.34769402349701084
1,1,463418.69865465164,-0.16239999,1.7354888,-0.34791979665496175
1,1,463423.698850926,-0.16239999,1.7352787,-0.34814557081155206
1,1,463428.6990472004,-0.16239999,1.7354505,-0.3483713443414343
1,1,463433.69924347475,-0.16239999,1.7353551,-0.34859711440514085
1,1,463438.6994397491,-0.16239999,1.7351451,-0.34882288501200714
1,1,463443.6996360235,-0.16239999,1.735126,-0.34904865223756903
1,1,463448.69983229786,-0.16239999,1.7349733,-0.3492744192845239
1,1,463453.70002857223,-0.16239999,1.7350305,-0.349500187990512
1,1,463458.7002248466,-0.16239999,1.7350688,-0.349725954631604
1,1,463463.700421121,-0.16239999,1.7348206,-0.34995172288568044
1,1,463468.70061739534,-0.16239999,1.7348206,-0.3501774908989003
1,1,463473.7008136697,-0.16239999,1.7348015,-0.35040325739130274
1,1,463478.7010099441,-0.16239999,1.7346488,-0.35062902393782863
1,1,463483.70120621845,-0.16239999,1.734687,-0.3508547925027408
1,1,463488.7014024928,-0.16239999,1.7345724,-0.35108055917671716
1,1,463493.7015987672,-0.16239999,1.7345533,-0.351306326176216
1,1,463498.70179504156,-0.16239999,1.7346106,-0.3515320947549126
1,1,463503.70199131593,-0.16239999,1.7344388,-0.3517578631714812
1,1,463508.7021875903,-0.16239999,1.7343624,-0.35198363192379867
1,1,463513.7023838647,-0.16239999,1.7342861,-0.35220939961425113
1,1,463518.70258013904,-0.16239999,1.7343624,-0.3524351697148066
1,1,463523.7027764134,-0.16239999,1.7341715,-0.35266094267118947
1,1,463528.7029726878,-0.16239999,1.7341715,-0.3528867166886824
1,1,463533.70316896215,-0.16239999,1.7340951,-0.35311249119446153
1,1,463538.7033652365,-0.16239999,1.7338852,-0.3533382634675649
1,1,463543.7035615109,-0.16239999,1.7340188,-0.3535640338261373
1,1,463548.70375778526,-0.16239999,1.7337134,-0.3537898042786657
1,1,463553.70395405963,-0.16239999,1.7336943,-0.3540155806640864
1,1,463558.704150334,-0.16239999,1.7337325,-0.35424135385661626
1,1,463563.70434660837,-0.16239999,1.733637,-0.35446712336970587
1,1,463568.70454288274,-0.16239999,1.7335607,-0.35469289420256733
1,1,463573.7047391571,-0.16239999,1.7334843,-0.35491866590275917
1,1,463578.7049354315,-0.16239999,1.7334843,-0.3551444397804817
1,1,463583.70513170585,-0.16239999,1.7333697,-0.3553702119775006
1,1,463588.7053279802,-0.16239999,1.7333697,-0.355595982676649
1,1,463593.7055242546,-0.16239999,1.7331979,-0.3558217510025962
1,1,463598.70572052896,-0.16239999,1.7331406,-0.3560475214608301
1,1,463603.70591680333,-0.16239999,1.7333125,-0.356273292977356
1,1,463608.7061130777,-0.16239999,1.7331979,-0.35649906410292925
1,1,463613.70630935207,-0.16239999,1.7330834,-0.35672483533604665
1,1,463618.70650562644,-0.16239999,1.7330452,-0.35695060455656524
1,1,463623.7067019008,-0.16239999,1.7329307,-0.35717637455227286
1,1,463628.7068981752,-0.16239999,1.732797,-0.35740214328231973
1,1,463633.70709444955,-0.16239999,1.732778,-0.3576279131870988
1,1,463638.7072907239,-0.16239999,1.7327206,-0.3578536864455663
1,1,463643.7074869983,-0.16239999,1.7328352,-0.3580794578030273
1,1,463648.70768327266,-0.16239999,1.7325679,-0.35830522640895573
1,1,463653.70787954703,-0.16239999,1.7325488,-0.35853099255314697
1,1,463658.7080758214,-0.16239999,1.7325488,-0.35875676197958384
1,1,463663.70827209577,-0.16239999,1.7323388,-0.3589825338505844
1,1,463668.70846837014,-0.16239999,1.7324343,-0.35920830335066445
1,1,463673.7086646445,-0.16239999,1.7322625,-0.3594340696980173
1,1,463678.7088609189,-0.16239999,1.7322625,-0.35965983911981
1,1,463683.70905719325,-0.16239999,1.7322434,-0.3598856099219701
1,1,463688.7092534676,-0.16239999,1.7320716,-0.3601113790055437
1,1,463693.709449742,-0.16239999,1.7319762,-0.36033714765496944
1,1,463698.70964601636,-0.16239999,1.7319188,-0.3605629159997766
1,1,463703.70984229073,-0.16239999,1.731938,-0.3607886843466086
1,1,463708.7100385651,-0.16239999,1.7318807,-0.36101445341319655
1,1,463713.71023483947,-0.16239999,1.7318807,-0.3612402216348365
1,1,463718.71043111384,-0.16239999,1.7318044,-0.3614659892398639
1,1,463723.7106273882,-0.16239999,1.7316707,-0.36169175892258004
1,1,463728.7108236626,-0.16239999,1.731747,-0.3619175304394536
1,1,463733.7110199374,-0.16239999,1.7316515,-0.36214330019950103
1,1,463738.71121621225,-0.16239999,1.7317089,-0.36236907157385745
1,1,463743.7114124871,-0.16239999,1.7314225,-0.362594843154133
1,1,463748.7116087619,-0.16239999,1.731327,-0.36282061522614106
1,1,463753.71180503676,-0.16239999,1.7313843,-0.36304638492040814
1,1,463758.7120013116,-0.16239999,1.7312889,-0.3632721558538425
1,1,463763.7121975864,-0.16239999,1.7310026,-0.36349792562801286
1,1,463768.71239386126,-0.16239999,1.7310598,-0.3637236953214794
1,1,463773.7125901361,-0.16239999,1.731117,-0.36394946252122834
1,1,463778.71278641094,-0.16239999,1.730888,-0.364175231123583
1,1,463783.71298268577,-0.16239999,1.730888,-0.36440100160433586
1,1,463788.7131789606,-0.16239999,1.7308116,-0.3646267711574674
1,1,463793.71337523544,-0.16239999,1.7308497,-0.36485253902622383
1,1,463798.7135715103,-0.16239999,1.7306589,-0.3650783072757753
1,1,463803.7137677851,-0.16239999,1.730468,-0.36530407685715693
1,1,463808.71396405995,-0.16239999,1.7306207,-0.36552984616478273
1,1,463813.7141603348,-0.16239999,1.7305443,-0.3657556147972038
1,1,463818.7143566096,-0.16239999,1.7303153,-0.3659813832562656
1,1,463823.71455288446,-0.16239999,1.7303535,-0.3662071527648079
1,1,463828.7147491593,-0.16239999,1.7302389,-0.36643292143825934
1,1,463833.7149454339,-0.16239999,1.7302389,-0.366658688417529
1,1,463838.7151417085,-0.16239999,1.7300671,-0.3668844540104435
1,1,463843.7153379831,-0.16239999,1.7301244,-0.3671102192078928
1,1,463848.71553425724,-0.16239999,1.7299907,-0.3673359864394714
1,1,463853.71573053184,-0.16239999,1.7299335,-0.3675617518237299
1,1,463858.71592680644,-0.16239999,1.7299144,-0.36778751600041654
1,1,463863.71612308105,-0.16239999,1.7298952,-0.36801328377114567
1,1,463868.71631935565,-0.16239999,1.7297808,-0.36823905165487114
1,1,463873.71651563025,-0.16239999,1.7296089,-0.36846481799164416
1,1,463878.71671190485,-0.16239999,1.7297235,-0.36869058696767276
1,1,463883.7169081796,-0.16239999,1.7295517,-0.3689163531784142
1,1,463888.7171044543,-0.16239999,1.729418,-0.36914212135056074
1,1,463893.717300729,-0.16239999,1.7294943,-0.36936789186076485
1,1,463898.71749700373,-0.16239999,1.7295898,-0.3695936625811838
1,1,463903.71769327845,-0.16239999,1.7293226,-0.3698194319386151
1,1,463908.71788955317,-0.16239999,1.7293416,-0.3700452012037295
1,1,463913.7180858279,-0.16239999,1.7292463,-0.3702709714123921
1,1,463918.7182821026,-0.16239999,1.7290744,-0.3704967384012234
1,1,463923.7184783773,-0.16239999,1.7290553,-0.3707225046208956
1,1,463928.71867465205,-0.16239999,1.7290553,-0.37094827053624063
1,1,463933.71887092676,-0.16239999,1.7288835,-0.37117403973235275
1,1,463938.7190672015,-0.16239999,1.7290171,-0.37139981117213106
1,1,463943.71926347614,-0.16239999,1.7288644,-0.3716255819576143
1,1,463948.71945975086,-0.16239999,1.728769,-0.37185135494195093
1,1,463953.7196560256,-0.16239999,1.7287308,-0.3720771273142389
1,1,463958.71985230024,-0.16239999,1.7285972,-0.3723028973311707
1,1,463963.72004857496,-0.16239999,1.728559,-0.3725286654598804
1,1,463968.7202448497,-0.16239999,1.7285208,-0.37275443174427414
1,1,463973.72044112463,-0.16239999,1.728559,-0.3729801969865386
1,1,463978.72063739935,-0.16239999,1.7282917,-0.37320596098689235
1,1,463983.7208336741,-0.16239999,1.728349,-0.37343172348700376
1,1,463988.7210299487,-0.16239999,1.7282344,-0.3736574875513671
1,1,463993.7212262233,-0.16239999,1.7282153,-0.3738832528293894
1,1,463998.7214224979,-0.16239999,1.7281008,-0.374109018118047
1,1,464003.7216187725,-0.16239999,1.7280436,-0.3743347821968851
1,1,464008.7218150471,-0.16239999,1.7279481,-0.37456055020480594
1,1,464013.7220113217,-0.16239999,1.7280817,-0.3747863174334598
1,1,464018.7222075963,-0.16239999,1.7278144,-0.37501208405533426
1,1,464023.7224038709,-0.16239999,1.7277381,-0.3752378491936673
1,1,464028.7226001455,-0.16239999,1.7276808,-0.3754636147651407
1,1,464033.7227964201,-0.16239999,1.7275853,-0.37568938343680974
1,1,464038.72299269494,-0.16239999,1.7276236,-0.3759151536597286
1,1,464043.7231889698,-0.16239999,1.72749,-0.3761409252317738
1,1,464048.7233852446,-0.16239999,1.7273563,-0.3763666974754706
1,1,464053.72358151944,-0.16239999,1.7275281,-0.3765924687631693
1,1,464058.7237777943,-0.16239999,1.7272418,-0.3768182386258733
1,1,464063.7239740691,-0.16239999,1.7271653,-0.3770440094138384
1,1,464068.72417034395,-0.16239999,1.72707,-0.37726977966052216
1,1,464073.7243666188,-0.16239999,1.7269936,-0.3774955481722264
1,1,464078.7245628936,-0.16239999,1.72707,-0.3777213161691452
1,1,464083.72475916846,-0.16239999,1.7270126,-0.3779470866867379
1,1,464088.7249554433,-0.16239999,1.7268599,-0.3781728575781121
1,1,464093.7251517181,-0.16239999,1.7268027,-0.37839862669108815
1,1,464098.72534799296,-0.16239999,1.7269171,-0.37862439690375255
1,1,464103.7255442678,-0.16239999,1.7268599,-0.3788501678332994
1,1,464108.72574054264,-0.16239999,1.7265736,-0.37907593763381503
1,1,464113.725936817,-0.16239999,1.7265545,-0.3793017096093008
1,1,464118.72613309184,-0.16239999,1.7264018,-0.37952748191278357
1,1,464123.7263293667,-0.16239999,1.7263826,-0.379753250136931
1,1,464128.7265256415,-0.16239999,1.7263063,-0.3799790172496563
1,1,464133.72672191635,-0.16239999,1.7261727,-0.3802047860394974
1,1,464138.7269181907,-0.16239999,1.7261536,-0.38043055873358017
1,1,464143.7271144651,-0.16239999,1.7261345,-0.38065633445291897
1,1,464148.72731073946,-0.16239999,1.7261155,-0.38088210819926127
1,1,464153.7275070138,-0.16239999,1.7259436,-0.3811078824481974
1,1,464158.7277032882,-0.16239999,1.7259054,-0.3813336563899808
1,1,464163.72789956257,-0.16239999,1.7259436,-0.3815594270474779
1,1,464168.72809583694,-0.16239999,1.7258863,-0.38178519877741246
1,1,464173.7282921113,-0.16239999,1.725829,-0.382010971900065
1,1,464178.7284883857,-0.16239999,1.7256191,-0.3822367437622407
1,1,464183.72868466005,-0.16239999,1.7257146,-0.3824625178540971
1,1,464188.7288809344,-0.16239999,1.7256,-0.38268828963529494
1,1,464193.7290772088,-0.16239999,1.7256,-0.38291406056979393
1,1,464198.72927348316,-0.16239999,1.7254854,-0.38313983053727957
1,1,464203.7294697575,-0.16239999,1.72539,-0.3833656020736257
1,1,464208.7296660319,-0.16239999,1.725409,-0.3835913734967354
1,1,464213.72986230627,-0.16239999,1.7252945,-0.3838171436725103
1,1,464218.73005858064,-0.16239999,1.7252754,-0.3840429129372646
1,1,464223.730254855,-0.16239999,1.7251418,-0.38426868254764474
1,1,464228.7304511294,-0.16239999,1.7250845,-0.3844944527857272
1,1,464233.73064740375,-0.16239999,1.7249509,-0.3847202234570692
1,1,464238.7308436781,-0.16239999,1.7247791,-0.3849459941937312
1,1,464243.7310399525,-0.16239999,1.7248936,-0.38517176896913446
1,1,464248.73123622686,-0.16239999,1.7247027,-0.38539754471472915
1,1,464253.7314325012,-0.16239999,1.7247027,-0.3856233210409972
1,1,464258.7316287756,-0.16239999,1.72476,-0.3858490968764343
1,1,464263.73182504997,-0.16239999,1.7245691,-0.3860748718173812
1,1,464268.73202132434,-0.16239999,1.7242827,-0.3863006456041752
1,1,464273.7322175987,-0.16239999,1.7242827,-0.3865264193548645
1,1,464278.7324138731,-0.16239999,1.7242446,-0.38675219382166964
1,1,464283.73261014745,-0.16239999,1.7243973,-0.38697796868977713
1,1,464288.7328064218,-0.16239999,1.7242827,-0.3872037435631613
1,1,464293.7330026962,-0.16239999,1.7241491,-0.38742951920466884
1,1,464298.73319897056,-0.16239999,1.7239583,-0.3876552933555106
1,1,464303.7333952449,-0.16239999,1.7239391,-0.3878810674522595
1,1,464308.7335915193,-0.16239999,1.7239391,-0.3881068450448771
1,1,464313.73378779367,-0.16239999,1.7238437,-0.3883326219142801
1,1,464318.73398406804,-0.16239999,1.7238437,-0.3885583971246424
1,1,464323.7341803424,-0.16239999,1.7238818,-0.38878417306766255
1,1,464328.7343766168,-0.16239999,1.723691,-0.38900995031778357
1,1,464333.73457289115,-0.16239999,1.7234809,-0.3892357266982066
1,1,464338.7347691655,-0.16239999,1.7235191,-0.389461502215585
1,1,464343.7349654399,-0.16239999,1.7235191,-0.3896872815936821
1,1,464348.73516171426,-0.16239999,1.7234045,-0.3899130602223344
1,1,464353.7353579886,-0.16239999,1.7234237,-0.3901388362566821
1,1,464358.735554263,-0.16239999,1.7231755,-0.39036461294595326
1,1,464363.73575053737,-0.16239999,1.72308,-0.3905903861942251
1,1,464368.73594681174,-0.16239999,1.723061,-0.39081615724829594
1,1,464373.7361430861,-0.16239999,1.7230037,-0.3910419316684547
1,1,464378.7363393605,-0.16239999,1.7230228,-0.39126770548911655
1,1,464383.73653563485,-0.16239999,1.7230037,-0.3914934800720026
1,1,464388.7367319092,-0.16239999,1.7228509,-0.3917192565542792
1,1,464393.7369281836,-0.16239999,1.7227365,-0.39194503365185623
1,1,464398.73712445796,-0.16239999,1.7226219,-0.3921708095266117
1,1,464403.7373207323,-0.16239999,1.7224692,-0.3923965852111257
1,1,464408.7375170067,-0.16239999,1.72245,-0.39262236034414355
1,1,464413.73771328107,-0.16239999,1.7223737,-0.39284813724679435
1,1,464418.73790955544,-0.16239999,1.7222592,-0.39307391472592634
1,1,464423.7381058298,-0.16239999,1.7221828,-0.39329969287937727
1,1,464428.7383021042,-0.16239999,1.7222782,-0.3935254708802544
1,1,464433.73849837855,-0.16239999,1.7220874,-0.3937512455325335
1,1,464438.7386946529,-0.16239999,1.722011,-0.3939770212894423
1,1,464443.7388909273,-0.16239999,1.7221065,-0.394202800390853
1,1,464448.73908720165,-0.16239999,1.721782,-0.39442857900469436
1,1,464453.739283476,-0.16239999,1.7217056,-0.3946543575693172
1,1,464458.7394797504,-0.16239999,1.7218583,-0.3948801365043804
1,1,464463.73967602476,-0.16239999,1.7216674,-0.3951059175363466
1,1,464468.73987229913,-0.16239999,1.7215338,-0.39533169671213725
1,1,464473.7400685735,-0.16239999,1.7214574,-0.3955574762062606
1,1,464478.7402648479,-0.16239999,1.7214383,-0.3957832549113525
1,1,464483.74046112224,-0.16239999,1.7212665,-0.3960090348958772
1,1,464488.7406573966,-0.16239999,1.7212665,-0.3962348157619521
1,1,464493.740853671,-0.16239999,1.7212474,-0.39646059554737656
1,1,464498.74104994535,-0.16239999,1.7211329,-0.39668637292703424
1,1,464503.7412462197,-0.16239999,1.7211329,-0.3969121503858427
1,1,464508.7414424941,-0.16239999,1.7209228,-0.3971379276066871
1,1,464513.74163876846,-0.16239999,1.7210565,-0.3973637082392326
1,1,464518.74183504283,-0.16239999,1.7207892,-0.3975894879032706
1,1,464523.7420313172,-0.16239999,1.7208273,-0.3978152661217908
1,1,464528.74222759204,-0.16239999,1.7205219,-0.39804104468219825
1,1,464533.7424238669,-0.16239999,1.7206746,-0.3982668228771034
1,1,464538.7426201417,-0.16239999,1.7204838,-0.39849260377325796
1,1,464543.74281641655,-0.16239999,1.7203692,-0.3987183844750583
1,1,464548.7430126914,-0.16239999,1.7202547,-0.39894416939315464
1,1,464553.7432089662,-0.16239999,1.7201784,-0.3991699524275215
1,1,464558.74340524105,-0.16239999,1.7201784,-0.3993957330676203
1,1,464563.7436015159,-0.16239999,1.7200447,-0.39962151634315496
1,1,464568.7437977907,-0.16239999,1.7200257,-0.3998472995190464
1,1,464573.74399406556,-0.16239999,1.7198538,-0.4000730773820696
1,1,464578.7441903404,-0.16239999,1.7197775,-0.40029885605041526
1,1,464583.74438661477,-0.16239999,1.7197965,-0.40052463666130034
1,1,464588.7445828896,-0.16239999,1.7196438,-0.40075041364749037
1,1,464593.74477916444,-0.16239999,1.7194911,-0.4009761915142645
1,1,464598.7449754393,-0.16239999,1.7194338,-0.40120196942314185
1,1,464603.7451717141,-0.16239999,1.7193766,-0.4014277434925877
1,1,464608.74536798894,-0.16239999,1.7193002,-0.4016535175012318
1,1,464613.7455642638,-0.16239999,1.7192047,-0.40187929106821624
1,1,464618.7457605386,-0.16239999,1.7193002,-0.4021050628199694
1,1,464623.74595681345,-0.16239999,1.719071,-0.4023308361516587
1,1,464628.74615308805,-0.16239999,1.7191093,-0.40255661364159573
1,1,464633.74634936266,-0.16239999,1.7189947,-0.4027823909264224
1,1,464638.74654563726,-0.16239999,1.7189566,-0.4030081684479962
1,1,464643.74674191186,-0.16239999,1.718842,-0.40323394480859326
1,1,464648.74693818646,-0.16239999,1.718823,-0.40345972233967486
1,1,464653.74713446107,-0.16239999,1.7187084,-0.40368550011073717
1,1,464658.74733073567,-0.16239999,1.7187275,-0.40391128025183165
1,1,464663.7475270103,-0.16239999,1.718651,-0.4041370573189449
1,1,464668.7477232849,-0.16239999,1.7186129,-0.4043628327116991
1,1,464673.7479195595,-0.16239999,1.7186702,-0.4045886103064509
1,1,464678.7481158342,-0.16239999,1.7184793,-0.40481438616215687
1,1,464683.7483121089,-0.16239999,1.7183838,-0.4050401645154845
1,1,464688.74850838364,-0.16239999,1.7182884,-0.4052659417051648
1,1,464693.74870465836,-0.16239999,1.7182884,-0.4054917202276761
1,1,464698.7489009331,-0.16239999,1.7181357,-0.40571750044041455
1,1,464703.7490972078,-0.16239999,1.7180021,-0.4059432770980911
1,1,464708.74929348275,-0.16239999,1.7180402,-0.4061690545236162
1,1,464713.74948975747,-0.16239999,1.7179066,-0.4063948326451977
1,1,464718.7496860322,-0.16239999,1.7179066,-0.40662060911686637
1,1,464723.7498823069,-0.16239999,1.7178111,-0.4068463875887974
1,1,464728.7500785816,-0.16239999,1.7176775,-0.40707216617358477
1,1,464733.75027485634,-0.16239999,1.7176012,-0.40729794489702914
1,1,464738.75047113106,-0.16239999,1.7176393,-0.4075237197287364
1,1,464743.7506674057,-0.16239999,1.7175057,-0.40774949306576036
1,1,464748.75086368044,-0.16239999,1.7174866,-0.40797526603219075
1,1,464753.7510599551,-0.16239999,1.7173911,-0.4082010419780802
1,1,464758.7512562298,-0.16239999,1.7174866,-0.40842681763307415
1,1,464763.75145250454,-0.16239999,1.7172384,-0.40865259207795807
1,1,464768.75164877926,-0.16239999,1.7171239,-0.4088783676535851
1,1,464773.75184505386,-0.16239999,1.7170666,-0.40910414247458504
1,1,464778.75204132847,-0.16239999,1.7169902,-0.40932991630338705
1,1,464783.75223760307,-0.16239999,1.7170284,-0.40955569046803886
1,1,464788.7524338777,-0.16239999,1.716933,-0.4097814639830067
1,1,464793.7526301523,-0.16239999,1.716742,-0.4100072386164714
1,1,464798.7528264269,-0.16239999,1.7168185,-0.4102330133561409
1,1,464803.7530227015,-0.16239999,1.7166084,-0.41045878753104303
1,1,464808.7532189761,-0.16239999,1.7165512,-0.41068455904476175
1,1,464813.7534152507,-0.16239999,1.7165893,-0.4109103306765473
1,1,464818.7536115253,-0.16239999,1.7163985,-0.41113610211092727
1,1,464823.7538077999,-0.16239999,1.7162075,-0.41136187322900525
1,1,464828.7540040747,-0.16239999,1.7162458,-0.4115876437824451
1,1,464833.75420034956,-0.16239999,1.7161312,-0.4118134137063896
1,1,464838.7543966244,-0.16239999,1.7160739,-0.4120391836296121
1,1,464843.75459289923,-0.16239999,1.7159212,-0.41226495616697023
1,1,464848.75478917407,-0.16239999,1.7158449,-0.41249073029092287
1,1,464853.75498544844,-0.16239999,1.7158449,-0.4127165019421917
1,1,464858.7551817233,-0.16239999,1.7157494,-0.41294227874257833
1,1,464863.7553779981,-0.16239999,1.7156539,-0.4131680548419671
1,1,464868.75557427295,-0.16239999,1.7156922,-0.413393832067079
1,1,464873.7557705478,-0.16239999,1.715463,-0.41361960663371866
1,1,464878.7559668226,-0.16239999,1.7154821,-0.41384538372951585
1,1,464883.75616309745,-0.16239999,1.7153485,-0.4140711605893415
1,1,464888.7563593723,-0.16239999,1.7153294,-0.4142969376731656
1,1,464893.7565556471,-0.16239999,1.7151194,-0.4145227118200594
1,1,464898.75675192196,-0.16239999,1.7150431,-0.4147484823048761
1,1,464903.7569481968,-0.16239999,1.7149476,-0.4149742535489682
1,1,464908.75714447163,-0.16239999,1.7149285,-0.41520002535494754
1,1,464913.75734074647,-0.16239999,1.714833,-0.41542579749316233
1,1,464918.7575370213,-0.16239999,1.7149667,-0.4156515712236307
1,1,464923.75773329614,-0.16239999,1.7147375,-0.41587734277762395
1,1,464928.757929571,-0.16239999,1.7146612,-0.4161031140599334
1,1,464933.75812584534,-0.16239999,1.7145276,-0.41632888561153497
1,1,464938.7583221197,-0.16239999,1.7145467,-0.4165546575646641
1,1,464943.7585183941,-0.16239999,1.7143558,-0.41678042967459233
1,1,464948.75871466845,-0.16239999,1.7142794,-0.41700620140657246
1,1,464953.7589109428,-0.16239999,1.7143558,-0.4172319752697473
1,1,464958.7591072172,-0.16239999,1.7143749,-0.4174577526826867
1,1,464963.75930349156,-0.16239999,1.7142031,-0.41768352824107724
1,1,464968.75949976593,-0.16239999,1.7141649,-0.4179093014662729
1,1,464973.7596960403,-0.16239999,1.7139931,-0.4181350747671351
1,1,464978.7598923147,-0.16239999,1.7140312,-0.41836084865615597
1,1,464983.76008858904,-0.16239999,1.7140695,-0.418586622538449
1,1,464988.7602848634,-0.16239999,1.7138213,-0.41881239567648704
1,1,464993.7604811378,-0.16239999,1.713783,-0.4190381688719268
1,1,464998.76067741215,-0.16239999,1.713535,-0.41926394429450653
1,1,465003.7608736865,-0.16239999,1.7134585,-0.4194897206631568
1,1,465008.7610699609,-0.16239999,1.7132485,-0.4197154955941696
1,1,465013.76126623526,-0.16239999,1.713535,-0.41994127001028514
1,1,465018.76146250963,-0.16239999,1.713363,-0.42016704435120944
1,1,465023.761658784,-0.16239999,1.7131913,-0.4203928190698873
1,1,465028.7618550584,-0.16239999,1.7131531,-0.4206185945016577
1,1,465033.76205133274,-0.16239999,1.7131531,-0.42084437155857857
1,1,465038.7622476071,-0.16239999,1.7130576,-0.42107014756843375
1,1,465043.7624438815,-0.16239999,1.7130958,-0.4212959246178726
1,1,465048.76264015585,-0.16239999,1.7129812,-0.42152170269888567
1,1,465053.7628364302,-0.16239999,1.7128094,-0.4217474811439035
1,1,465058.7630327046,-0.16239999,1.7127331,-0.4219732588709387
1,1,465063.76322897896,-0.16239999,1.7126949,-0.42219903731986064
1,1,465068.76342525333,-0.16239999,1.7127141,-0.4224248145699792
1,1,465073.7636215277,-0.16239999,1.7125612,-0.4226505913332926
1,1,465078.7638178021,-0.16239999,1.7124085,-0.42287637130939976
1,1,465083.76401407644,-0.16239999,1.7123704,-0.4231021506180475
1,1,465088.7642103508,-0.16239999,1.7122558,-0.423327926597145
1,1,465093.7644066252,-0.16239999,1.7121603,-0.42355370103173223
1,1,465098.76460289955,-0.16239999,1.7122558,-0.4237794745197836
1,1,465103.7647991739,-0.16239999,1.7121603,-0.42400524802987877
1,1,465108.7649954483,-0.16239999,1.712065,-0.42423102329388945
1,1,465113.76519172266,-0.16239999,1.7117786,-0.4244567971085693
1,1,465118.76538799703,-0.16239999,1.7118549,-0.42468256884413486
1,1,465123.7655842714,-0.16239999,1.7117404,-0.4249083395631738
1,1,465128.7657805458,-0.16239999,1.7117213,-0.4251341127544561
1,1,465133.76597682014,-0.16239999,1.7117213,-0.42535988728704993
1,1,465138.7661730945,-0.16239999,1.7116258,-0.4255856627201192
1,1,465143.7663693689,-0.16239999,1.7115304,-0.42581142952505197
1,1,465148.76656564325,-0.16239999,1.7113204,-0.4260371960111727
1,1,465153.7667619176,-0.16239999,1.7112823,-0.4262629678727507
1,1,465158.766958192,-0.16239999,1.7113777,-0.42648874282925603
1,1,465163.76715446636,-0.16239999,1.7111868,-0.42671451662274806
1,1,465168.76735074073,-0.16239999,1.7109768,-0.4269402933512142
1,1,465173.7675470151,-0.16239999,1.7109959,-0.42716606908228105
1,1,465178.76774328947,-0.16239999,1.7108432,-0.4273918442358302
1,1,465183.76793956384,-0.16239999,1.7107668,-0.42761762093319017
1,1,465188.7681358382,-0.16239999,1.7107286,-0.42784339503837227
1,1,465193.7683321126,-0.16239999,1.7106713,-0.4280691690462631
1,1,465198.76852838695,-0.16239999,1.7106332,-0.42829494210017405
1,1,465203.7687246613,-0.16239999,1.7104805,-0.42852071616675225
1,1,465208.7689209357,-0.16239999,1.7105759,-0.4287464907935843
1,1,465213.76911721006,-0.16239999,1.7102132,-0.4289722665784725
1,1,465218.76931348443,-0.16239999,1.7100986,-0.4291980406033142
1,1,465223.7695097588,-0.16239999,1.710175,-0.42942381372938904
1,1,465228.76970603317,-0.16239999,1.710175,-0.4296495847923319
1,1,465233.76990230754,-0.16239999,1.7099078,-0.4298753576220293
1,1,465238.7700985819,-0.16239999,1.709736,-0.43010113178951564
1,1,465243.7702948563,-0.16239999,1.7099268,-0.4303269061484066
1,1,465248.77049113065,-0.16239999,1.7097551,-0.4305526796559594
1,1,465253.770687405,-0.16239999,1.7097932,-0.4307784518278077
1,1,465258.7708836794,-0.16239999,1.7097741,-0.43100422242017356
1,1,465263.77107995376,-0.16239999,1.709526,-0.43122999233947795
1,1,465268.77127622813,-0.16239999,1.7093923,-0.43145576658018037
1,1,465273.7714725025,-0.16239999,1.709526,-0.4316815426636986
1,1,465278.77166877687,-0.16239999,1.7094114,-0.4319073175190102
1,1,465283.77186505124,-0.16239999,1.7093923,-0.4321330932054969
1,1,465288.7720613256,-0.16239999,1.7092205,-0.43235886772476906
1,1,465293.7722576,-0.16239999,1.7091632,-0.4325846401817453
1,1,465298.77245387435,-0.16239999,1.7091441,-0.4328104141412719
1,1,465303.7726501487,-0.16239999,1.709125,-0.433036186826529
1,1,465308.7728464231,-0.16239999,1.7087814,-0.43326195724759853
1,1,465313.77304269746,-0.16239999,1.7089533,-0.43348772967374927
1,1,465318.77323897183,-0.16239999,1.7088959,-0.4337135012167984
1,1,465323.7734352462,-0.16239999,1.7088196,-0.4339392716835094
1,1,465328.77363152103,-0.16239999,1.7086287,-0.434165041138963
1,1,465333.77382779587,-0.16239999,1.7086287,-0.4343908092072567
1,1,465338.7740240707,-0.16239999,1.7083806,-0.4346165772838065
1,1,465343.77422034554,-0.16239999,1.708495,-0.43484234554995865
1,1,465348.7744166204,-0.16239999,1.7083423,-0.43506811410556007
1,1,465353.7746128952,-0.16239999,1.7081133,-0.4352938830161403
1,1,465358.77480917005,-0.16239999,1.7081515,-0.4355196520572638
1,1,465363.7750054449,-0.16239999,1.7081515,-0.43574542342159667
1,1,465368.7752017197,-0.16239999,1.7079414,-0.4359711947258365
1,1,465373.77539799456,-0.16239999,1.7077315,-0.4361969677168663
1,1,465378.7755942694,-0.16239999,1.7077124,-0.43642273962659495
1,1,465383.7757905442,-0.16239999,1.7075788,-0.43664851515913117
1,1,465388.77598681906,-0.16239999,1.7074833,-0.43687429099955105
1,1,465393.7761830939,-0.16239999,1.7075214,-0.43710006578873456
1,1,465398.77637936873,-0.16239999,1.7075214,-0.43732583711978323
1,1,465403.77657564357,-0.16239999,1.7072732,-0.43755160700297385
1,1,465408.7767719184,-0.16239999,1.707216,-0.43777738154652496
1,1,465413.77696819324,-0.16239999,1.707197,-0.4380031549614613
1,1,465418.7771644681,-0.16239999,1.7071396,-0.43822892810922315
1,1,465423.7773607427,-0.16239999,1.707197,-0.43845470629350297
1,1,465428.7775570173,-0.16239999,1.7071779,-0.4386804853698391
1,1,465433.7777532919,-0.16239999,1.7070824,-0.43890626341710937
1,1,465438.7779495665,-0.16239999,1.706777,-0.4391320366780604
1,1,465443.7781458411,-0.16239999,1.706796,-0.43935781088803244
1,1,465448.7783421159,-0.16239999,1.7067387,-0.4395835806317887
1,1,465453.7785383905,-0.16239999,1.7067196,-0.43980935029106366
1,1,465458.77873466513,-0.16239999,1.7065288,-0.4400351213355117
1,1,465463.77893093973,-0.16239999,1.7065097,-0.44026089287895076
1,1,465468.77912721434,-0.16239999,1.7064714,-0.44048666640177064
1,1,465473.77932348906,-0.16239999,1.7064524,-0.4407124389286565
1,1,465478.7795197638,-0.16239999,1.706357,-0.4409382125564733
1,1,465483.7797160385,-0.16239999,1.7062042,-0.44116398545257934
1,1,465488.7799123132,-0.16239999,1.7062615,-0.4413897579761696
1,1,465493.78010858793,-0.16239999,1.7060515,-0.4416155307312138
1,1,465498.78030486265,-0.16239999,1.7059752,-0.4418413049269668
1,1,465503.7805011374,-0.16239999,1.7059752,-0.44206707760971636
1,1,465508.7806974121,-0.16239999,1.7058797,-0.4422928489094536
1,1,465513.7808936867,-0.16239999,1.7055552,-0.4425186205954487
1,1,465518.7810899614,-0.16239999,1.7056696,-0.44274439429834667
1,1,465523.78128623613,-0.16239999,1.7055552,-0.4429701665728011
1,1,465528.7814825108,-0.16239999,1.7054979,-0.44319593909822586
1,1,465533.7816787855,-0.16239999,1.7053452,-0.44342171160765753
1,1,465538.78187506023,-0.16239999,1.7052689,-0.44364748177046426
1,1,465543.78207133495,-0.16239999,1.7051734,-0.4438732514049677
1,1,465548.7822676096,-0.16239999,1.7049824,-0.44409902246192523
1,1,465553.78246388433,-0.16239999,1.7049633,-0.4443247927060667
1,1,465558.78266015905,-0.16239999,1.7049633,-0.4445505634956204
1,1,465563.78285643377,-0.16239999,1.7047534,-0.44477633278583667
1,1,465568.7830527085,-0.16239999,1.7045243,-0.44500210324715755
1,1,465573.7832489831,-0.16239999,1.7045624,-0.44522787765031735
1,1,465578.7834452577,-0.16239999,1.7045815,-0.44545365047991126
1,1,465583.7836415323,-0.16239999,1.7044288,-0.44567942324334314
1,1,465588.7838378069,-0.16239999,1.7041998,-0.4459051959512409
1,1,465593.78403408104,-0.16239999,1.704047,-0.44613096884918724
1,1,465598.78423035564,-0.16239999,1.7039707,-0.4463567418563773
1,1,465603.78442663024,-0.16239999,1.7038943,-0.44658251529455695
1,1,465608.78462290484,-0.16239999,1.7036843,-0.44680828781421494
1,1,465613.78481917945,-0.16239999,1.7038561,-0.4470340598855202
1,1,465618.78501545405,-0.16239999,1.7038752,-0.4472598339375987
1,1,465623.7852117289,-0.16239999,1.7037225,-0.447485606876505
1,1,465628.7854080037,-0.16239999,1.7036653,-0.44771137678670725
1,1,465633.78560427856,-0.16239999,1.7037416,-0.4479371464997349
1,1,465638.7858005534,-0.16239999,1.7034743,-0.44816291438758876
1,1,465643.7859968282,-0.16239999,1.7035316,-0.4483886864702669
1,1,465648.78619310306,-0.16239999,1.7034171,-0.44861445848748344
1,1,465653.7863893779,-0.16239999,1.703398,-0.4488402287323136
1,1,465658.78658565274,-0.16239999,1.7033597,-0.4490659995195924
1,1,465663.78678192757,-0.16239999,1.703188,-0.44929177188963115
1,1,465668.7869782024,-0.16239999,1.7031498,-0.4495175470258933
1,1,465673.78717447724,-0.16239999,1.7030352,-0.4497433194454147
1,1,465678.7873707521,-0.16239999,1.7029016,-0.44996909240215355
1,1,465683.7875670269,-0.16239999,1.7028444,-0.45019486903562894
1,1,465688.78776330175,-0.16239999,1.7026153,-0.45042064584618974
1,1,465693.7879595766,-0.16239999,1.7025198,-0.45064641883174994
1,1,465698.7881558514,-0.16239999,1.7023861,-0.45087219450792504
1,1,465703.78835212626,-0.16239999,1.702348,-0.4510979696633435
1,1,465708.7885484011,-0.16239999,1.7024626,-0.45132374019902527
1,1,465713.7887446759,-0.16239999,1.7022334,-0.4515495134571277
1,1,465718.78894095076,-0.16239999,1.7020807,-0.45177528585686283
1,1,465723.7891372256,-0.16239999,1.7021571,-0.45200105667317325
1,1,465728.78933349997,-0.16239999,1.701928,-0.45222682946249343
1,1,465733.78952977434,-0.16239999,1.701928,-0.4524526026300713
1,1,465738.7897260487,-0.16239999,1.7018707,-0.45267837551943707
1,1,465743.7899223231,-0.16239999,1.7017753,-0.45290414835753456
1,1,465748.79011859745,-0.16239999,1.7016226,-0.4531299215099472
1,1,465753.7903148718,-0.16239999,1.7015462,-0.45335569374578194
1,1,465758.7905111462,-0.16239999,1.7015462,-0.4535814675357035
1,1,465763.79070742056,-0.16239999,1.701489,-0.4538072381348088
1,1,465768.7909036949,-0.16239999,1.7015653,-0.4540330091754471
1,1,465773.7910999693,-0.16239999,1.7011453,-0.4542587794324234
1,1,465778.79129624367,-0.16239999,1.7010881,-0.45448455176946934
1,1,465783.79149251804,-0.16239999,1.7009926,-0.45471032487615365
1,1,465788.7916887924,-0.16239999,1.7010117,-0.45493609714325683
1,1,465793.7918850668,-0.16239999,1.7009354,-0.45516187291365034
1,1,465798.79208134115,-0.16239999,1.7008399,-0.4553876479161183
1,1,465803.7922776155,-0.16239999,1.7008208,-0.4556134211513673
1,1,465808.7924738899,-0.16239999,1.7005153,-0.45583919233706427
1,1,465813.79267016426,-0.16239999,1.7004771,-0.4560649644297303
1,1,465818.7928664386,-0.16239999,1.7004962,-0.4562907337722257
1,1,465823.793062713,-0.16239999,1.7005153,-0.45651650196083055
1,1,465828.79325898737,-0.16239999,1.7004962,-0.45674226928195355
1,1,465833.79345526174,-0.16239999,1.7003053,-0.45696803598745744
1,1,465838.7936515361,-0.16239999,1.7002672,-0.45719380210352023
1,1,465843.7938478105,-0.16239999,1.7000381,-0.45741956980745657
1,1,465848.79404408485,-0.16239999,1.6999426,-0.4576453345886883
1,1,465853.7942403592,-0.16239999,1.6999235,-0.45787110138577886
1,1,465858.7944366336,-0.16239999,1.6997135,-0.45809686782263054
1,1,465863.79463290796,-0.16239999,1.699599,-0.4583226357381882
1,1,465868.7948291823,-0.16239999,1.6995226,-0.4585484047725913
1,1,465873.7950254567,-0.16239999,1.6995035,-0.45877417366294565
1,1,465878.79522173107,-0.16239999,1.6995035,-0.4589999434903902
1,1,465883.79541800544,-0.16239999,1.699408,-0.45922571021497666
1,1,465888.7956142798,-0.16239999,1.6991408,-0.45945148127900065
1,1,465893.7958105542,-0.16239999,1.6989118,-0.45967725588803326
1,1,465898.79600682855,-0.16239999,1.6989499,-0.4599030298891854
1,1,465903.7962031029,-0.16239999,1.6991217,-0.4601288028189143
1,1,465908.7963993773,-0.16239999,1.6989309,-0.4603545767298548
1,1,465913.79659565166,-0.16239999,1.6987972,-0.4605803472464242
1,1,465918.796791926,-0.16239999,1.6988926,-0.4608061141985142
1,1,465923.7969882004,-0.16239999,1.6986253,-0.46103188168903775
1,1,465928.79718447477,-0.16239999,1.69853,-0.4612576487415781
1,1,465933.79738074914,-0.16239999,1.6985681,-0.46148341631006534
1,1,465938.7975770235,-0.16239999,1.698358,-0.46170918211217393
1,1,465943.7977732979,-0.16239999,1.6983773,-0.4619349482511456
1,1,465948.79796957225,-0.16239999,1.6980717,-0.46216071280166676
1,1,465953.7981658466,-0.16239999,1.6980526,-0.4623864754227144
1,1,465958.798362121,-0.16239999,1.6978618,-0.46261224090528824
1,1,465963.79855839536,-0.16239999,1.6978236,-0.4628380082126451
1,1,465968.7987546697,-0.16239999,1.6978236,-0.4630637748447757
1,1,465973.7989509441,-0.16239999,1.6976327,-0.46328954070273465
1,1,465978.79914721847,-0.16239999,1.6975754,-0.4635153052675783
1,1,465983.79934349284,-0.16239999,1.6974609,-0.463741068125051
1,1,465988.7995397672,-0.16239999,1.6972891,-0.46396683225953667
1,1,465993.7997360416,-0.16239999,1.6972891,-0.4641925965563581
1,1,465998.79993231595,-0.16239999,1.6973273,-0.4644183621153956
1,1,466003.8001285903,-0.16239999,1.6971363,-0.46464412636168473
1,1,466008.8003248647,-0.16239999,1.6970026,-0.46486989172856846
1,1,466013.80052113906,-0.16239999,1.6969836,-0.4650956555116392
1,1,466018.8007174134,-0.16239999,1.6968882,-0.4653214176794365
1,1,466023.8009136878,-0.16239999,1.69685,-0.4655471768924437
1,1,466028.80110996217,-0.16239999,1.6967546,-0.4657729382744357
1,1,466033.80130623654,-0.16239999,1.6967354,-0.4659986973005873
1,1,466038.8015025109,-0.16239999,1.6967163,-0.4662244564834022
1,1,466043.8016987853,-0.16239999,1.696621,-0.4664502168317247
1,1,466048.80189505965,-0.16239999,1.6965445,-0.46667597986786735
1,1,466053.802091334,-0.16239999,1.696449,-0.4669017439471144
1,1,466058.8022876084,-0.16239999,1.6962963,-0.46712750787530677
1,1,466063.80248388276,-0.16239999,1.6962391,-0.46735327326767234
1,1,466068.8026801571,-0.16239999,1.6961436,-0.46757903795439093
1,1,466073.8028764315,-0.16239999,1.6960481,-0.46780480339169755
1,1,466078.80307270586,-0.16239999,1.6958191,-0.4680305660814594
1,1,466083.80326898023,-0.16239999,1.6958191,-0.4682563311440912
1,1,466088.8034652546,-0.16239999,1.6957237,-0.468482094641813
1,1,466093.803661529,-0.16239999,1.6957427,-0.46870785665079373
1,1,466098.80385780334,-0.16239999,1.6957427,-0.4689336193299045
1,1,466103.8040540777,-0.16239999,1.6955328,-0.46915938532576046
1,1,466108.8042503521,-0.16239999,1.6954945,-0.4693851510058393
1,1,466113.80444662645,-0.16239999,1.6953037,-0.4696109173602933
1,1,466118.8046429008,-0.16239999,1.6952273,-0.4698366816920654
1,1,466123.80483917566,-0.16239999,1.6951891,-0.47006244680551185
1,1,466128.8050354505,-0.16239999,1.6950936,-0.47028821150577477
1,1,466133.80523172533,-0.16239999,1.69496,-0.4705139778814357
1,1,466138.80542800017,-0.16239999,1.6948456,-0.4707397407414383
1,1,466143.805624275,-0.16239999,1.6947119,-0.4709655057183893
1,1,466148.80582054984,-0.16239999,1.6946546,-0.47119126985815996
1,1,466153.8060168247,-0.16239999,1.694521,-0.47141703442531246
1,1,466158.8062130995,-0.16239999,1.6944064,-0.4716427982679647
1,1,466163.80640937435,-0.16239999,1.6943682,-0.4718685614227015
1,1,466168.8066056492,-0.16239999,1.6942537,-0.4720943224126291
1,1,466173.806801924,-0.16239999,1.6941391,-0.4723200836272306
1,1,466178.80699819885,-0.16239999,1.6940628,-0.47254584328138083
1,1,466183.8071944737,-0.16239999,1.6938337,-0.47277160530050927
1,1,466188.8073907485,-0.16239999,1.6939101,-0.47299736699810874
1,1,466193.80758702336,-0.16239999,1.6937191,-0.47322312882982276
1,1,466198.8077832982,-0.16239999,1.6935664,-0.4734488909689552
1,1,466203.80797957303,-0.16239999,1.693681,-0.4736746520760059
1,1,466208.80817584787,-0.16239999,1.693471,-0.4739004152498096
1,1,466213.8083721227,-0.16239999,1.6931465,-0.47412618006572205
1,1,466218.80856839754,-0.16239999,1.6933182,-0.47435194496273825
1,1,466223.80876467214,-0.16239999,1.6932801,-0.4745777103447417
1,1,466228.80896094674,-0.16239999,1.6932037,-0.47480347462601546
1,1,466233.80915722135,-0.16239999,1.6931083,-0.47502923933867947
1,1,466238.80935349595,-0.16239999,1.6928983,-0.4752550020542915
1,1,466243.80954977055,-0.16239999,1.6929364,-0.47548076354062063
1,1,466248.80974604515,-0.16239999,1.6928028,-0.47570652246799655
1,1,466253.80994231976,-0.16239999,1.6925547,-0.47593228379501656
1,1,466258.81013859436,-0.16239999,1.692631,-0.4761580475084004
1,1,466263.81033486896,-0.16239999,1.6924592,-0.47638380900399063
1,1,466268.81053114356,-0.16239999,1.6924402,-0.4766095722393237
1,1,466273.8107274183,-0.16239999,1.6923447,-0.4768353338881318
1,1,466278.810923693,-0.16239999,1.6921155,-0.4770610970003473
1,1,466283.8111199677,-0.16239999,1.692211,-0.47728685997132636
1,1,466288.81131624244,-0.16239999,1.6920774,-0.4775126216742522
1,1,466293.81151251716,-0.16239999,1.691791,-0.47773838526584306
1,1,466298.8117087919,-0.16239999,1.6919247,-0.47796414655512837
1,1,466303.8119050666,-0.16239999,1.6917338,-0.4781899098209757
1,1,466308.8121013413,-0.16239999,1.6916384,-0.47841567249109035
1,1,466313.81229761604,-0.16239999,1.6915047,-0.47864143600348236
1,1,466318.81249389076,-0.16239999,1.6915047,-0.47886720462247584
1,1,466323.8126901654,-0.16239999,1.6914283,-0.4790929703525158
1,1,466328.8128864397,-0.16239999,1.6914666,-0.4793187370802009
1,1,466333.8130827144,-0.16239999,1.6913137,-0.4795445046333474
1,1,466338.8132789891,-0.16239999,1.6912184,-0.47977027340487494
1,1,466343.8134752638,-0.16239999,1.6910847,-0.4799960392054959
1,1,466348.8136715385,-0.16239999,1.690932,-0.4802218008831948
1,1,466353.8138678132,-0.16239999,1.690932,-0.48044756120037224
1,1,466358.8140640879,-0.16239999,1.6908556,-0.4806733212508379
1,1,466363.81426036265,-0.16239999,1.6907029,-0.48089908079189825
1,1,466368.81445663725,-0.16239999,1.6905884,-0.48112484049140763
1,1,466373.8146529121,-0.16239999,1.6904929,-0.481350601255975
1,1,466378.8148491867,-0.16239999,1.6904547,-0.4815763625834081
1,1,466383.8150454613,-0.16239999,1.6904738,-0.48180212210351575
1,1,466388.8152417359,-0.16239999,1.6902065,-0.4820278813117322
1,1,466393.8154380105,-0.16239999,1.6902448,-0.4822536402066368
1,1,466398.8156342851,-0.16239999,1.6901112,-0.4824793993307701
1,1,466403.8158305597,-0.16239999,1.6900538,-0.4827051616998697
1,1,466408.8160268343,-0.16239999,1.6899393,-0.48293092271208116
1,1,466413.8162231089,-0.16239999,1.6897866,-0.48315668027259256
1,1,466418.8164193835,-0.16239999,1.6896148,-0.483382440411158
1,1,466423.81661565835,-0.16239999,1.6897484,-0.4836082030262104
1,1,466428.8168119332,-0.16239999,1.6896148,-0.48383396761191316
1,1,466433.817008208,-0.16239999,1.6894238,-0.48405973138330144
1,1,466438.81720448285,-0.16239999,1.6893094,-0.4842854947410666
1,1,466443.8174007577,-0.16239999,1.6892902,-0.4845112550980748
1,1,466448.8175970325,-0.16239999,1.6891565,-0.4847370179873226
1,1,466453.81779330736,-0.16239999,1.6890993,-0.48496277745820676
1,1,466458.8179895822,-0.16239999,1.6891184,-0.4851885356683567
1,1,466463.81818585703,-0.16239999,1.6889466,-0.4854142934892502
1,1,466468.81838213187,-0.16239999,1.6886603,-0.48564005023026396
1,1,466473.8185784067,-0.16239999,1.6887366,-0.4858658095307244
1,1,466478.81877468154,-0.16239999,1.6886029,-0.48609156966941236
1,1,466483.8189709564,-0.16239999,1.6885266,-0.4863173292895515
1,1,466488.8191672312,-0.16239999,1.688393,-0.48654308777603683
1,1,466493.81936350605,-0.16239999,1.6882784,-0.4867688482167664
1,1,466498.8195597809,-0.16239999,1.6881448,-0.4869946111828223
1,1,466503.8197560557,-0.16239999,1.6880684,-0.48722037611734054
1,1,466508.81995233055,-0.16239999,1.6879921,-0.4874461400050887
1,1,466513.8201486054,-0.16239999,1.687954,-0.4876719046912079
1,1,466518.8203448802,-0.16239999,1.6878966,-0.4878976693005423
1,1,466523.8205411546,-0.16239999,1.6877439,-0.4881234352239852
1,1,466528.82073742896,-0.16239999,1.687782,-0.4883492000413009
1,1,466533.82093370333,-0.16239999,1.687534,-0.48857496695093083
1,1,466538.8211299777,-0.16239999,1.6875912,-0.4888007343597116
1,1,466543.8213262521,-0.16239999,1.6874766,-0.4890265017460073
1,1,466548.82152252644,-0.16239999,1.6874003,-0.4892522703164122
1,1,466553.8217188008,-0.16239999,1.6873049,-0.48947803879449037
1,1,466558.8219150752,-0.16239999,1.687343,-0.4897038062705656
1,1,466563.82211134955,-0.16239999,1.6872475,-0.48992957338106236
1,1,466568.8223076239,-0.16239999,1.6871521,-0.490155340678091
1,1,466573.8225038983,-0.16239999,1.6870376,-0.4903811066499404
1,1,466578.82270017266,-0.16239999,1.6869612,-0.4906068729399378
1,1,466583.82289644703,-0.16239999,1.6870757,-0.490832637963647
1,1,466588.8230927214,-0.16239999,1.686904,-0.49105840284360963
1,1,466593.8232889958,-0.16239999,1.6868466,-0.49128416659761154
1,1,466598.82348527014,-0.16239999,1.686713,-0.49150993031884826
1,1,466603.8236815445,-0.16239999,1.6865793,-0.4917356946974754
1,1,466608.8238778189,-0.16239999,1.6866176,-0.49196145932408103
1,1,466613.82407409325,-0.16239999,1.6863503,-0.4921872241821307
1,1,466618.8242703676,-0.16239999,1.6862549,-0.4924129900546497
1,1,466623.824466642,-0.16239999,1.6862549,-0.49263875680712954
1,1,466628.82466291636,-0.16239999,1.6861594,-0.4928645217641577
1,1,466633.82485919073,-0.16239999,1.6861784,-0.493090284974124
1,1,466638.8250554651,-0.16239999,1.6859304,-0.493316051942794
1,1,466643.8252517395,-0.16239999,1.6858921,-0.49354181888351273
1,1,466648.82544801384,-0.16239999,1.6857585,-0.49376758757648964
1,1,466653.8256442882,-0.16239999,1.6856248,-0.49399335855517307
1,1,466658.8258405626,-0.16239999,1.6856058,-0.4942191318932459
1,1,466663.82603683695,-0.16239999,1.6854721,-0.49444490475107006
1,1,466668.8262331113,-0.16239999,1.685434,-0.4946706770125439
1,1,466673.8264293857,-0.16239999,1.6852049,-0.49489644891547596
1,1,466678.82662566006,-0.16239999,1.6852239,-0.49512221895691194
1,1,466683.82682193443,-0.16239999,1.6849759,-0.4953479878525587
1,1,466688.8270182088,-0.16239999,1.6849759,-0.495573757236923
1,1,466693.8272144832,-0.16239999,1.6848994,-0.495799527836698
1,1,466698.82741075754,-0.16239999,1.684804,-0.49602529576784143
1,1,466703.8276070319,-0.16239999,1.6847277,-0.49625106607150804
1,1,466708.8278033063,-0.16239999,1.6845176,-0.4964768401069842
1,1,466713.82799958065,-0.16239999,1.6844223,-0.4967026141439562
1,1,466718.828195855,-0.16239999,1.6843458,-0.49692838934182726
1,1,466723.8283921294,-0.16239999,1.6842886,-0.49715416335079177
1,1,466728.82858840376,-0.16239999,1.6842122,-0.4973799377956848
1,1,466733.82878467813,-0.16239999,1.6840595,-0.49760571081853183
1,1,466738.8289809525,-0.16239999,1.6840214,-0.49783148395672544
1,1,466743.8291772269,-0.16239999,1.6838304,-0.49805726018568647
1,1,466748.82937350124,-0.16239999,1.683945,-0.4982830345917164
1,1,466753.8295697756,-0.16239999,1.6836777,-0.4985088068653778
1,1,466758.82976605,-0.16239999,1.6836013,-0.49873457983162195
1,1,466763.82996232435,-0.16239999,1.683544,-0.4989603563500769
1,1,466768.8301585987,-0.16239999,1.683525,-0.49918613095888353
1,1,466773.8303548731,-0.16239999,1.6833913,-0.49941190256852847
1,1,466778.83055114746,-0.16239999,1.6832768,-0.49963767619606214
1,1,466783.83074742183,-0.16239999,1.6832958,-0.49986344854122505
1,1,466788.8309436962,-0.16239999,1.6831431,-0.5000892181257632
1,1,466793.83113997057,-0.16239999,1.6833149,-0.500314988264166
1,1,466798.83133624494,-0.16239999,1.6829332,-0.5005407574241627
1,1,466803.8315325193,-0.16239999,1.6829332,-0.5007665258867353
1,1,466808.8317287937,-0.16239999,1.6826277,-0.5009922941730661
1,1,466813.83192506805,-0.16239999,1.6825895,-0.5012180627984638
1,1,466818.8321213424,-0.16239999,1.6824559,-0.5014438315954094
1,1,466823.8323176168,-0.16239999,1.6823032,-0.5016696006750433
1,1,466828.83251389116,-0.16239999,1.6822841,-0.5018953700381097
1,1,466833.83271016553,-0.16239999,1.6822268,-0.5021211387780741
1,1,466838.8329064399,-0.16239999,1.682055,-0.5023469088633923
1,1,466843.83310271427,-0.16239999,1.6820168,-0.5025726790053034
1,1,466848.83329898864,-0.16239999,1.6819404,-0.5027984478659954
1,1,466853.833495263,-0.16239999,1.6818259,-0.5030242207399476
1,1,466858.8336915374,-0.16239999,1.6817687,-0.5032499921417519
1,1,466863.83388781175,-0.16239999,1.6815395,-0.5034757638865288
1,1,466868.8340840861,-0.16239999,1.6816922,-0.5037015365873188
1,1,466873.8342803605,-0.16239999,1.6815395,-0.5039273080489148
1,1,466878.83447663486,-0.16239999,1.6815205,-0.5041530778181877
1,1,466883.83467290923,-0.16239999,1.6812532,-0.5043788486237983
1,1,466888.8348691836,-0.16239999,1.6812532,-0.5046046181751864
1,1,466893.83506545797,-0.16239999,1.6811577,-0.5048303877414367
1,1,466898.83526173234,-0.16239999,1.681005,-0.5050561569771826
1,1,466903.8354580067,-0.16239999,1.6808714,-0.5052819241086652
1,1,466908.8356542811,-0.16239999,1.6808714,-0.5055076922726675
1,1,466913.83585055545,-0.16239999,1.6807568,-0.5057334583184763
1,1,466918.8360468303,-0.16239999,1.680585,-0.505959225186585
1,1,466923.8362431051,-0.16239999,1.6805278,-0.5061849909045318
1,1,466928.83643937996,-0.16239999,1.6804705,-0.5064107562462914
1,1,466933.8366356548,-0.16239999,1.6803368,-0.5066365214436876
1,1,466938.8368319296,-0.16239999,1.6802605,-0.506862288609024
1,1,466943.83702820446,-0.16239999,1.680146,-0.507088052496883
1,1,466948.8372244793,-0.16239999,1.6800888,-0.5073138164937316
1,1,466953.83742075413,-0.16239999,1.6800314,-0.5075395834422114
1,1,466958.83761702897,-0.16239999,1.6797832,-0.5077653516378927
1,1,466963.8378133038,-0.16239999,1.6797832,-0.5079911179905603
1,1,466968.83800957864,-0.16239999,1.6795733,-0.5082168838754887
1,1,466973.8382058535,-0.16239999,1.6795924,-0.5084426492381132
1,1,466978.8384021283,-0.16239999,1.6795542,-0.5086684164381808
1,1,466983.83859840315,-0.16239999,1.6793442,-0.5088941814511272
1,1,466988.838794678,-0.16239999,1.679096,-0.5091199463965234
1,1,466993.8389909528,-0.16239999,1.6790197,-0.5093457106952711
1,1,466998.83918722766,-0.16239999,1.6790578,-0.5095714769803561
1,1,467003.8393835025,-0.16239999,1.6790005,-0.5097972429990009
1,1,467008.8395797773,-0.16239999,1.6788478,-0.5100230095084245
1,1,467013.83977605216,-0.16239999,1.6788669,-0.5102487777785636
1,1,467018.83997232676,-0.16239999,1.6786951,-0.5104745451761578
1,1,467023.84016860137,-0.16239999,1.678676,-0.5107003109952222
1,1,467028.84036487597,-0.16239999,1.6785233,-0.5109260769155094
1,1,467033.8405611506,-0.16239999,1.6784469,-0.511151841058026
1,1,467038.8407574252,-0.16239999,1.6782751,-0.5113776024098688
1,1,467043.8409536998,-0.16239999,1.6782179,-0.5116033647301282
1,1,467048.8411499744,-0.16239999,1.6780269,-0.5118291301372642
1,1,467053.841346249,-0.16239999,1.6779888,-0.5120548964492218
1,1,467058.8415425236,-0.16239999,1.6780269,-0.5122806616890979
1,1,467063.8417387982,-0.16239999,1.6778933,-0.5125064291665928
1,1,467068.84193507244,-0.16239999,1.6778551,-0.5127321990447891
1,1,467073.84213134716,-0.16239999,1.6775306,-0.5129579675644348
1,1,467078.8423276219,-0.16239999,1.6774924,-0.5131837337875526
1,1,467083.8425238966,-0.16239999,1.6775115,-0.5134094972454362
1,1,467088.8427201713,-0.16239999,1.6773206,-0.5136352620811804
1,1,467093.84291644604,-0.16239999,1.6772825,-0.5138610265910644
1,1,467098.84311272076,-0.16239999,1.6771679,-0.5140867917618952
1,1,467103.8433089955,-0.16239999,1.677206,-0.5143125556256367
1,1,467108.8435052702,-0.16239999,1.6771107,-0.5145383188213227
1,1,467113.8437015449,-0.16239999,1.6769578,-0.5147640817490743
1,1,467118.84389781964,-0.16239999,1.6768051,-0.514989846032791
1,1,467123.84409409435,-0.16239999,1.6766906,-0.5152156111049604
1,1,467128.844290369,-0.16239999,1.6765379,-0.5154413774961657
1,1,467133.84448664373,-0.16239999,1.6764042,-0.5156671431941731
1,1,467138.84468291845,-0.16239999,1.6763661,-0.5158929066220895
1,1,467143.8448791931,-0.16239999,1.6762706,-0.5161186702975855
1,1,467148.84507546783,-0.16239999,1.6761179,-0.5163444347105317
1,1,467153.84527174255,-0.16239999,1.6760033,-0.516570197773907
1,1,467158.8454680173,-0.16239999,1.6760416,-0.5167959615226977
1,1,467163.845664292,-0.16239999,1.675908,-0.5170217244641062
1,1,467168.8458605667,-0.16239999,1.6757934,-0.5172474857396385
1,1,467173.8460568413,-0.16239999,1.6756598,-0.5174732473201256
1,1,467178.8462531159,-0.16239999,1.6754307,-0.5176990104584984
1,1,467183.8464493905,-0.16239999,1.6754688,-0.5179247747156347
1,1,467188.8466456651,-0.16239999,1.6753352,-0.5181505424485223
1,1,467193.84684193996,-0.16239999,1.6751443,-0.5183763076643381
1,1,467198.84703821456,-0.16239999,1.6750298,-0.5186020747481179
1,1,467203.84723448916,-0.16239999,1.6748961,-0.5188278402872865
1,1,467208.84743076377,-0.16239999,1.6747816,-0.519053609740283
1,1,467213.84762703837,-0.16239999,1.6748006,-0.5192793772311849
1,1,467218.847823313,-0.16239999,1.674667,-0.5195051434327845
1,1,467223.8480195878,-0.16239999,1.6745143,-0.5197309091820925
1,1,467228.84821586264,-0.16239999,1.6744952,-0.5199566729763888
1,1,467233.8484121375,-0.16239999,1.6743234,-0.5201824356254655
1,1,467238.8486084123,-0.16239999,1.6741326,-0.5204081982434575
1,1,467243.84880468715,-0.16239999,1.6741898,-0.5206339607236825
1,1,467248.849000962,-0.16239999,1.6739416,-0.5208597236111927
1,1,467253.8491972368,-0.16239999,1.673999,-0.5210854870181119
1,1,467258.84939351166,-0.16239999,1.6738461,-0.5213112502974406
1,1,467263.8495897865,-0.16239999,1.6737698,-0.5215370137585453
1,1,467268.8497860613,-0.16239999,1.673598,-0.5217627775196121
1,1,467273.84998233616,-0.16239999,1.6736743,-0.5219885394917025
1,1,467278.850178611,-0.16239999,1.6734262,-0.5222143030578588
1,1,467283.85037488583,-0.16239999,1.6733689,-0.522440070444065
1,1,467288.85057116067,-0.16239999,1.673178,-0.522665838626433
1,1,467293.8507674355,-0.16239999,1.6731017,-0.522891607125131
1,1,467298.85096371034,-0.16239999,1.672968,-0.5231173745070401
1,1,467303.8511599852,-0.16239999,1.6729107,-0.5233431408008746
1,1,467308.85135626,-0.16239999,1.6725671,-0.5235689066906972
1,1,467313.85155253485,-0.16239999,1.6727008,-0.5237946737029217
1,1,467318.8517488092,-0.16239999,1.672548,-0.5240204394996145
1,1,467323.8519450836,-0.16239999,1.6724907,-0.5242462056840744
1,1,467328.85214135796,-0.16239999,1.6721281,-0.5244719707406291
1,1,467333.8523376323,-0.16239999,1.6720517,-0.5246977348103147
1,1,467338.8525339067,-0.16239999,1.6719562,-0.5249234997997007
1,1,467343.85273018107,-0.16239999,1.6719371,-0.5251492646294729
1,1,467348.85292645544,-0.16239999,1.6717272,-0.5253750292833997
1,1,467353.8531227298,-0.16239999,1.6717463,-0.5256007941860569
1,1,467358.8533190042,-0.16239999,1.6715935,-0.5258265578075221
1,1,467363.85351527855,-0.16239999,1.6714408,-0.5260523237274947
1,1,467368.8537115529,-0.16239999,1.6712881,-0.5262780886323141
1,1,467373.8539078273,-0.16239999,1.6714981,-0.5265038515092212
1,1,467378.85410410166,-0.16239999,1.6711736,-0.5267296130228749
1,1,467383.854300376,-0.16239999,1.6710972,-0.5269553742006937
1,1,467388.8544966504,-0.16239999,1.6709063,-0.5271811388368377
1,1,467393.85469292477,-0.16239999,1.6707727,-0.5274069039058604
1,1,467398.85488919914,-0.16239999,1.6708299,-0.5276326691282228
1,1,467403.8550854735,-0.16239999,1.6705245,-0.527858433311124
1,1,467408.8552817479,-0.16239999,1.670639,-0.5280841993524418
1,1,467413.85547802225,-0.16239999,1.670429,-0.5283099698407139
1,1,467418.8556742966,-0.16239999,1.6701617,-0.5285357329673289
1,1,467423.855870571,-0.16239999,1.6701427,-0.5287614937610976
1,1,467428.85606684536,-0.16239999,1.6701236,-0.5289872558493393
1,1,467433.8562631197,-0.16239999,1.6699326,-0.529213021810286
1,1,467438.8564593941,-0.16239999,1.6697227,-0.5294387828550084
1,1,467443.85665566847,-0.16239999,1.6695509,-0.5296645452013912
1,1,467448.85685194284,-0.16239999,1.6696272,-0.5298903067362227
1,1,467453.8570482172,-0.16239999,1.6693599,-0.5301160707005256
1,1,467458.8572444916,-0.16239999,1.6693218,-0.5303418342840789
1,1,467463.85744076595,-0.16239999,1.6691881,-0.5305675977900485
1,1,467468.8576370403,-0.16239999,1.6692072,-0.5307933612164202
1,1,467473.8578333147,-0.16239999,1.6690736,-0.5310191207643682
1,1,467478.85802958906,-0.16239999,1.6690927,-0.5312448836712813
1,1,467483.8582258634,-0.16239999,1.6689018,-0.5314706460521544
1,1,467488.8584221378,-0.16239999,1.6688254,-0.5316964096919895
1,1,467493.85861841217,-0.16239999,1.66873,-0.5319221738819514
1,1,467498.85881468654,-0.16239999,1.6686727,-0.5321479403180862
1,1,467503.8590109609,-0.16239999,1.6684436,-0.5323737066427388
1,1,467508.8592072353,-0.16239999,1.6683291,-0.532599476162235
1,1,467513.85940350965,-0.16239999,1.6681955,-0.5328252460303274
1,1,467518.859599784,-0.16239999,1.6680809,-0.5330510162779466
1,1,467523.8597960584,-0.16239999,1.6681191,-0.5332767828881153
1,1,467528.85999233276,-0.16239999,1.6679854,-0.533502546844912
1,1,467533.8601886071,-0.16239999,1.6678137,-0.5337283100654806
1,1,467538.8603848815,-0.16239999,1.6677182,-0.5339540733146975
1,1,467543.86058115587,-0.16239999,1.6675273,-0.5341798372899055
1,1,467548.86077743024,-0.16239999,1.6674128,-0.5344055995857758
1,1,467553.8609737046,-0.16239999,1.667489,-0.5346313626962637
1,1,467558.861169979,-0.16239999,1.667241,-0.53485712793045
1,1,467563.86136625335,-0.16239999,1.6670119,-0.5350828916201278
1,1,467568.8615625277,-0.16239999,1.6669545,-0.535308654855076
1,1,467573.8617588021,-0.16239999,1.6668401,-0.5355344165750503
1,1,467578.86195507646,-0.16239999,1.6665537,-0.5357601799661046
1,1,467583.8621513508,-0.16239999,1.6664201,-0.5359859434260767
1,1,467588.8623476252,-0.16239999,1.6663818,-0.5362117062718629
1,1,467593.86254389957,-0.16239999,1.6663055,-0.536437466189339
1,1,467598.86274017394,-0.16239999,1.6660955,-0.5366632279186779
1,1,467603.8629364483,-0.16239999,1.666,-0.5368889947564279
1,1,467608.8631327227,-0.16239999,1.6659809,-0.5371147623333757
1,1,467613.86332899705,-0.16239999,1.6658473,-0.5373405280798881
1,1,467618.8635252714,-0.16239999,1.6656183,-0.5375662946484338
1,1,467623.8637215458,-0.16239999,1.66558,-0.5377920610249465
1,1,467628.86391782016,-0.16239999,1.6653892,-0.5380178231974012
1,1,467633.8641140945,-0.16239999,1.6652555,-0.538243581516159
1,1,467638.8643103689,-0.16239999,1.6650838,-0.5384693401832141
1,1,467643.86450664327,-0.16239999,1.6648928,-0.5386950987694992
1,1,467648.86470291764,-0.16239999,1.6647974,-0.538920855722799
1,1,467653.864899192,-0.16239999,1.6647019,-0.5391466169014366
1,1,467658.8650954664,-0.16239999,1.6645492,-0.539372375293567
1,1,467663.86529174075,-0.16239999,1.6644537,-0.539598133695494
1,1,467668.8654880151,-0.16239999,1.6642629,-0.5398238927149227
1,1,467673.8656842895,-0.16239999,1.664282,-0.5400496526298076
1,1,467678.86588056386,-0.16239999,1.6642437,-0.5402754131009446
1,1,467683.8660768382,-0.16239999,1.6640528,-0.5405011738625997
1,1,467688.8662731126,-0.16239999,1.6639574,-0.5407269351059232
1,1,467693.86646938697,-0.16239999,1.6637093,-0.5409526947119807
1,1,467698.86666566133,-0.16239999,1.6638047,-0.5411784534862663
1,1,467703.8668619357,-0.16239999,1.6635374,-0.541404212185137
1,1,467708.8670582101,-0.16239999,1.6634802,-0.541629971228343
1,1,467713.8672544849,-0.16239999,1.6632701,-0.5418557337443721
1,1,467718.86745075975,-0.16239999,1.6631365,-0.5420814969718746
1,1,467723.8676470346,-0.16239999,1.6630028,-0.5423072599726608
1,1,467728.8678433094,-0.16239999,1.6627929,-0.5425330238089949
1,1,467733.86803958425,-0.16239999,1.6627356,-0.5427587881757227
1,1,467738.8682358591,-0.16239999,1.6625257,-0.542984552522203
1,1,467743.8684321339,-0.16239999,1.6624492,-0.5432103154501682
1,1,467748.86862840876,-0.16239999,1.6624302,-0.5434360812777478
1,1,467753.8688246836,-0.16239999,1.662392,-0.5436618473633046
1,1,467758.86902095843,-0.16239999,1.6621057,-0.5438876127610346
1,1,467763.86921723327,-0.16239999,1.6621438,-0.5441133767684456
1,1,467768.8694135081,-0.16239999,1.6618956,-0.5443391376855115
1,1,467773.86960978294,-0.16239999,1.661762,-0.5445648970307913
1,1,467778.8698060578,-0.16239999,1.6616665,-0.5447906553826561
1,1,467783.8700023326,-0.16239999,1.6618001,-0.5450164133759015
1,1,467788.87019860744,-0.16239999,1.6612656,-0.5452421706980374
1,1,467793.8703948823,-0.16239999,1.661323,-0.5454679279281611
1,1,467798.8705911571,-0.16239999,1.6612465,-0.5456936888120744
1,1,467803.8707874315,-0.16239999,1.6612275,-0.5459194473513412
1,1,467808.8709837063,-0.16239999,1.6609411,-0.5461452064967832
1,1,467813.8711799809,-0.16239999,1.6608456,-0.5463709682323202
1,1,467818.8713762555,-0.16239999,1.6606929,-0.5465967299518112
1,1,467823.87157253013,-0.16239999,1.6606548,-0.5468224933641668
1,1,467828.87176880473,-0.16239999,1.6604066,-0.5470482550199759
1,1,467833.87196507934,-0.16239999,1.660273,-0.5472740192067489
1,1,467838.87216135394,-0.16239999,1.6602157,-0.5474997848276602
1,1,467843.87235762854,-0.16239999,1.6600248,-0.5477255515974974
1,1,467848.87255390314,-0.16239999,1.6598148,-0.5479513168787847
1,1,467853.87275017775,-0.16239999,1.6597575,-0.5481770812800036
1,1,467858.87294645235,-0.16239999,1.6595857,-0.5484028459802666
1,1,467863.87314272707,-0.16239999,1.6593758,-0.5486286098073305
1,1,467868.8733390018,-0.16239999,1.6593949,-0.548854373241109
1,1,467873.8735352765,-0.16239999,1.6594139,-0.549080136866441
1,1,467878.8737315512,-0.16239999,1.6591657,-0.5493058979175047
1,1,467883.87392782595,-0.16239999,1.6590321,-0.5495316585025769
1,1,467888.87412410066,-0.16239999,1.6588413,-0.5497574202005497
1,1,467893.8743203754,-0.16239999,1.6589175,-0.549983181279265
1,1,467898.8745166501,-0.16239999,1.6588603,-0.5502089419942
1,1,467903.8747129248,-0.16239999,1.6587458,-0.5504347045795982
1,1,467908.87490919954,-0.16239999,1.6584021,-0.5506604665203771
1,1,467913.87510547426,-0.16239999,1.6582875,-0.5508862291060924
1,1,467918.875301749,-0.16239999,1.6582494,-0.5511119941789216
1,1,467923.87549802364,-0.16239999,1.6580203,-0.5513377600663277
1,1,467928.87569429836,-0.16239999,1.6578294,-0.5515635257484687
1,1,467933.8758905733,-0.16239999,1.6576385,-0.5517892894653998
1,1,467938.876086848,-0.16239999,1.6575431,-0.5520150525193154
1,1,467943.8762831227,-0.16239999,1.657333,-0.552240815635132
1,1,467948.8764793974,-0.16239999,1.6572186,-0.5524665787760862
1,1,467953.87667567213,-0.16239999,1.6571994,-0.5526923416370979
1,1,467958.87687194685,-0.16239999,1.6570085,-0.5529181035107322
1,1,467963.87706822157,-0.16239999,1.6568558,-0.5531438630902799
1,1,467968.8772644962,-0.16239999,1.6567985,-0.5533696246736305
1,1,467973.8774607708,-0.16239999,1.6566076,-0.5535953844371055
1,1,467978.8776570454,-0.16239999,1.6565695,-0.5538211422141863
1,1,467983.87785332,-0.16239999,1.6564358,-0.5540468972363156
1,1,467988.8780495946,-0.16239999,1.6563785,-0.5542726546708021
1,1,467993.87824586895,-0.16239999,1.6559968,-0.5544984114303173
1,1,467998.87844214356,-0.16239999,1.6560922,-0.5547241707206789
1,1,468003.87863841816,-0.16239999,1.6557677,-0.5549499288693343
1,1,468008.87883469276,-0.16239999,1.6555767,-0.5551756906472683
1,1,468013.8790309676,-0.16239999,1.6555767,-0.5554014526258789
1,1,468018.87922724243,-0.16239999,1.6554431,-0.5556272144055722
1,1,468023.87942351727,-0.16239999,1.6552904,-0.5558529777385633
1,1,468028.8796197921,-0.16239999,1.6553094,-0.5560787417824127
1,1,468033.87981606694,-0.16239999,1.655195,-0.5563045059157601
1,1,468038.8800123418,-0.16239999,1.6548322,-0.5565302699999891
1,1,468043.8802086166,-0.16239999,1.6546986,-0.5567560331577864
1,1,468048.88040489145,-0.16239999,1.654584,-0.5569817918293284
1,1,468053.8806011663,-0.16239999,1.6545459,-0.5572075516731778
1,1,468058.8807974411,-0.16239999,1.6543932,-0.5574333120336431
1,1,468063.88099371595,-0.16239999,1.6543168,-0.5576590743716837
1,1,468068.8811899908,-0.16239999,1.6540114,-0.5578848373618165
1,1,468073.88138626516,-0.16239999,1.653954,-0.5581105993905595
1,1,468078.88158254,-0.16239999,1.6538204,-0.5583363591851657
1,1,468083.88177881483,-0.16239999,1.6536295,-0.5585621191189072
1,1,468088.88197508967,-0.16239999,1.653515,-0.5587878777218624
1,1,468093.8821713645,-0.16239999,1.6532286,-0.5590136321059835
1,1,468098.88236763934,-0.16239999,1.6532286,-0.5592393907722928
1,1,468103.8825639142,-0.16239999,1.6530759,-0.5594651503434079
1,1,468108.882760189,-0.16239999,1.6528851,-0.5596909127811738
1,1,468113.88295646384,-0.16239999,1.6527896,-0.5599166730803596
1,1,468118.8831527382,-0.16239999,1.6525223,-0.5601424339295317
1,1,468123.8833490126,-0.16239999,1.6525414,-0.5603681938918942
1,1,468128.88354528695,-0.16239999,1.6522932,-0.5605939543266268
1,1,468133.8837415613,-0.16239999,1.6521977,-0.5608197154047949
1,1,468138.8839378357,-0.16239999,1.6520641,-0.5610454739387264
1,1,468143.88413411006,-0.16239999,1.6518732,-0.5612712316404966
1,1,468148.88433038443,-0.16239999,1.6517205,-0.5614969916505893
1,1,468153.8845266588,-0.16239999,1.651396,-0.5617227497139189
1,1,468158.8847229332,-0.16239999,1.6514533,-0.5619485075469551
1,1,468163.88491920754,-0.16239999,1.6514533,-0.5621742665398398
1,1,468168.8851154819,-0.16239999,1.6511669,-0.5624000249484798
1,1,468173.8853117563,-0.16239999,1.6509951,-0.5626257849150412
1,1,468178.88550803065,-0.16239999,1.6509187,-0.5628515468882567
1,1,468183.885704305,-0.16239999,1.6508232,-0.5630773086894846
1,1,468188.8859005794,-0.16239999,1.6506324,-0.5633030688354576
1,1,468193.88609685376,-0.16239999,1.6504797,-0.5635288302874892
1,1,468198.88629312813,-0.16239999,1.6503651,-0.563754592643278
1,1,468203.8864894025,-0.16239999,1.6500788,-0.5639803544975391
1,1,468208.8866856769,-0.16239999,1.6501551,-0.5642061197289118
1,1,468213.88688195124,-0.16239999,1.6500978,-0.5644318823453988
1,1,468218.8870782256,-0.16239999,1.6498497,-0.5646576457410667
1,1,468223.8872745,-0.16239999,1.6497924,-0.5648834089268517
1,1,468228.88747077435,-0.16239999,1.6496779,-0.5651091735036329
1,1,468233.8876670487,-0.16239999,1.6496588,-0.5653349379904573
1,1,468238.8878633231,-0.16239999,1.6493533,-0.5655606987337972
1,1,468243.88805959746,-0.16239999,1.6490669,-0.5657864615130993
1,1,468248.88825587183,-0.16239999,1.6489142,-0.566012223441766
1,1,468253.8884521462,-0.16239999,1.6488761,-0.5662379830686455
1,1,468258.8886484206,-0.16239999,1.648857,-0.5664637432291554
1,1,468263.88884469494,-0.16239999,1.648437,-0.5666895035648533
1,1,468268.8890409693,-0.16239999,1.648418,-0.5669152630335751
1,1,468273.8892372437,-0.16239999,1.6482651,-0.5671410220611564
1,1,468278.88943351805,-0.16239999,1.6480743,-0.5673667837797624
1,1,468283.8896297924,-0.16239999,1.6478261,-0.567592543402895
1,1,468288.8898260668,-0.16239999,1.6477306,-0.567818303959996
1,1,468293.89002234116,-0.16239999,1.6476924,-0.5680440659806394
1,1,468298.89021861553,-0.16239999,1.6476352,-0.5682698305552665
1,1,468303.8904148899,-0.16239999,1.6474442,-0.568495595652132
1,1,468308.8906111643,-0.16239999,1.6472915,-0.5687213588945597
1,1,468313.89080743864,-0.16239999,1.6472343,-0.5689471213720635
1,1,468318.891003713,-0.16239999,1.6473106,-0.5691728863575785
1,1,468323.8911999874,-0.16239999,1.6471007,-0.5693986517252172
1,1,468328.89139626175,-0.16239999,1.6470625,-0.5696244181908041
1,1,468333.8915925361,-0.16239999,1.6466998,-0.5698501853477114
1,1,468338.8917888105,-0.16239999,1.6468143,-0.5700759548431108
1,1,468343.89198508486,-0.16239999,1.6465471,-0.5703017237447793
1,1,468348.89218135923,-0.16239999,1.6464325,-0.5705274935990542
1,1,468353.8923776336,-0.16239999,1.6462415,-0.5707532612838508
1,1,468358.892573908,-0.16239999,1.6460507,-0.5709790293250931
1,1,468363.89277018234,-0.16239999,1.6457644,-0.5712047972105778
1,1,468368.8929664567,-0.16239999,1.6456307,-0.5714305664717981
1,1,468373.8931627311,-0.16239999,1.6454207,-0.5716563365237758
1,1,468378.89335900545,-0.16239999,1.645287,-0.5718821075113304
1,1,468383.8935552798,-0.16239999,1.6452107,-0.5721078787080253
1,1,468388.8937515542,-0.16239999,1.6450198,-0.5723336492632127
1,1,468393.89394782856,-0.16239999,1.6447908,-0.5725594207775945
1,1,468398.89414410293,-0.16239999,1.6447908,-0.5727851917193967
1,1,468403.8943403773,-0.16239999,1.6446571,-0.5730109638488007
1,1,468408.8945366517,-0.16239999,1.6444662,-0.5732367345156739
1,1,468413.89473292604,-0.16239999,1.6444471,-0.5734625060480919
1,1,468418.8949292004,-0.16239999,1.644428,-0.5736882795956776
1,1,468423.8951254748,-0.16239999,1.6441607,-0.5739140505408002
1,1,468428.89532174915,-0.16239999,1.6440271,-0.5741398181576998
1,1,468433.8955180235,-0.16239999,1.6438363,-0.574365587599643
1,1,468438.8957142979,-0.16239999,1.6437408,-0.5745913556593047
1,1,468443.89591057226,-0.16239999,1.6434544,-0.5748171263875104
1,1,468448.89610684663,-0.16239999,1.643378,-0.5750429002828916
1,1,468453.896303121,-0.16239999,1.6432253,-0.5752686744111581
1,1,468458.89649939537,-0.16239999,1.6432062,-0.5754944445763897
1,1,468463.89669566974,-0.16239999,1.643149,-0.5757202131890046
1,1,468468.8968919441,-0.16239999,1.6428627,-0.5759459795329326
1,1,468473.8970882185,-0.16239999,1.642729,-0.5761717445845848
1,1,468478.89728449285,-0.16239999,1.6423663,-0.5763975116782324
1,1,468483.8974807672,-0.16239999,1.6422327,-0.576623280094926
1,1,468488.8976770416,-0.16239999,1.6419845,-0.5768490502894391
1,1,468493.89787331596,-0.16239999,1.6417744,-0.5770748214456226
1,1,468498.89806959033,-0.16239999,1.64166,-0.5773005912453071
1,1,468503.8982658647,-0.16239999,1.6413927,-0.577526360545753
1,1,468508.89846213954,-0.16239999,1.6413544,-0.5777521310060184
1,1,468513.8986584144,-0.16239999,1.6412591,-0.5779779006090191
1,1,468518.8988546892,-0.16239999,1.6412208,-0.5782036693922135
1,1,468523.89905096404,-0.16239999,1.6408582,-0.5784294391597288
1,1,468528.8992472389,-0.16239999,1.6405909,-0.5786552093189253
1,1,468533.8994435137,-0.16239999,1.6405526,-0.5788809823240806
1,1,468538.89963978855,-0.16239999,1.6404954,-0.57910675517671
1,1,468543.8998360629,-0.16239999,1.6403046,-0.5793325290587041
1,1,468548.90003233775,-0.16239999,1.6400754,-0.5795583003419681
1,1,468553.9002286126,-0.16239999,1.63998,-0.5797840703738317
1,1,468558.9004248874,-0.16239999,1.6399227,-0.5800098365704154
1,1,468563.90062116226,-0.16239999,1.6396173,-0.5802356033922443
1,1,468568.9008174371,-0.16239999,1.6395218,-0.5804613698187762
1,1,468573.90101371193,-0.16239999,1.6392736,-0.5806871389023762
1,1,468578.90120998677,-0.16239999,1.6389682,-0.5809129064095154
1,1,468583.9014062616,-0.16239999,1.6390254,-0.5811386746363956
1,1,468588.90160253644,-0.16239999,1.6390064,-0.5813644435006232
1,1,468593.9017988113,-0.16239999,1.6386055,-0.5815902119717069
1,1,468598.9019950861,-0.16239999,1.6384718,-0.5818159798352065
1,1,468603.90219136095,-0.16239999,1.6383001,-0.5820417456970985
1,1,468608.90238763555,-0.16239999,1.63809,-0.582267507872353
1,1,468613.90258391015,-0.16239999,1.6380519,-0.5824932719872843
1,1,468618.90278018476,-0.16239999,1.6379755,-0.5827190360212889
1,1,468623.90297645936,-0.16239999,1.6378037,-0.5829448007013459
1,1,468628.90317273396,-0.16239999,1.6375173,-0.5831705660034634
1,1,468633.90336900856,-0.16239999,1.6374028,-0.5833963310950383
1,1,468638.90356528317,-0.16239999,1.6372882,-0.5836220963408286
1,1,468643.90376155777,-0.16239999,1.6371546,-0.5838478652715527
1,1,468648.9039578324,-0.16239999,1.6369637,-0.5840736362406829
1,1,468653.904154107,-0.16239999,1.6369447,-0.5842994059969313
1,1,468658.9043503817,-0.16239999,1.6367537,-0.5845251744832333
1,1,468663.9045466564,-0.16239999,1.6364673,-0.5847509386325638
1,1,468668.90474293137,-0.16239999,1.6364483,-0.5849767026416984
1,1,468673.9049392061,-0.16239999,1.6362383,-0.5852024646180473
1,1,468678.9051354808,-0.16239999,1.6362001,-0.5854282299955489
1,1,468683.9053317555,-0.16239999,1.6358947,-0.5856539927865144
1,1,468688.90552803024,-0.16239999,1.6358756,-0.5858797568164834
1,1,468693.90572430496,-0.16239999,1.6355511,-0.5861055221620105
1,1,468698.9059205797,-0.16239999,1.6354556,-0.5863312880033108
1,1,468703.9061168544,-0.16239999,1.6350547,-0.5865570517906814
1,1,468708.9063131291,-0.16239999,1.6351502,-0.5867828157078684
1,1,468713.90650940384,-0.16239999,1.6348637,-0.5870085801957624
1,1,468718.90670567856,-0.16239999,1.6348829,-0.5872343418514772
1,1,468723.9069019532,-0.16239999,1.6347684,-0.5874601074063158
1,1,468728.90709822794,-0.16239999,1.6345965,-0.5876858747894476
1,1,468733.9072945025,-0.16239999,1.6344056,-0.5879116410394527
1,1,468738.9074907772,-0.16239999,1.6341574,-0.5881374083705404
1,1,468743.9076870519,-0.16239999,1.634062,-0.5883631737245736
1,1,468748.90788332664,-0.16239999,1.6338711,-0.5885889350202059
1,1,468753.90807960136,-0.16239999,1.6338711,-0.5888147013059581
1,1,468758.90827587596,-0.16239999,1.6337374,-0.5890404693381514
1,1,468763.90847215056,-0.16239999,1.6334893,-0.5892662344817172
1,1,468768.90866842517,-0.16239999,1.6332793,-0.589492000362672
1,1,468773.90886469977,-0.16239999,1.6332603,-0.5897177556041994
1,1,468778.9090609744,-0.16239999,1.6330311,-0.5899435195263112
1,1,468783.909257249,-0.16239999,1.632802,-0.5901692828249808
1,1,468788.9094535236,-0.16239999,1.6327639,-0.5903950478786355
1,1,468793.9096497982,-0.16239999,1.6325921,-0.5906208109845081
1,1,468798.9098460728,-0.16239999,1.6324775,-0.590846576770862
1,1,468803.9100423474,-0.16239999,1.6322675,-0.5910723373679785
1,1,468808.9102386222,-0.16239999,1.631943,-0.59129809794396
1,1,468813.9104348966,-0.16239999,1.6321338,-0.5915238557066066
1,1,468818.9106311714,-0.16239999,1.6318856,-0.5917496137504603
1,1,468823.91082744626,-0.16239999,1.631752,-0.5919753770852703
1,1,468828.9110237211,-0.16239999,1.6314085,-0.5922011378720379
1,1,468833.91121999593,-0.16239999,1.6311221,-0.5924268995229082
1,1,468838.91141627077,-0.16239999,1.6309885,-0.5926526629722898
1,1,468843.9116125456,-0.16239999,1.6309121,-0.5928784287740954
1,1,468848.91180882044,-0.16239999,1.6306639,-0.5931041934141402
1,1,468853.9120050953,-0.16239999,1.6306831,-0.5933299596305309
1,1,468858.9122013701,-0.16239999,1.6304158,-0.5935557261070271
1,1,468863.91239764495,-0.16239999,1.6301676,-0.5937814926981563
1,1,468868.9125939198,-0.16239999,1.6300912,-0.5940072579478979
1,1,468873.9127901946,-0.16239999,1.6299766,-0.5942330212239401
1,1,468878.91298646946,-0.16239999,1.6296521,-0.5944587833744851
1,1,468883.9131827443,-0.16239999,1.6295757,-0.5946845516944587
1,1,468888.9133790191,-0.16239999,1.6293849,-0.5949103164590341
1,1,468893.91357529396,-0.16239999,1.6290985,-0.5951360792085661
1,1,468898.9137715688,-0.16239999,1.6289649,-0.5953618453174929
1,1,468903.91396784363,-0.16239999,1.6289268,-0.5955876111860972
1,1,468908.91416411847,-0.16239999,1.6287931,-0.5958133781017422
1,1,468913.91436039284,-0.16239999,1.6287931,-0.5960391430412019
1,1,468918.9145566672,-0.16239999,1.6286786,-0.5962649072237836
1,1,468923.9147529416,-0.16239999,1.6284876,-0.5964906723101207
1,1,468928.91494921595,-0.16239999,1.6282203,-0.596716433587322
1,1,468933.9151454903,-0.16239999,1.628144,-0.5969421965406895
1,1,468938.9153417647,-0.16239999,1.6278768,-0.5971679617345145
1,1,468943.91553803906,-0.16239999,1.6275904,-0.5973937312813312
1,1,468948.9157343134,-0.16239999,1.6273232,-0.597619502424569
1,1,468953.9159305878,-0.16239999,1.6273613,-0.5978452714147346
1,1,468958.91612686217,-0.16239999,1.6271131,-0.5980710426528439
1,1,468963.91632313654,-0.16239999,1.6268268,-0.5982968130159
1,1,468968.9165194109,-0.16239999,1.6267122,-0.5985225803670621
1,1,468973.9167156853,-0.16239999,1.6265023,-0.5987483462256924
1,1,468978.91691195965,-0.16239999,1.6264068,-0.5989741116703486
1,1,468983.917108234,-0.16239999,1.6261777,-0.5991998776030046
1,1,468988.9173045084,-0.16239999,1.6260059,-0.5994256434955972
1,1,468993.91750078276,-0.16239999,1.6259677,-0.5996514102024455
1,1,468998.9176970571,-0.16239999,1.6259295,-0.5998771770274791
1,1,469003.9178933315,-0.16239999,1.6255859,-0.6001029425118369
1,1,469008.91808960587,-0.16239999,1.6255286,-0.6003287094695877
1,1,469013.91828588024,-0.16239999,1.6252996,-0.6005544764212016
1,1,469018.9184821546,-0.16239999,1.6251086,-0.6007802454818134
1,1,469023.918678429,-0.16239999,1.6248032,-0.601006014222854
1,1,469028.91887470335,-0.16239999,1.6244787,-0.6012317808071552
1,1,469033.9190709777,-0.16239999,1.6243641,-0.601457547498787
1,1,469038.9192672521,-0.16239999,1.6242114,-0.601683314878292
1,1,469043.91946352646,-0.16239999,1.624116,-0.6019090814946678
1,1,469048.9196598008,-0.16239999,1.6237723,-0.6021348513060919
1,1,469053.9198560752,-0.16239999,1.6237915,-0.6023606200846039
1,1,469058.92005234957,-0.16239999,1.6237723,-0.6025863909604329
1,1,469063.92024862394,-0.16239999,1.6234668,-0.6028121617622477
1,1,469068.9204448983,-0.16239999,1.6234096,-0.6030379335002943
1,1,469073.9206411727,-0.16239999,1.6233906,-0.6032637030478247
1,1,469078.92083744705,-0.16239999,1.6232378,-0.6034894706877391
1,1,469083.9210337214,-0.16239999,1.623066,-0.6037152394874712
1,1,469088.9212299958,-0.16239999,1.6227033,-0.6039410092567788
1,1,469093.92142627016,-0.16239999,1.6226078,-0.6041667784139277
1,1,469098.9216225445,-0.16239999,1.6225888,-0.6043925470272066
1,1,469103.9218188189,-0.16239999,1.6223787,-0.6046183149886847
1,1,469108.92201509327,-0.16239999,1.6223406,-0.6048440831037879
1,1,469113.92221136764,-0.16239999,1.6221497,-0.6050698522740274
1,1,469118.922407642,-0.16239999,1.6219206,-0.6052956214421883
1,1,469123.9226039164,-0.16239999,1.6219015,-0.6055213916407272
1,1,469128.92280019075,-0.16239999,1.6216533,-0.6057471604164502
1,1,469133.9229964651,-0.16239999,1.6215388,-0.6059729293974483
1,1,469138.9231927395,-0.16239999,1.6213479,-0.6061986958488741
1,1,469143.92338901386,-0.16239999,1.6210806,-0.6064244647346596
1,1,469148.9235852882,-0.16239999,1.6210424,-0.6066502372298714
1,1,469153.9237815626,-0.16239999,1.620756,-0.6068760091095411
1,1,469158.92397783697,-0.16239999,1.6206797,-0.6071017799659323
1,1,469163.92417411134,-0.16239999,1.6204506,-0.6073275508219328
1,1,469168.9243703857,-0.16239999,1.6204125,-0.6075533262031212
1,1,469173.9245666601,-0.16239999,1.6200497,-0.6077790991028367
1,1,469178.92476293445,-0.16239999,1.6198589,-0.6080048694332872
1,1,469183.9249592088,-0.16239999,1.6197252,-0.6082306403938856
1,1,469188.9251554832,-0.16239999,1.6196297,-0.6084564108182516
1,1,469193.92535175756,-0.16239999,1.6194006,-0.608682179731298
1,1,469198.9255480319,-0.16239999,1.619267,-0.6089079468808027
1,1,469203.9257443063,-0.16239999,1.6190952,-0.60913371388167
1,1,469208.92594058067,-0.16239999,1.6189616,-0.609359478678437
1,1,469213.92613685504,-0.16239999,1.6186752,-0.6095852444099827
1,1,469218.9263331294,-0.16239999,1.6183698,-0.6098110115930324
1,1,469223.9265294038,-0.16239999,1.6181216,-0.6100367790110635
1,1,469228.92672567815,-0.16239999,1.6178734,-0.6102625480889746
1,1,469233.9269219525,-0.16239999,1.6178734,-0.6104883173833293
1,1,469238.9271182269,-0.16239999,1.6174725,-0.6107140860917993
1,1,469243.92731450126,-0.16239999,1.6175297,-0.610939855444699
1,1,469248.9275107756,-0.16239999,1.6172053,-0.6111656239068991
1,1,469253.92770705,-0.16239999,1.6171288,-0.611391393645728
1,1,469258.92790332437,-0.16239999,1.6170144,-0.6116171656063624
1,1,469263.92809959874,-0.16239999,1.6168808,-0.6118429354057414
1,1,469268.9282958731,-0.16239999,1.6165752,-0.6120687051425058
1,1,469273.9284921475,-0.16239999,1.6164035,-0.6122944745197904
1,1,469278.92868842185,-0.16239999,1.616308,-0.6125202434565039
1,1,469283.9288846962,-0.16239999,1.6162698,-0.612746008911817
1,1,469288.9290809706,-0.16239999,1.6161171,-0.6129717748936634
1,1,469293.92927724496,-0.16239999,1.6158308,-0.6131975383349471
1,1,469298.9294735193,-0.16239999,1.6156781,-0.6134233045829779
1,1,469303.9296697937,-0.16239999,1.6153917,-0.6136490736898916
1,1,469308.92986606853,-0.16239999,1.6152772,-0.61387484072125
1,1,469313.93006234337,-0.16239999,1.6151053,-0.6141006086884708
1,1,469318.9302586182,-0.16239999,1.6149526,-0.6143263758544942
1,1,469323.93045489304,-0.16239999,1.6146472,-0.614552141867066
1,1,469328.9306511679,-0.16239999,1.6145135,-0.614777909139381
1,1,469333.9308474427,-0.16239999,1.614418,-0.6150036786415664
1,1,469338.93104371754,-0.16239999,1.6142081,-0.6152294453979676
1,1,469343.9312399924,-0.16239999,1.6141508,-0.6154552164209389
1,1,469348.9314362672,-0.16239999,1.6139218,-0.6156809852125424
1,1,469353.93163254205,-0.16239999,1.6137308,-0.6159067564750987
1,1,469358.9318288169,-0.16239999,1.6136354,-0.6161325253662031
1,1,469363.9320250917,-0.16239999,1.6134635,-0.6163582928178511
1,1,469368.93222136656,-0.16239999,1.6132727,-0.6165840625925157
1,1,469373.9324176414,-0.16239999,1.6129099,-0.6168098308155828
1,1,469378.93261391623,-0.16239999,1.6128718,-0.617035595644244
1,1,469383.93281019107,-0.16239999,1.6126045,-0.6172613601089336
1,1,469388.9330064659,-0.16239999,1.61228,-0.617487124375355
1,1,469393.93320274074,-0.16239999,1.6121655,-0.6177128901532459
1,1,469398.9333990156,-0.16239999,1.6119745,-0.6179386597820455
1,1,469403.9335952902,-0.16239999,1.6116118,-0.6181644301871849
1,1,469408.933791565,-0.16239999,1.6115736,-0.6183901977337269
1,1,469413.9339878396,-0.16239999,1.6114782,-0.6186159628892841
1,1,469418.9341841142,-0.16239999,1.61123,-0.618841729031366
1,1,469423.9343803888,-0.16239999,1.6111345,-0.6190674943486951
1,1,469428.9345766634,-0.16239999,1.6108291,-0.619293261613149
1,1,469433.934772938,-0.16239999,1.6107336,-0.6195190317429099
1,1,469438.9349692126,-0.16239999,1.6104473,-0.6197447995354005
1,1,469443.93516548723,-0.16239999,1.610371,-0.61997056740495
1,1,469448.93536176183,-0.16239999,1.6102182,-0.6201963344659633
1,1,469453.93555803655,-0.16239999,1.6100655,-0.6204220999029405
1,1,469458.9357543113,-0.16239999,1.6098365,-0.6206478705129584
1,1,469463.935950586,-0.16239999,1.60955,-0.6208736375325921
1,1,469468.9361468606,-0.16239999,1.6094164,-0.6210994049761703
1,1,469473.9363431353,-0.16239999,1.6089201,-0.6213251708772185
1,1,469478.93653941003,-0.16239999,1.6089392,-0.621550940023439
1,1,469483.93673568475,-0.16239999,1.6086528,-0.6217767080062341
1,1,469488.93693195947,-0.16239999,1.6085955,-0.6220024759575354
1,1,469493.9371282342,-0.16239999,1.6083474,-0.6222282435344733
1,1,469498.9373245089,-0.16239999,1.6082901,-0.622454012516449
1,1,469503.9375207836,-0.16239999,1.6079273,-0.6226797838811627
1,1,469508.9377170583,-0.16239999,1.6076028,-0.6229055550686586
1,1,469513.937913333,-0.16239999,1.6075073,-0.6231313258581196
1,1,469518.9381096077,-0.16239999,1.6073929,-0.6233570990309021
1,1,469523.93830588245,-0.16239999,1.6071256,-0.6235828739120448
1,1,469528.9385021571,-0.16239999,1.6068965,-0.6238086492362197
1,1,469533.9386984318,-0.16239999,1.6066674,-0.624034424066513
1,1,469538.93889470655,-0.16239999,1.6064001,-0.6242601973079741
1,1,469543.93909098126,-0.16239999,1.6064383,-0.6244859699174911
1,1,469548.9392872555,-0.16239999,1.6060374,-0.6247117413707252
1,1,469553.9394835301,-0.16239999,1.6057702,-0.6249375127733036
1,1,469558.9396798047,-0.16239999,1.605751,-0.62516328857868
1,1,469563.9398760793,-0.16239999,1.6056174,-0.6253890619362187
1,1,469568.94007235393,-0.16239999,1.6053311,-0.6256148342963093
1,1,469573.94026862853,-0.16239999,1.6052165,-0.6258406078538075
1,1,469578.94046490313,-0.16239999,1.6049302,-0.6260663829281685
1,1,469583.94066117774,-0.16239999,1.604873,-0.6262921528401001
1,1,469588.94085745234,-0.16239999,1.6046438,-0.6265179224182796
1,1,469593.94105372694,-0.16239999,1.6043766,-0.6267436905609161
1,1,469598.9412500018,-0.16239999,1.6041284,-0.6269694595659523
1,1,469603.9414462764,-0.16239999,1.6039184,-0.6271952320722025
1,1,469608.9416425512,-0.16239999,1.6037084,-0.6274210012477949
1,1,469613.94183882605,-0.16239999,1.6034794,-0.6276467720881376
1,1,469618.9420351009,-0.16239999,1.6032884,-0.6278725420144985
1,1,469623.9422313757,-0.16239999,1.6030211,-0.6280983124100754
1,1,469628.94242765056,-0.16239999,1.6028684,-0.6283240829097287
1,1,469633.9426239254,-0.16239999,1.602563,-0.6285498551551085
1,1,469638.94282020023,-0.16239999,1.6023339,-0.628775631493406
1,1,469643.94301647507,-0.16239999,1.602353,-0.6290014074433957
1,1,469648.9432127499,-0.16239999,1.6019711,-0.6292271839911514
1,1,469653.94340902474,-0.16239999,1.6018184,-0.6294529617295131
1,1,469658.9436052996,-0.16239999,1.6015702,-0.6296787396355402
1,1,469663.9438015744,-0.16239999,1.601513,-0.629904521636596
1,1,469668.94399784924,-0.16239999,1.6013031,-0.6301303017937565
1,1,469673.9441941241,-0.16239999,1.6012076,-0.6303560810642854
1,1,469678.9443903989,-0.16239999,1.6009022,-0.6305818583651234
1,1,469683.94458667375,-0.16239999,1.6007494,-0.6308076375245675
1,1,469688.9447829486,-0.16239999,1.600444,-0.6310334115861761
1,1,469693.9449792234,-0.16239999,1.6003677,-0.6312591860077835
1,1,469698.94517549826,-0.16239999,1.6001767,-0.6314849603038959
1,1,469703.9453717731,-0.16239999,1.5999668,-0.631710735348939
1,1,469708.94556804746,-0.16239999,1.5996804,-0.6319365096727699
1,1,469713.94576432183,-0.16239999,1.5995085,-0.6321622826813516
1,1,469718.9459605962,-0.16239999,1.5993367,-0.6323880547778207
1,1,469723.9461568706,-0.16239999,1.5990695,-0.6326138267596659
1,1,469728.94635314494,-0.16239999,1.5990313,-0.6328395981022175
1,1,469733.9465494193,-0.16239999,1.5988022,-0.6330653676135388
1,1,469738.9467456937,-0.16239999,1.598554,-0.6332911393197383
1,1,469743.94694196805,-0.16239999,1.5984204,-0.6335169116989107
1,1,469748.9471382424,-0.16239999,1.5980386,-0.6337426851508176
1,1,469753.9473345168,-0.16239999,1.5979432,-0.6339684586594896
1,1,469758.94753079116,-0.16239999,1.5978286,-0.6341942291322761
1,1,469763.94772706553,-0.16239999,1.5975423,-0.6344200011572801
1,1,469768.9479233399,-0.16239999,1.5973896,-0.634645776779114
1,1,469773.9481196143,-0.16239999,1.5971414,-0.6348715506763041
1,1,469778.94831588864,-0.16239999,1.5971605,-0.6350973220462348
1,1,469783.948512163,-0.16239999,1.596855,-0.6353230948202755
1,1,469788.9487084374,-0.16239999,1.5966259,-0.6355488697424477
1,1,469793.94890471175,-0.16239999,1.5965304,-0.6357746420986888
1,1,469798.9491009861,-0.16239999,1.5963396,-0.6360004141973393
1,1,469803.9492972605,-0.16239999,1.5960342,-0.6362261850232097
1,1,469808.94949353486,-0.16239999,1.5959196,-0.6364519545125874
1,1,469813.94968980923,-0.16239999,1.5957096,-0.6366777242723385
1,1,469818.9498860836,-0.16239999,1.5955759,-0.636903496077524
1,1,469823.950082358,-0.16239999,1.5954423,-0.6371292676538349
1,1,469828.95027863234,-0.16239999,1.5950605,-0.6373550399822986
1,1,469833.9504749067,-0.16239999,1.5950605,-0.6375808107917702
1,1,469838.9506711811,-0.16239999,1.594755,-0.6378065807705815
1,1,469843.95086745545,-0.16239999,1.5946596,-0.6380323523490283
1,1,469848.9510637298,-0.16239999,1.5943923,-0.6382581241217706
1,1,469853.9512600042,-0.16239999,1.5941824,-0.6384838992459836
1,1,469858.95145627856,-0.16239999,1.5941633,-0.6387096719436757
1,1,469863.95165255293,-0.16239999,1.5937815,-0.6389354449154887
1,1,469868.9518488273,-0.16239999,1.5939151,-0.6391612199604457
1,1,469873.9520451017,-0.16239999,1.5935524,-0.6393869998986518
1,1,469878.95224137604,-0.16239999,1.5933042,-0.6396127757857023
1,1,469883.9524376504,-0.16239999,1.5929987,-0.639838552234082
1,1,469888.9526339248,-0.16239999,1.5927124,-0.6400643271422232
1,1,469893.95283019915,-0.16239999,1.5926169,-0.6402901011568153
1,1,469898.9530264735,-0.16239999,1.5923115,-0.6405158730036056
1,1,469903.9532227479,-0.16239999,1.5922924,-0.6407416441288502
1,1,469908.95341902226,-0.16239999,1.5920824,-0.6409674149515101
1,1,469913.95361529663,-0.16239999,1.5917007,-0.6411931845410849
1,1,469918.953811571,-0.16239999,1.5916052,-0.6414189534685605
1,1,469923.9540078454,-0.16239999,1.5913379,-0.6416447223292309
1,1,469928.95420411974,-0.16239999,1.5911661,-0.6418704896099883
1,1,469933.9544003941,-0.16239999,1.590937,-0.6420962579388222
1,1,469938.9545966685,-0.16239999,1.5907843,-0.6423220289266897
1,1,469943.95479294285,-0.16239999,1.5904216,-0.642547800700052
1,1,469948.9549892172,-0.16239999,1.5903261,-0.6427735714909121
1,1,469953.9551854916,-0.16239999,1.5901734,-0.6429993422743886
1,1,469958.95538176596,-0.16239999,1.5898107,-0.6432251122322464
1,1,469963.95557804033,-0.16239999,1.5896962,-0.6434508826201137
1,1,469968.9557743147,-0.16239999,1.5893716,-0.643676654238932
1,1,469973.9559705891,-0.16239999,1.5891235,-0.6439024271217345
1,1,469978.95616686344,-0.16239999,1.5889325,-0.6441282023881335
1,1,469983.9563631378,-0.16239999,1.5887607,-0.6443539784702129
1,1,469988.9565594122,-0.16239999,1.588417,-0.6445797545034953
1,1,469993.95675568655,-0.16239999,1.5883217,-0.6448055289600915
1,1,469998.9569519609,-0.16239999,1.5879971,-0.6450313003450956
1,1,470003.9571482353,-0.16239999,1.5878253,-0.6452570712286028
1,1,470008.95734450966,-0.16239999,1.5875962,-0.6454828412568495
1,1,470013.95754078403,-0.16239999,1.5873289,-0.6457086130263657
1,1,470018.9577370584,-0.16239999,1.587138,-0.645934385664267
1,1,470023.9579333328,-0.16239999,1.5867562,-0.6461601586659171
1,1,470028.95812960714,-0.16239999,1.5865844,-0.6463859322570555
1,1,470033.9583258815,-0.16239999,1.5863744,-0.646611705671962
1,1,470038.9585221559,-0.16239999,1.5864699,-0.6468374805382077
1,1,470043.95871843025,-0.16239999,1.5860499,-0.647063254805911
1,1,470048.9589147046,-0.16239999,1.585859,-0.6472890324124024
1,1,470053.959110979,-0.16239999,1.5857636,-0.6475148083554673
1,1,470058.95930725336,-0.16239999,1.5853053,-0.6477405822217771
1,1,470063.95950352773,-0.16239999,1.5850763,-0.6479663557370504
1,1,470068.9596998021,-0.16239999,1.5849427,-0.6481921296441837
1,1,470073.95989607647,-0.16239999,1.5846564,-0.6484179081160609
1,1,470078.96009235084,-0.16239999,1.5844845,-0.6486436868593032
1,1,470083.9602886252,-0.16239999,1.584179,-0.648869464362436
1,1,470088.9604848996,-0.16239999,1.5839118,-0.6490952413265871
1,1,470093.96068117395,-0.16239999,1.5837591,-0.6493210150270463
1,1,470098.9608774483,-0.16239999,1.5836827,-0.6495467898831393
1,1,470103.96107372316,-0.16239999,1.58332,-0.6497725648099449
1,1,470108.961269998,-0.16239999,1.5832055,-0.6499983390481009
1,1,470113.9614662728,-0.16239999,1.5830528,-0.650224114399242
1,1,470118.96166254766,-0.16239999,1.5827472,-0.6504498912020715
1,1,470123.9618588225,-0.16239999,1.58269,-0.650675666468622
1,1,470128.96205509733,-0.16239999,1.5824991,-0.6509014378510498
1,1,470133.96225137217,-0.16239999,1.5821364,-0.6511272083312752
1,1,470138.962447647,-0.16239999,1.58206,-0.6513529780541831
1,1,470143.96264392184,-0.16239999,1.5817164,-0.6515787500710644
1,1,470148.9628401967,-0.16239999,1.5815254,-0.6518045243217059
1,1,470153.9630364715,-0.16239999,1.5813727,-0.6520302963180847
1,1,470158.96323274635,-0.16239999,1.5810673,-0.6522560696713335
1,1,470163.9634290212,-0.16239999,1.5809718,-0.6524818422806096
1,1,470168.963625296,-0.16239999,1.5806283,-0.6527076136906261
1,1,470173.96382157085,-0.16239999,1.5803801,-0.6529333852969771
1,1,470178.9640178457,-0.16239999,1.580151,-0.6531591586014039
1,1,470183.9642141205,-0.16239999,1.5797691,-0.6533849346707148
1,1,470188.96441039536,-0.16239999,1.5796164,-0.653610712171716
1,1,470193.9646066702,-0.16239999,1.5796547,-0.653836487675863
1,1,470198.96480294503,-0.16239999,1.5792919,-0.6540622644683992
1,1,470203.96499921964,-0.16239999,1.5790247,-0.6542880403699313
1,1,470208.96519549424,-0.16239999,1.5787574,-0.6545138164286615
1,1,470213.96539176884,-0.16239999,1.5787193,-0.65473959097523
1,1,470218.96558804344,-0.16239999,1.578452,-0.6549653638145063
1,1,470223.96578431805,-0.16239999,1.5782038,-0.6551911374441932
1,1,470228.96598059265,-0.16239999,1.5780702,-0.6554169106042137
1,1,470233.96617686725,-0.16239999,1.5777838,-0.6556426835145661
1,1,470238.96637314186,-0.16239999,1.5775356,-0.6558684534565302
1,1,470243.96656941646,-0.16239999,1.5773638,-0.6560942275309257
1,1,470248.96676569106,-0.16239999,1.5772302,-0.6563200018445271
1,1,470253.9669619658,-0.16239999,1.5769056,-0.6565457753761353
1,1,470258.9671582405,-0.16239999,1.576543,-0.6567715498030244
1,1,470263.9673545152,-0.16239999,1.5761611,-0.6569973236336436
1,1,470268.96755078994,-0.16239999,1.5761802,-0.657223095580357
1,1,470273.96774706466,-0.16239999,1.5758557,-0.657448869861737
1,1,470278.9679433394,-0.16239999,1.5757602,-0.6576746467329033
1,1,470283.9681396141,-0.16239999,1.575493,-0.657900427033831
1,1,470288.96833588835,-0.16239999,1.5752448,-0.6581262087718879
1,1,470293.96853216307,-0.16239999,1.5750921,-0.6583519866511309
1,1,470298.9687284378,-0.16239999,1.5749203,-0.658577764333293
1,1,470303.96892471245,-0.16239999,1.5746912,-0.6588035403177516
1,1,470308.96912098717,-0.16239999,1.5743858,-0.6590293109603849
1,1,470313.9693172619,-0.16239999,1.5740802,-0.6592550809780808
1,1,470318.9695135366,-0.16239999,1.5739084,-0.6594808548507544
1,1,470323.9697098113,-0.16239999,1.5737748,-0.6597066248620552
1,1,470328.969906086,-0.16239999,1.5734694,-0.6599323946298902
1,1,470333.9701023607,-0.16239999,1.5731831,-0.6601581659341051
1,1,470338.9702986354,-0.16239999,1.5730113,-0.6603839403258945
1,1,470343.97049491014,-0.16239999,1.5728203,-0.6606097146415415
1,1,470348.97069118486,-0.16239999,1.5724958,-0.6608354888359228
1,1,470353.9708874596,-0.16239999,1.5722476,-0.6610612629171297
1,1,470358.9710837342,-0.16239999,1.5719994,-0.6612870386467553
1,1,470363.9712800088,-0.16239999,1.5718467,-0.6615128133128221
1,1,470368.9714762834,-0.16239999,1.5715795,-0.66173858868266
1,1,470373.971672558,-0.16239999,1.5713886,-0.6619643626757531
1,1,470378.9718688326,-0.16239999,1.5711786,-0.6621901373208846
1,1,470383.9720651072,-0.16239999,1.5709304,-0.6624159154326404
1,1,470388.9722613818,-0.16239999,1.5707967,-0.6626416934763948
1,1,470393.9724576564,-0.16239999,1.5703386,-0.6628674703676768
1,1,470398.972653931,-0.16239999,1.5700713,-0.663093244063524
1,1,470403.97285020584,-0.16239999,1.569785,-0.6633190214640391
1,1,470408.9730464807,-0.16239999,1.5696895,-0.6635447960412891
1,1,470413.9732427555,-0.16239999,1.5693841,-0.6637705711829182
1,1,470418.97343903035,-0.16239999,1.5692314,-0.6639963464330807
1,1,470423.9736353052,-0.16239999,1.5690213,-0.6642221233392416
1,1,470428.97383158,-0.16239999,1.5688113,-0.6644479005313466
1,1,470433.97402785486,-0.16239999,1.568525,-0.6646736772530957
1,1,470438.9742241297,-0.16239999,1.5683532,-0.6648994527050729
1,1,470443.9744204045,-0.16239999,1.5681623,-0.6651252289524708
1,1,470448.97461667936,-0.16239999,1.5677041,-0.6653510066554158
1,1,470453.9748129542,-0.16239999,1.5676659,-0.6655767833283959
1,1,470458.97500922903,-0.16239999,1.5674942,-0.6658025582117365
1,1,470463.97520550387,-0.16239999,1.5673605,-0.6660283359472116
1,1,470468.9754017787,-0.16239999,1.5669215,-0.6662541092591461
1,1,470473.97559805354,-0.16239999,1.5667114,-0.6664798846165274
1,1,470478.9757943284,-0.16239999,1.5663869,-0.6667056595125613
1,1,470483.9759906032,-0.16239999,1.5662341,-0.6669314359361688
1,1,470488.97618687805,-0.16239999,1.5661769,-0.6671572144901862
1,1,470493.9763831529,-0.16239999,1.5658715,-0.667382993271029
1,1,470498.9765794277,-0.16239999,1.5656805,-0.6676087730513862
1,1,470503.9767757021,-0.16239999,1.5654515,-0.6678345526906353
1,1,470508.97697197646,-0.16239999,1.565146,-0.6680603310177146
1,1,470513.9771682508,-0.16239999,1.5649742,-0.6682861056844172
1,1,470518.9773645252,-0.16239999,1.5646497,-0.6685118780293093
1,1,470523.97756079957,-0.16239999,1.5645733,-0.6687376509608404
1,1,470528.97775707394,-0.16239999,1.564287,-0.6689634221501476
1,1,470533.9779533483,-0.16239999,1.5640388,-0.6691891946595527
1,1,470538.9781496227,-0.16239999,1.5637906,-0.6694149639009594
1,1,470543.97834589705,-0.16239999,1.5635806,-0.6696407332601574
1,1,470548.9785421714,-0.16239999,1.5634279,-0.669866500177156
1,1,470553.9787384458,-0.16239999,1.5631988,-0.6700922679663137
1,1,470558.97893472016,-0.16239999,1.562817,-0.6703180359884163
1,1,470563.9791309945,-0.16239999,1.562588,-0.6705438026450138
1,1,470568.9793272689,-0.16239999,1.5622824,-0.6707695675245857
1,1,470573.97952354327,-0.16239999,1.5620152,-0.6709953345735507
1,1,470578.97971981764,-0.16239999,1.5618815,-0.6712211032094147
1,1,470583.979916092,-0.16239999,1.561538,-0.6714468700358275
1,1,470588.9801123664,-0.16239999,1.5613853,-0.6716726397750968
1,1,470593.98030864075,-0.16239999,1.5612134,-0.6718984123262634
1,1,470598.9805049151,-0.16239999,1.5610225,-0.6721241854358625
1,1,470603.9807011895,-0.16239999,1.5608889,-0.6723499585475535
1,1,470608.98089746386,-0.16239999,1.5604498,-0.6725757306773508
1,1,470613.9810937382,-0.16239999,1.5601062,-0.6728014990348016
1,1,470618.9812900126,-0.16239999,1.5599725,-0.6730272674043769
1,1,470623.98148628697,-0.16239999,1.5599153,-0.673253036736631
1,1,470628.98168256134,-0.16239999,1.5594763,-0.6734788078855609
1,1,470633.9818788357,-0.16239999,1.5593234,-0.6737045792857559
1,1,470638.9820751101,-0.16239999,1.5590944,-0.6739303534355545
1,1,470643.98227138445,-0.16239999,1.5588653,-0.6741561267669475
1,1,470648.9824676588,-0.16239999,1.5584453,-0.6743818991625301
1,1,470653.9826639332,-0.16239999,1.5582162,-0.674607671350254
1,1,470658.98286020756,-0.16239999,1.5580826,-0.6748334464168632
1,1,470663.9830564819,-0.16239999,1.55772,-0.6750592189269827
1,1,470668.9832527563,-0.16239999,1.5573763,-0.675284990552076
1,1,470673.98344903067,-0.16239999,1.5572999,-0.6755107617337976
1,1,470678.98364530504,-0.16239999,1.5570899,-0.6757365291794174
1,1,470683.9838415794,-0.16239999,1.5567845,-0.6759622962960675
1,1,470688.9840378538,-0.16239999,1.5565554,-0.676188065642308
1,1,470693.98423412815,-0.16239999,1.55625,-0.676413836406591
1,1,470698.9844304025,-0.16239999,1.5560018,-0.6766396056759407
1,1,470703.9846266769,-0.16239999,1.5557727,-0.6768653724369672
1,1,470708.98482295126,-0.16239999,1.555639,-0.6770911420255502
1,1,470713.9850192256,-0.16239999,1.5552381,-0.6773169128343645
1,1,470718.9852155,-0.16239999,1.5549709,-0.6775426806387578
1,1,470723.98541177437,-0.16239999,1.5547227,-0.6777684473983545
1,1,470728.98560804874,-0.16239999,1.5546082,-0.6779942140439839
1,1,470733.9858043231,-0.16239999,1.5541881,-0.6782199808767321
1,1,470738.9860005975,-0.16239999,1.5539018,-0.6784457454974526
1,1,470743.98619687185,-0.16239999,1.5535392,-0.6786715097119899
1,1,470748.9863931462,-0.16239999,1.5534246,-0.6788972738307838
1,1,470753.9865894206,-0.16239999,1.5531573,-0.6791230394290081
1,1,470758.98678569496,-0.16239999,1.552871,-0.6793488030652967
1,1,470763.9869819693,-0.16239999,1.5525464,-0.6795745689240652
1,1,470768.9871782437,-0.16239999,1.5522791,-0.6798003372974114
1,1,470773.98737451807,-0.16239999,1.552241,-0.6800261081840876
1,1,470778.98757079244,-0.16239999,1.5519165,-0.6802518802522073
1,1,470783.9877670668,-0.16239999,1.5516301,-0.6804776507599436
1,1,470788.9879633412,-0.16239999,1.5514965,-0.6807034227441474
1,1,470793.98815961555,-0.16239999,1.5510573,-0.6809291969381487
1,1,470798.9883558899,-0.16239999,1.5509429,-0.6811549714806642
1,1,470803.9885521643,-0.16239999,1.5506374,-0.6813807461883697
1,1,470808.98874843866,-0.16239999,1.5502555,-0.6816065185989628
1,1,470813.988944713,-0.16239999,1.5502174,-0.6818322932775334
1,1,470818.9891409874,-0.16239999,1.5498738,-0.6820580633136687
1,1,470823.98933726177,-0.16239999,1.5495683,-0.6822838312033463
1,1,470828.98953353614,-0.16239999,1.5494156,-0.6825095969774904
1,1,470833.9897298105,-0.16239999,1.549072,-0.6827353632571447
1,1,470838.9899260849,-0.16239999,1.5489001,-0.6829611287089989
1,1,470843.99012235925,-0.16239999,1.548652,-0.6831868969189291
1,1,470848.9903186336,-0.16239999,1.5483656,-0.6834126647987082
1,1,470853.990514908,-0.16239999,1.5480793,-0.683638432179998
1,1,470858.99071118236,-0.16239999,1.5479648,-0.683864200219992
1,1,470863.9909074567,-0.16239999,1.547602,-0.6840899657336562
1,1,470868.9911037311,-0.16239999,1.5472202,-0.6843157330639186
1,1,470873.99130000547,-0.16239999,1.547163,-0.6845415020306976
1,1,470878.99149627984,-0.16239999,1.5469339,-0.6847672729909218
1,1,470883.9916925542,-0.16239999,1.5466093,-0.6849930450078204
1,1,470888.9918888286,-0.16239999,1.5462848,-0.6852188153093197
1,1,470893.99208510295,-0.16239999,1.5458457,-0.6854445849179556
1,1,470898.9922813778,-0.16239999,1.5457121,-0.6856703593759153
1,1,470903.9924776526,-0.16239999,1.5454448,-0.6858961353019298
1,1,470908.99267392745,-0.16239999,1.5451202,-0.6861219101874113
1,1,470913.9928702023,-0.16239999,1.5449485,-0.686347684486614
1,1,470918.9930664771,-0.16239999,1.5446049,-0.6865734598924862
1,1,470923.99326275196,-0.16239999,1.5445476,-0.6867992341593625
1,1,470928.9934590268,-0.16239999,1.5441276,-0.687025007666672
1,1,470933.99365530163,-0.16239999,1.5439367,-0.6872507810232397
1,1,470938.99385157647,-0.16239999,1.543593,-0.6874765543906487
1,1,470943.9940478513,-0.16239999,1.5432686,-0.687702325797531
1,1,470948.99424412614,-0.16239999,1.542944,-0.6879280969340069
1,1,470953.994440401,-0.16239999,1.5429631,-0.6881538693315888
1,1,470958.9946366758,-0.16239999,1.5426385,-0.6883796414249627
1,1,470963.99483295064,-0.16239999,1.5424668,-0.6886054122213817
1,1,470968.9950292255,-0.16239999,1.5421804,-0.6888311833790611
1,1,470973.9952255003,-0.16239999,1.5417222,-0.68905695322758
1,1,470978.99542177515,-0.16239999,1.5415123,-0.6892827258154903
1,1,470983.99561805,-0.16239999,1.5410923,-0.6895084961607734
1,1,470988.9958143248,-0.16239999,1.5409586,-0.6897342674066238
1,1,470993.99601059966,-0.16239999,1.5409777,-0.6899600367831037
1,1,470998.99620687426,-0.16239999,1.5405196,-0.6901858067625525
1,1,471003.99640314886,-0.16239999,1.5402905,-0.6904115792978212
1,1,471008.99659942347,-0.16239999,1.5398705,-0.6906373526437601
1,1,471013.99679569807,-0.16239999,1.5394696,-0.690863125946095
1,1,471018.9969919727,-0.16239999,1.5392977,-0.6910888998429001
1,1,471023.9971882473,-0.16239999,1.5392977,-0.6913146735255739
1,1,471028.9973845214,-0.16239999,1.5389923,-0.6915404466765163
1,1,471033.997580796,-0.16239999,1.5387824,-0.6917662213108212
1,1,471038.9977770706,-0.16239999,1.5383624,-0.691991995666429
1,1,471043.9979733452,-0.16239999,1.5381714,-0.6922177699384222
1,1,471048.99816961994,-0.16239999,1.5379423,-0.6924435416117861
1,1,471053.99836589466,-0.16239999,1.5378087,-0.6926693117098912
1,1,471058.9985621694,-0.16239999,1.5375415,-0.6928950815934453
1,1,471063.9987584441,-0.16239999,1.5372169,-0.6931208543845081
1,1,471068.9989547188,-0.16239999,1.5370833,-0.693346626153362
1,1,471073.99915099354,-0.16239999,1.5368351,-0.6935723982796517
1,1,471078.99934726825,-0.16239999,1.5364724,-0.6937981713374709
1,1,471083.999543543,-0.16239999,1.5363196,-0.6940239433199213
1,1,471088.9997398177,-0.16239999,1.5360525,-0.6942497149475056
1,1,471093.9999360924,-0.16239999,1.5358043,-0.6944754884833367
1,1,471099.00013236713,-0.16239999,1.5353843,-0.6947012614959376
1,1,471104.00032864185,-0.16239999,1.5352315,-0.6949270376431517
1,1,471109.0005249165,-0.16239999,1.5346969,-0.6951528141894122
1,1,471114.00072119123,-0.16239999,1.5346779,-0.6953785908069152
1,1,471119.00091746595,-0.16239999,1.5342388,-0.6956043676028016
1,1,471124.0011137406,-0.16239999,1.5343343,-0.6958301477894581
1,1,471129.00131001533,-0.16239999,1.5342007,-0.6960559249291765
1,1,471134.00150629005,-0.16239999,1.5337998,-0.6962816991981944
1,1,471139.00170256477,-0.16239999,1.5334944,-0.6965074723243777
1,1,471144.0018988395,-0.16239999,1.5332843,-0.696733245373277
1,1,471149.0020951142,-0.16239999,1.5330361,-0.6969590198669886
1,1,471154.00229138904,-0.16239999,1.5326352,-0.6971847907639325
1,1,471159.00248766365,-0.16239999,1.5324634,-0.6974105601542572
1,1,471164.00268393825,-0.16239999,1.5322534,-0.6976363289228542
1,1,471169.00288021285,-0.16239999,1.5318717,-0.6978620991315962
1,1,471174.00307648745,-0.16239999,1.5315471,-0.6980878738273014
1,1,471179.00327276206,-0.16239999,1.531528,-0.6983136491493612
1,1,471184.00346903666,-0.16239999,1.5311271,-0.6985394272122231
1,1,471189.00366531126,-0.16239999,1.5310508,-0.6987652086580972
1,1,471194.00386158586,-0.16239999,1.5306499,-0.6989909868717472
1,1,471199.00405786047,-0.16239999,1.5304208,-0.6992167612940401
1,1,471204.0042541353,-0.16239999,1.5301535,-0.6994425342379772
1,1,471209.00445041014,-0.16239999,1.5298098,-0.699668313106092
1,1,471214.004646685,-0.16239999,1.5297717,-0.699894091216299
1,1,471219.0048429598,-0.16239999,1.5293899,-0.7001198690662166
1,1,471224.00503923465,-0.16239999,1.5288744,-0.7003456452713904
1,1,471229.0052355095,-0.16239999,1.52876,-0.700571425656532
1,1,471234.0054317843,-0.16239999,1.5284163,-0.7007972040219959
1,1,471239.00562805915,-0.16239999,1.5281299,-0.7010229802841633
1,1,471244.005824334,-0.16239999,1.5278245,-0.7012487558765136
1,1,471249.0060206088,-0.16239999,1.5276145,-0.7014745321205869
1,1,471254.00621688366,-0.16239999,1.5274427,-0.7017003063499222
1,1,471259.0064131585,-0.16239999,1.527099,-0.7019260826859705
1,1,471264.00660943333,-0.16239999,1.5267936,-0.7021518584782861
1,1,471269.00680570817,-0.16239999,1.5266981,-0.7023776371741559
1,1,471274.007001983,-0.16239999,1.5261828,-0.7026034159842928
1,1,471279.00719825784,-0.16239999,1.525801,-0.7028291946956233
1,1,471284.0073945327,-0.16239999,1.5255909,-0.7030549714957119
1,1,471289.0075908075,-0.16239999,1.5252473,-0.7032807457244256
1,1,471294.0077870819,-0.16239999,1.5249801,-0.7035065237544941
1,1,471299.0079833567,-0.16239999,1.5246364,-0.7037322983585489
1,1,471304.0081796311,-0.16239999,1.5244073,-0.7039580733862288
1,1,471309.00837590545,-0.16239999,1.5240065,-0.7041838537282042
1,1,471314.0085721798,-0.16239999,1.5236819,-0.7044096356249288
1,1,471319.0087684542,-0.16239999,1.5235292,-0.7046354189830184
1,1,471324.00896472856,-0.16239999,1.5232428,-0.7048612043109356
1,1,471329.00916100293,-0.16239999,1.5230901,-0.7050869864386636
1,1,471334.0093572773,-0.16239999,1.5226892,-0.7053127642212189
1,1,471339.0095535517,-0.16239999,1.5225174,-0.7055385418831915
1,1,471344.00974982604,-0.16239999,1.5222502,-0.7057643189195886
1,1,471349.0099461004,-0.16239999,1.5221165,-0.705990093423866
1,1,471354.0101423748,-0.16239999,1.5217538,-0.706215869158481
1,1,471359.01033864915,-0.16239999,1.5215437,-0.7064416432343045
1,1,471364.0105349235,-0.16239999,1.5214101,-0.7066674160455525
1,1,471369.0107311979,-0.16239999,1.5209138,-0.7068931889007002
1,1,471374.01092747226,-0.16239999,1.5205129,-0.7071189626364726
1,1,471379.01112374663,-0.16239999,1.5202647,-0.7073447348737767
1,1,471384.011320021,-0.16239999,1.5200356,-0.7075705078622144
1,1,471389.0115162954,-0.16239999,1.5197493,-0.7077962792442731
1,1,471394.01171256974,-0.16239999,1.5196347,-0.7080220513606205
1,1,471399.0119088441,-0.16239999,1.5192529,-0.7082478259353456
1,1,471404.0121051185,-0.16239999,1.5190048,-0.7084736024306889
1,1,471409.01230139285,-0.16239999,1.5187948,-0.7086993795250655
1,1,471414.0124976672,-0.16239999,1.518413,-0.7089251591995781
1,1,471419.0126939416,-0.16239999,1.518184,-0.7091509408489748
1,1,471424.01289021596,-0.16239999,1.5178212,-0.7093767233619409
1,1,471429.01308649033,-0.16239999,1.5175349,-0.7096025069797354
1,1,471434.0132827647,-0.16239999,1.5173821,-0.709828288169831
1,1,471439.0134790391,-0.16239999,1.5170003,-0.7100540677729141
1,1,471444.01367531344,-0.16239999,1.5166185,-0.7102798473898818
1,1,471449.0138715878,-0.16239999,1.5162748,-0.7105056254998685
1,1,471454.0140678622,-0.16239999,1.5159122,-0.7107314045973676
1,1,471459.01426413655,-0.16239999,1.5157595,-0.7109571835120179
1,1,471464.0144604109,-0.16239999,1.5153776,-0.7111829620408224
1,1,471469.0146566853,-0.16239999,1.515034,-0.7114087432875392
1,1,471474.01485295966,-0.16239999,1.5146713,-0.7116345232579566
1,1,471479.01504923403,-0.16239999,1.5144804,-0.7118603015830168
1,1,471484.0152455084,-0.16239999,1.5141749,-0.71208608057864
1,1,471489.0154417828,-0.16239999,1.5139458,-0.7123118606902699
1,1,471494.01563805714,-0.16239999,1.5135068,-0.7125376415268404
1,1,471499.0158343315,-0.16239999,1.513125,-0.7127634216160673
1,1,471504.0160306059,-0.16239999,1.512705,-0.7129892000150795
1,1,471509.01622688025,-0.16239999,1.5125141,-0.7132149760412283
1,1,471514.0164231546,-0.16239999,1.5121895,-0.7134407553167764
1,1,471519.016619429,-0.16239999,1.5118269,-0.713666535714935
1,1,471524.01681570336,-0.16239999,1.5114641,-0.7138923167171692
1,1,471529.01701197773,-0.16239999,1.5112541,-0.7141180984807882
1,1,471534.0172082521,-0.16239999,1.5108914,-0.7143438821267691
1,1,471539.0174045265,-0.16239999,1.5105859,-0.7145696641585726
1,1,471544.01760080084,-0.16239999,1.5104141,-0.7147954443189649
1,1,471549.0177970752,-0.16239999,1.5099941,-0.715021224556561
1,1,471554.0179933496,-0.16239999,1.5095168,-0.7152470050109566
1,1,471559.01818962395,-0.16239999,1.5094215,-0.7154727850107269
1,1,471564.0183858983,-0.16239999,1.5090969,-0.7156985643144903
1,1,471569.0185821727,-0.16239999,1.508696,-0.7159243451542531
1,1,471574.01877844706,-0.16239999,1.508467,-0.7161501273923591
1,1,471579.01897472143,-0.16239999,1.5082378,-0.7163759096969317
1,1,471584.0191709958,-0.16239999,1.5079706,-0.7166016937786002
1,1,471589.0193672702,-0.16239999,1.5077988,-0.7168274780481078
1,1,471594.01956354454,-0.16239999,1.5072452,-0.7170532652131228
1,1,471599.0197598189,-0.16239999,1.5068824,-0.7172790536285739
1,1,471604.0199560933,-0.16239999,1.5067106,-0.7175048414003552
1,1,471609.02015236765,-0.16239999,1.5063097,-0.7177306311327584
1,1,471614.020348642,-0.16239999,1.5059279,-0.7179564220603697
1,1,471619.0205449164,-0.16239999,1.5058515,-0.7181822111204839
1,1,471624.02074119076,-0.16239999,1.5056416,-0.718408000726199
1,1,471629.02093746513,-0.16239999,1.505317,-0.7186337897817651
1,1,471634.0211337395,-0.16239999,1.5049543,-0.7188595776689112
1,1,471639.0213300139,-0.16239999,1.5046489,-0.719085362439193
1,1,471644.02152628824,-0.16239999,1.5045153,-0.7193111437227363
1,1,471649.0217225626,-0.16239999,1.5041525,-0.7195369253718499
1,1,471654.021918837,-0.16239999,1.5038089,-0.7197627063072036
1,1,471659.02211511135,-0.16239999,1.5036943,-0.7199884845370578
1,1,471664.0223113857,-0.16239999,1.5033507,-0.7202142656581304
1,1,471669.0225076601,-0.16239999,1.5029308,-0.720440046130274
1,1,471674.02270393446,-0.16239999,1.5025871,-0.7206658265451351
1,1,471679.02290020883,-0.16239999,1.5022626,-0.7208916057349817
1,1,471684.0230964832,-0.16239999,1.5018235,-0.721117385779601
1,1,471689.02329275757,-0.16239999,1.5016516,-0.7213431653042311
1,1,471694.0234890324,-0.16239999,1.5012317,-0.7215689433880995
1,1,471699.02368530724,-0.16239999,1.5010027,-0.7217947211756872
1,1,471704.0238815821,-0.16239999,1.5006208,-0.7220204999140568
1,1,471709.0240778569,-0.16239999,1.5003917,-0.7222462784960089
1,1,471714.02427413175,-0.16239999,1.50022,-0.7224720567383254
1,1,471719.0244704066,-0.16239999,1.500029,-0.7226978365509171
1,1,471724.0246666814,-0.16239999,1.499819,-0.7229236167148957
1,1,471729.02486295626,-0.16239999,1.4993608,-0.7231493992990496
1,1,471734.0250592311,-0.16239999,1.4991127,-0.7233751834666515
1,1,471739.0252555059,-0.16239999,1.4986736,-0.7236009693021768
1,1,471744.02545178076,-0.16239999,1.4982345,-0.7238267553805131
1,1,471749.0256480556,-0.16239999,1.49812,-0.7240525389282167
1,1,471754.02584433043,-0.16239999,1.4975663,-0.7242783205379903
1,1,471759.02604060527,-0.16239999,1.49749,-0.7245041024612513
1,1,471764.02623687964,-0.16239999,1.4971273,-0.7247298845072911
1,1,471769.0264331545,-0.16239999,1.4967455,-0.7249556677980954
1,1,471774.0266294293,-0.16239999,1.4965546,-0.7251814474334031
1,1,471779.02682570415,-0.16239999,1.4961154,-0.725407225158444
1,1,471784.027021979,-0.16239999,1.4957719,-0.7256330061149433
1,1,471789.0272182538,-0.16239999,1.4953328,-0.7258587900298306
1,1,471794.0274145284,-0.16239999,1.4950656,-0.72608457043978
1,1,471799.027610803,-0.16239999,1.4946647,-0.7263103490698711
1,1,471804.0278070776,-0.16239999,1.4944546,-0.7265361260086713
1,1,471809.0280033522,-0.16239999,1.4941111,-0.7267618992370882
1,1,471814.02819962683,-0.16239999,1.4937865,-0.7269876729225667
1,1,471819.02839590143,-0.16239999,1.493462,-0.7272134485484968
1,1,471824.02859217604,-0.16239999,1.4931947,-0.7274392248779388
1,1,471829.02878845064,-0.16239999,1.4928129,-0.7276650023513644
1,1,471834.02898472524,-0.16239999,1.4924501,-0.7278907802912089
1,1,471839.02918099985,-0.16239999,1.4922783,-0.7281165557679105
1,1,471844.02937727456,-0.16239999,1.4918202,-0.7283423312541463
1,1,471849.0295735493,-0.16239999,1.4917629,-0.7285681083273459
1,1,471854.029769824,-0.16239999,1.4916102,-0.7287938839085104
1,1,471859.0299660987,-0.16239999,1.4914384,-0.7290196598971885
1,1,471864.03016237344,-0.16239999,1.4909611,-0.7292454339641815
1,1,471869.03035864816,-0.16239999,1.4906747,-0.7294712089537302
1,1,471874.0305549229,-0.16239999,1.4903693,-0.7296969860572917
1,1,471879.0307511976,-0.16239999,1.4899684,-0.7299227642886063
1,1,471884.0309474723,-0.16239999,1.4896439,-0.7301485405005336
1,1,471889.03114374727,-0.16239999,1.4891475,-0.7303743185255241
1,1,471894.031340022,-0.16239999,1.4887276,-0.7306000963514079
1,1,471899.0315362967,-0.16239999,1.4885939,-0.7308258725035667
1,1,471904.0317325714,-0.16239999,1.4882121,-0.7310516481298776
1,1,471909.0319288461,-0.16239999,1.4881549,-0.7312774220447685
1,1,471914.0321251208,-0.16239999,1.4877349,-0.73150319452169
1,1,471919.03232139547,-0.16239999,1.4874294,-0.7317289675905791
1,1,471924.0325176702,-0.16239999,1.4870667,-0.7319547406148609
1,1,471929.0327139449,-0.16239999,1.4865894,-0.7321805161318435
1,1,471934.0329102196,-0.16239999,1.4863603,-0.7324062947782166
1,1,471939.03310649435,-0.16239999,1.4862459,-0.7326320704452888
1,1,471944.03330276906,-0.16239999,1.4858831,-0.732857844015467
1,1,471949.03349904367,-0.16239999,1.4854441,-0.7330836182894379
1,1,471954.03369531804,-0.16239999,1.4850813,-0.733309389631487
1,1,471959.03389159264,-0.16239999,1.4848331,-0.7335351599771235
1,1,471964.03408786724,-0.16239999,1.4846232,-0.7337609318959418
1,1,471969.03428414185,-0.16239999,1.4841268,-0.7339867044573686
1,1,471974.03448041645,-0.16239999,1.4838977,-0.7342124781468431
1,1,471979.03467669105,-0.16239999,1.4835732,-0.7344382504799725
1,1,471984.03487296565,-0.16239999,1.482905,-0.7346640231760726
1,1,471989.03506924026,-0.16239999,1.4825423,-0.7348897947498844
1,1,471994.0352655151,-0.16239999,1.4822369,-0.7351155686134492
1,1,471999.0354617899,-0.16239999,1.4819314,-0.7353413427547443
1,1,472004.03565806476,-0.16239999,1.4817214,-0.7355671177239156
1,1,472009.0358543396,-0.16239999,1.4811678,-0.7357928911218008
1,1,472014.03605061444,-0.16239999,1.4806714,-0.7360186639734103
1,1,472019.03624688927,-0.16239999,1.4804041,-0.7362444365762069
1,1,472024.0364431641,-0.16239999,1.4801178,-0.7364702080053308
1,1,472029.03663943894,-0.16239999,1.479526,-0.7366959833541953
1,1,472034.0368357133,-0.16239999,1.4792778,-0.7369217586889683
1,1,472039.03703198815,-0.16239999,1.4788388,-0.737147535144349
1,1,472044.037228263,-0.16239999,1.4785525,-0.7373733125087637
1,1,472049.0374245378,-0.16239999,1.4783043,-0.7375990907407719
1,1,472054.03762081265,-0.16239999,1.4779224,-0.7378248671986313
1,1,472059.0378170875,-0.16239999,1.4775215,-0.738050641756687
1,1,472064.0380133623,-0.16239999,1.4772543,-0.7382764155172558
1,1,472069.03820963716,-0.16239999,1.4767579,-0.7385021904853898
1,1,472074.038405912,-0.16239999,1.4766244,-0.7387279649843674
1,1,472079.03860218683,-0.16239999,1.4762807,-0.7389537403923374
1,1,472084.03879846167,-0.16239999,1.4758607,-0.7391795164001337
1,1,472089.0389947365,-0.16239999,1.4755553,-0.7394052915392055
1,1,472094.03919101134,-0.16239999,1.4750017,-0.7396310675926507
1,1,472099.0393872857,-0.16239999,1.4748107,-0.7398568442816992
1,1,472104.0395835601,-0.16239999,1.4743717,-0.7400826203224197
1,1,472109.03977983445,-0.16239999,1.4740089,-0.7403083974275193
1,1,472114.0399761088,-0.16239999,1.4736654,-0.7405341714920436
1,1,472119.0401723832,-0.16239999,1.4732835,-0.7407599448426888
1,1,472124.04036865756,-0.16239999,1.473188,-0.740985719264182
1,1,472129.04056493193,-0.16239999,1.4726726,-0.7412114942221021
1,1,472134.0407612063,-0.16239999,1.472329,-0.7414372705706979
1,1,472139.04095748067,-0.16239999,1.4720427,-0.7416630449381181
1,1,472144.04115375504,-0.16239999,1.4716799,-0.7418888183086696
1,1,472149.0413500294,-0.16239999,1.4713745,-0.7421145945697435
1,1,472154.0415463038,-0.16239999,1.4708972,-0.7423403680242995
1,1,472159.04174257815,-0.16239999,1.4705154,-0.7425661387281649
1,1,472164.0419388525,-0.16239999,1.4703054,-0.7427919112127903
1,1,472169.0421351269,-0.16239999,1.4698664,-0.7430176845545139
1,1,472174.04233140126,-0.16239999,1.4695227,-0.7432434567174282
1,1,472179.0425276756,-0.16239999,1.4691982,-0.7434692323465901
1,1,472184.04272395,-0.16239999,1.4690073,-0.7436950084728573
1,1,472189.04292022437,-0.16239999,1.4685491,-0.7439207859486804
1,1,472194.04311649874,-0.16239999,1.4683009,-0.7441465655065617
1,1,472199.0433127731,-0.16239999,1.4678428,-0.744372341880309
1,1,472204.0435090475,-0.16239999,1.4676518,-0.7445981162051781
1,1,472209.04370532185,-0.16239999,1.4671556,-0.7448238898248349
1,1,472214.0439015962,-0.16239999,1.4669074,-0.7450496674093032
1,1,472219.0440978706,-0.16239999,1.4665256,-0.7452754427437459
1,1,472224.04429414496,-0.16239999,1.4661056,-0.7455012158925061
1,1,472229.0444904193,-0.16239999,1.4658383,-0.7457269882500841
1,1,472234.0446866937,-0.16239999,1.4655901,-0.7459527636158855
1,1,472239.04488296807,-0.16239999,1.4649601,-0.7461785420173463
1,1,472244.04507924244,-0.16239999,1.464712,-0.746404318908933
1,1,472249.0452755168,-0.16239999,1.464521,-0.7466300960193266
1,1,472254.0454717912,-0.16239999,1.4641011,-0.7468558751890169
1,1,472259.04566806555,-0.16239999,1.4633948,-0.7470816518375929
1,1,472264.0458643399,-0.16239999,1.4632038,-0.7473074294561078
1,1,472269.0460606143,-0.16239999,1.4629557,-0.7475332066506948
1,1,472274.04625688866,-0.16239999,1.4623829,-0.7477589858448073
1,1,472279.046453163,-0.16239999,1.4623829,-0.7479847627976087
1,1,472284.0466494374,-0.16239999,1.4620203,-0.7482105407868745
1,1,472289.04684571177,-0.16239999,1.4615811,-0.7484363182172268
1,1,472294.04704198614,-0.16239999,1.4610658,-0.7486620942199873
1,1,472299.0472382605,-0.16239999,1.4608939,-0.7488878722995409
1,1,472304.0474345349,-0.16239999,1.460264,-0.7491136526616569
1,1,472309.04763080925,-0.16239999,1.4599394,-0.7493394335732398
1,1,472314.0478270836,-0.16239999,1.4595194,-0.7495652134813083
1,1,472319.048023358,-0.16239999,1.4591758,-0.7497909940026316
1,1,472324.04821963236,-0.16239999,1.4587749,-0.7500167738969729
1,1,472329.0484159067,-0.16239999,1.4583931,-0.7502425539851731
1,1,472334.0486121811,-0.16239999,1.4580685,-0.7504683372858503
1,1,472339.04880845547,-0.16239999,1.4577631,-0.7506941189054438
1,1,472344.04900472984,-0.16239999,1.4573431,-0.7509198980818496
1,1,472349.0492010042,-0.16239999,1.4569803,-0.7511456777196756
1,1,472354.0493972786,-0.16239999,1.4566177,-0.751371455512588
1,1,472359.04959355295,-0.16239999,1.4562168,-0.7515972312702353
1,1,472364.0497898273,-0.16239999,1.4558159,-0.7518230068675436
1,1,472369.0499861017,-0.16239999,1.4553577,-0.7520487823940432
1,1,472374.05018237606,-0.16239999,1.4550523,-0.7522745585837421
1,1,472379.0503786504,-0.16239999,1.4547468,-0.7525003340015642
1,1,472384.0505749248,-0.16239999,1.4544222,-0.7527261075586328
1,1,472389.05077119917,-0.16239999,1.4541932,-0.7529518814671287
1,1,472394.05096747354,-0.16239999,1.4535632,-0.75317765467389
1,1,472399.0511637479,-0.16239999,1.4533341,-0.7534034255684199
1,1,472404.0513600223,-0.16239999,1.4529524,-0.7536291987994072
1,1,472409.05155629665,-0.16239999,1.4527805,-0.7538549734962092
1,1,472414.051752571,-0.16239999,1.4522842,-0.7540807486353283
1,1,472419.0519488454,-0.16239999,1.4518833,-0.7543065245476123
1,1,472424.05214511976,-0.16239999,1.4516351,-0.7545323036712803
1,1,472429.0523413941,-0.16239999,1.4510815,-0.754758083179631
1,1,472434.0525376685,-0.16239999,1.4508905,-0.7549838614654382
1,1,472439.05273394287,-0.16239999,1.4504515,-0.7552096413262253
1,1,472444.05293021724,-0.16239999,1.4500887,-0.7554354240718829
1,1,472449.0531264916,-0.16239999,1.4496115,-0.7556612044991774
1,1,472454.053322766,-0.16239999,1.4494207,-0.7558869819360398
1,1,472459.05351904035,-0.16239999,1.4489815,-0.7561127597246573
1,1,472464.0537153147,-0.16239999,1.4486761,-0.756338533442487
1,1,472469.0539115891,-0.16239999,1.4483134,-0.7565643063750546
1,1,472474.05410786346,-0.16239999,1.4478743,-0.7567900783274726
1,1,472479.0543041378,-0.16239999,1.4474734,-0.7570158513371834
1,1,472484.0545004122,-0.16239999,1.4470725,-0.7572416266444422
1,1,472489.05469668703,-0.16239999,1.4467862,-0.7574674000069421
1,1,472494.05489296187,-0.16239999,1.4464043,-0.7576931729304026
1,1,472499.0550892367,-0.16239999,1.4460034,-0.7579189461768142
1,1,472504.0552855111,-0.16239999,1.4459081,-0.7581447199494686
1,1,472509.0554817859,-0.16239999,1.4454117,-0.7583704924040483
1,1,472514.05567806074,-0.16239999,1.4450299,-0.7585962637726785
1,1,472519.0558743356,-0.16239999,1.4448007,-0.7588220355704216
1,1,472524.0560706104,-0.16239999,1.4443617,-0.7590478058840372
1,1,472529.05626688525,-0.16239999,1.4440181,-0.7592735770280473
1,1,472534.0564631601,-0.16239999,1.4434836,-0.7594993462875332
1,1,472539.0566594349,-0.16239999,1.443159,-0.7597251175936134
1,1,472544.05685570976,-0.16239999,1.4428917,-0.7599508917809373
1,1,472549.0570519846,-0.16239999,1.4424145,-0.760176665562448
1,1,472554.0572482594,-0.16239999,1.4421854,-0.7604024368316825
1,1,472559.05744453426,-0.16239999,1.4416509,-0.7606282081596384
1,1,472564.0576408091,-0.16239999,1.4410973,-0.7608539771482957
1,1,472569.05783708394,-0.16239999,1.4407728,-0.7610797465804431
1,1,472574.0580333588,-0.16239999,1.44041,-0.7613055156377434
1,1,472579.0582296336,-0.16239999,1.4400282,-0.761531283291698
1,1,472584.05842590844,-0.16239999,1.4394937,-0.7617570520415865
1,1,472589.05862218305,-0.16239999,1.4390355,-0.761982821116919
1,1,472594.05881845765,-0.16239999,1.4386919,-0.7622085922901387
1,1,472599.05901473225,-0.16239999,1.4383674,-0.7624343623577701
1,1,472604.05921100685,-0.16239999,1.4379474,-0.762660132695557
1,1,472609.05940728146,-0.16239999,1.4374701,-0.762885900827905
1,1,472614.05960355606,-0.16239999,1.4370692,-0.7631116712288588
1,1,472619.05979983066,-0.16239999,1.4366301,-0.7633374387183939
1,1,472624.05999610526,-0.16239999,1.4362483,-0.7635632108286855
1,1,472629.0601923801,-0.16239999,1.4358283,-0.7637889826644042
1,1,472634.0603886547,-0.16239999,1.4352366,-0.7640147557753287
1,1,472639.0605849294,-0.16239999,1.435122,-0.764240530294475
1,1,472644.06078120414,-0.16239999,1.434492,-0.764466303050564
1,1,472649.06097747886,-0.16239999,1.4340148,-0.7646920754520773
1,1,472654.0611737536,-0.16239999,1.4336902,-0.764917849613671
1,1,472659.0613700283,-0.16239999,1.4333848,-0.7651436226743595
1,1,472664.061566303,-0.16239999,1.4329648,-0.7653693935752663
1,1,472669.06176257774,-0.16239999,1.4325067,-0.7655951616426759
1,1,472674.06195885246,-0.16239999,1.4321821,-0.7658209305931284
1,1,472679.0621551272,-0.16239999,1.4319721,-0.7660467005141356
1,1,472684.0623514019,-0.16239999,1.4314376,-0.7662724707115263
1,1,472689.0625476766,-0.16239999,1.4310367,-0.7664982413707362
1,1,472694.06274395116,-0.16239999,1.4304258,-0.7667240098085945
1,1,472699.0629402259,-0.16239999,1.4302158,-0.7669497788934992
1,1,472704.0631365006,-0.16239999,1.429643,-0.7671755478892801
1,1,472709.0633327753,-0.16239999,1.4293567,-0.7674013180336566
1,1,472714.06352905,-0.16239999,1.4289558,-0.7676270889536924
1,1,472719.0637253247,-0.16239999,1.4286313,-0.767852861288547
1,1,472724.0639215994,-0.16239999,1.4282495,-0.7680786336443841
1,1,472729.06411787414,-0.16239999,1.4278867,-0.7683044060257759
1,1,472734.06431414885,-0.16239999,1.427486,-0.7685301786196673
1,1,472739.06451042346,-0.16239999,1.4270086,-0.7687559524743973
1,1,472744.06470669806,-0.16239999,1.4268559,-0.7689817253865014
1,1,472749.06490297266,-0.16239999,1.4263023,-0.7692074998221309
1,1,472754.06509924727,-0.16239999,1.4259586,-0.7694332744404866
1,1,472759.06529552187,-0.16239999,1.4256532,-0.7696590480772821
1,1,472764.0654917965,-0.16239999,1.4252142,-0.769884823020335
1,1,472769.0656880711,-0.16239999,1.424775,-0.7701105973028186
1,1,472774.0658843452,-0.16239999,1.4243169,-0.7703363680847405
1,1,472779.0660806198,-0.16239999,1.4238778,-0.770562138347938
1,1,472784.0662768944,-0.16239999,1.4234196,-0.7707879086016708
1,1,472789.06647316925,-0.16239999,1.422866,-0.7710136783065036
1,1,472794.0666694441,-0.16239999,1.4224079,-0.7712394489522909
1,1,472799.0668657189,-0.16239999,1.4219688,-0.771465222564608
1,1,472804.06706199376,-0.16239999,1.421587,-0.7716909962441931
1,1,472809.0672582686,-0.16239999,1.4210143,-0.7719167691243963
1,1,472814.06745454343,-0.16239999,1.4208043,-0.7721425433135788
1,1,472819.06765081827,-0.16239999,1.4202316,-0.7723683161293485
1,1,472824.0678470931,-0.16239999,1.4198116,-0.7725940902982779
1,1,472829.06804336794,-0.16239999,1.4195443,-0.7728198645804832
1,1,472834.0682396428,-0.16239999,1.4190861,-0.7730456391290734
1,1,472839.0684359176,-0.16239999,1.4186089,-0.7732714121422811
1,1,472844.06863219244,-0.16239999,1.4183416,-0.7734971848721076
1,1,472849.0688284673,-0.16239999,1.4178835,-0.7737229600674644
1,1,472854.0690247421,-0.16239999,1.4176544,-0.7739487395620075
1,1,472859.06922101695,-0.16239999,1.4171199,-0.77417451792076
1,1,472864.0694172918,-0.16239999,1.4169672,-0.774400298301591
1,1,472869.0696135666,-0.16239999,1.4165663,-0.7746260784690638
1,1,472874.06980984146,-0.16239999,1.4161463,-0.7748518601623734
1,1,472879.0700061163,-0.16239999,1.4155163,-0.775077640946294
1,1,472884.0702023911,-0.16239999,1.4151535,-0.7753034190265264
1,1,472889.07039866596,-0.16239999,1.4147909,-0.7755291955060083
1,1,472894.07059494033,-0.16239999,1.414409,-0.7757549734984489
1,1,472899.0707912147,-0.16239999,1.4139127,-0.7759807509049584
1,1,472904.0709874891,-0.16239999,1.4135882,-0.7762065303881542
1,1,472909.07118376344,-0.16239999,1.4130155,-0.7764323097050208
1,1,472914.0713800378,-0.16239999,1.4126146,-0.7766580883450054
1,1,472919.0715763122,-0.16239999,1.412061,-0.7768838663820659
1,1,472924.07177258655,-0.16239999,1.4116791,-0.7771096465802707
1,1,472929.0719688609,-0.16239999,1.4116218,-0.7773354254725188
1,1,472934.0721651353,-0.16239999,1.41103,-0.7775612040749831
1,1,472939.07236140966,-0.16239999,1.4104574,-0.777786983917436
1,1,472944.07255768403,-0.16239999,1.4101328,-0.7780127616957949
1,1,472949.0727539584,-0.16239999,1.4096937,-0.7782385393293998
1,1,472954.0729502328,-0.16239999,1.4094265,-0.7784643197342316
1,1,472959.07314650714,-0.16239999,1.4089683,-0.7786900983045913
1,1,472964.0733427815,-0.16239999,1.4086056,-0.7789158762736165
1,1,472969.0735390559,-0.16239999,1.4083383,-0.7791416552854281
1,1,472974.07373533025,-0.16239999,1.4076511,-0.7793674359606125
1,1,472979.0739316046,-0.16239999,1.4073647,-0.7795932151886673
1,1,472984.074127879,-0.16239999,1.4069829,-0.7798189941569352
1,1,472989.07432415336,-0.16239999,1.406582,-0.7800447705007958
1,1,472994.07452042773,-0.16239999,1.4060665,-0.7802705476387086
1,1,472999.0747167021,-0.16239999,1.4056847,-0.7804963254298395
1,1,473004.0749129765,-0.16239999,1.4051311,-0.7807221019832302
1,1,473009.07510925084,-0.16239999,1.404692,-0.7809478786643438
1,1,473014.0753055252,-0.16239999,1.4041957,-0.7811736573562176
1,1,473019.0755017996,-0.16239999,1.403642,-0.781399435662893
1,1,473024.07569807395,-0.16239999,1.4035467,-0.7816252105925465
1,1,473029.0758943483,-0.16239999,1.4030694,-0.7818509889947872
1,1,473034.0760906227,-0.16239999,1.4026494,-0.7820767642436749
1,1,473039.07628689706,-0.16239999,1.4022294,-0.7823025387344461
1,1,473044.07648317143,-0.16239999,1.4020194,-0.7825283134970319
1,1,473049.0766794458,-0.16239999,1.4015422,-0.7827540882286323
1,1,473054.0768757202,-0.16239999,1.4011031,-0.7829798638443535
1,1,473059.07707199454,-0.16239999,1.4008168,-0.7832056428964778
1,1,473064.0772682689,-0.16239999,1.4005495,-0.7834314224925399
1,1,473069.0774645433,-0.16239999,1.4000913,-0.7836571989967941
1,1,473074.07766081765,-0.16239999,1.3995758,-0.7838829778875793
1,1,473079.077857092,-0.16239999,1.3992323,-0.7841087563068786
1,1,473084.0780533664,-0.16239999,1.3986977,-0.7843345312775268
1,1,473089.07824964076,-0.16239999,1.3983731,-0.7845603057022669
1,1,473094.07844591513,-0.16239999,1.3980296,-0.7847860818265737
1,1,473099.0786421895,-0.16239999,1.3976287,-0.7850118580078493
1,1,473104.0788384639,-0.16239999,1.3973233,-0.7852376349529279
1,1,473109.07903473824,-0.16239999,1.396865,-0.7854634135557755
1,1,473114.0792310126,-0.16239999,1.3965596,-0.7856891918920654
1,1,473119.079427287,-0.16239999,1.3961587,-0.7859149681141264
1,1,473124.07962356135,-0.16239999,1.3956051,-0.7861407467827917
1,1,473129.0798198357,-0.16239999,1.3950706,-0.786366528838759
1,1,473134.0800161101,-0.16239999,1.394517,-0.786592309743298
1,1,473139.08021238446,-0.16239999,1.394116,-0.78681808894728
1,1,473144.08040865883,-0.16239999,1.3937342,-0.7870438662625655
1,1,473149.0806049332,-0.16239999,1.393238,-0.7872696420977534
1,1,473154.0808012076,-0.16239999,1.3927225,-0.7874954192820428
1,1,473159.08099748194,-0.16239999,1.3923025,-0.7877211993738078
1,1,473164.0811937563,-0.16239999,1.3920925,-0.7879469807047782
1,1,473169.0813900307,-0.16239999,1.3918443,-0.7881727627705811
1,1,473174.08158630505,-0.16239999,1.3911189,-0.7883985471197992
1,1,473179.0817825794,-0.16239999,1.3911761,-0.7886243285760561
1,1,473184.0819788538,-0.16239999,1.390718,-0.788850109371959
1,1,473189.08217512816,-0.16239999,1.3902025,-0.7890758873764141
1,1,473194.08237140253,-0.16239999,1.3900117,-0.7893016662573753
1,1,473199.0825676769,-0.16239999,1.3895344,-0.789527441588351
1,1,473204.0827639513,-0.16239999,1.3890572,-0.789753218678191
1,1,473209.08296022564,-0.16239999,1.388618,-0.789978996827088
1,1,473214.0831565,-0.16239999,1.3882744,-0.7902047765176542
1,1,473219.0833527744,-0.16239999,1.3879117,-0.7904305524738338
1,1,473224.08354904875,-0.16239999,1.3873962,-0.7906563296757794
1,1,473229.0837453231,-0.16239999,1.3870717,-0.7908821075968178
1,1,473234.0839415975,-0.16239999,1.3865181,-0.7911078834281495
1,1,473239.08413787186,-0.16239999,1.3860408,-0.7913336588160278
1,1,473244.08433414623,-0.16239999,1.3856399,-0.7915594361768686
1,1,473249.0845304206,-0.16239999,1.3851436,-0.7917852136516561
1,1,473254.084726695,-0.16239999,1.3848764,-0.7920109888435021
1,1,473259.08492296934,-0.16239999,1.3843609,-0.7922367668978818
1,1,473264.0851192437,-0.16239999,1.3839409,-0.7924625488843617
1,1,473269.0853155181,-0.16239999,1.3834445,-0.7926883322600231
1,1,473274.08551179245,-0.16239999,1.3831964,-0.7929141138212454
1,1,473279.0857080668,-0.16239999,1.3828909,-0.793139892961914
1,1,473284.0859043412,-0.16239999,1.3822418,-0.7933656733180927
1,1,473289.086100616,-0.16239999,1.3817837,-0.7935914490980627
1,1,473294.08629689086,-0.16239999,1.3814592,-0.7938172232527878
1,1,473299.0864931657,-0.16239999,1.3811156,-0.7940429971364799
1,1,473304.08668944053,-0.16239999,1.3806956,-0.7942687730297682
1,1,473309.08688571537,-0.16239999,1.3804474,-0.7944945494911302
1,1,473314.0870819902,-0.16239999,1.3797983,-0.7947203255958462
1,1,473319.08727826504,-0.16239999,1.379512,-0.7949461024181317
1,1,473324.0874745399,-0.16239999,1.3788247,-0.7951718784690901
1,1,473329.0876708147,-0.16239999,1.3786911,-0.795397652478668
1,1,473334.08786708955,-0.16239999,1.3782902,-0.7956234284004582
1,1,473339.0880633644,-0.16239999,1.3775648,-0.7958492072825519
1,1,473344.0882596392,-0.16239999,1.3772975,-0.7960749855279398
1,1,473349.08845591405,-0.16239999,1.3768966,-0.7963007638883711
1,1,473354.0886521889,-0.16239999,1.3764193,-0.7965265407927794
1,1,473359.0888484637,-0.16239999,1.3760375,-0.7967523202094638
1,1,473364.08904473856,-0.16239999,1.3754076,-0.7969781006213571
1,1,473369.0892410134,-0.16239999,1.3749876,-0.7972038804934393
1,1,473374.08943728823,-0.16239999,1.3746439,-0.7974296598418764
1,1,473379.08963356307,-0.16239999,1.374243,-0.797655439334604
1,1,473384.0898298379,-0.16239999,1.3737849,-0.7978812189883875
1,1,473389.0900261125,-0.16239999,1.3733459,-0.798106997214071
1,1,473394.0902223871,-0.16239999,1.3728685,-0.7983327720156912
1,1,473399.0904186617,-0.16239999,1.3722004,-0.7985585494601813
1,1,473404.0906149363,-0.16239999,1.3717804,-0.7987843290406975
1,1,473409.0908112109,-0.16239999,1.371284,-0.7990101132928568
1,1,473414.0910074855,-0.16239999,1.3707687,-0.7992358926996551
1,1,473419.0912037601,-0.16239999,1.3701768,-0.7994616740960864
1,1,473424.0914000347,-0.16239999,1.3696041,-0.7996874530991369
1,1,473429.0915963093,-0.16239999,1.3693178,-0.7999132315682069
1,1,473434.09179258393,-0.16239999,1.3689169,-0.8001390094966255
1,1,473439.09198885865,-0.16239999,1.3683059,-0.8003647899538945
1,1,473444.09218513337,-0.16239999,1.3679242,-0.8005905746126849
1,1,473449.0923814081,-0.16239999,1.3674088,-0.8008163578041348
1,1,473454.0925776828,-0.16239999,1.3669505,-0.801042139379587
1,1,473459.0927739575,-0.16239999,1.3664542,-0.8012679224341168
1,1,473464.09297023225,-0.16239999,1.3660533,-0.8014937067712509
1,1,473469.09316650697,-0.16239999,1.3654233,-0.8017194900364847
1,1,473474.0933627817,-0.16239999,1.3649652,-0.8019452736956928
1,1,473479.0935590564,-0.16239999,1.3645452,-0.8021710572380436
1,1,473484.0937553311,-0.16239999,1.3642588,-0.8023968396682603
1,1,473489.0939516058,-0.16239999,1.3638197,-0.8026226230773053
1,1,473494.0941478805,-0.16239999,1.3633807,-0.8028484051262318
1,1,473499.0943441552,-0.16239999,1.3627506,-0.8030741862656288
1,1,473504.09454042994,-0.16239999,1.3625407,-0.8032999654455214
1,1,473509.09473670414,-0.16239999,1.3619298,-0.8035257436552896
1,1,473514.09493297886,-0.16239999,1.3614143,-0.8037515234236555
1,1,473519.0951292536,-0.16239999,1.360918,-0.8039773053471582
1,1,473524.0953255283,-0.16239999,1.3605744,-0.8042030858749518
1,1,473529.095521803,-0.16239999,1.3601544,-0.8044288656333439
1,1,473534.0957180776,-0.16239999,1.3597344,-0.8046546450302794
1,1,473539.0959143522,-0.16239999,1.3593335,-0.8048804240449579
1,1,473544.0961106268,-0.16239999,1.3587799,-0.805106201853451
1,1,473549.0963069014,-0.16239999,1.3581308,-0.8053319834116518
1,1,473554.096503176,-0.16239999,1.3578826,-0.805557762453914
1,1,473559.09669945086,-0.16239999,1.3573099,-0.8057835427161963
1,1,473564.09689572547,-0.16239999,1.3567563,-0.8060093242590332
1,1,473569.09709200007,-0.16239999,1.3564509,-0.8062351050318856
1,1,473574.0972882747,-0.16239999,1.3560691,-0.8064608864891822
1,1,473579.0974845493,-0.16239999,1.3554964,-0.8066866699193629
1,1,473584.0976808239,-0.16239999,1.355,-0.806912453947869
1,1,473589.0978770987,-0.16239999,1.3544846,-0.8071382380447077
1,1,473594.09807337355,-0.16239999,1.35395,-0.8073640206798774
1,1,473599.0982696484,-0.16239999,1.3533964,-0.8075898010947046
1,1,473604.0984659232,-0.16239999,1.3529574,-0.8078155805512612
1,1,473609.09866219806,-0.16239999,1.3525183,-0.8080413591147962
1,1,473614.0988584729,-0.16239999,1.3519647,-0.8082671387111912
1,1,473619.0990547477,-0.16239999,1.3514111,-0.8084929163738153
1,1,473624.09925102256,-0.16239999,1.3508002,-0.8087186940234099
1,1,473629.0994472974,-0.16239999,1.350342,-0.8089444706900619
1,1,473634.09964357223,-0.16239999,1.3499602,-0.8091702469891048
1,1,473639.09983984707,-0.16239999,1.3493111,-0.8093960250810056
1,1,473644.1000361219,-0.16239999,1.3488911,-0.8096218044496015
1,1,473649.10023239674,-0.16239999,1.3487384,-0.8098475828634205
1,1,473654.1004286716,-0.16239999,1.3480703,-0.8100733586663755
1,1,473659.1006249464,-0.16239999,1.3477075,-0.8102991376351071
1,1,473664.10082122125,-0.16239999,1.3471539,-0.8105249130849187
1,1,473669.1010174961,-0.16239999,1.3468103,-0.8107506892243354
1,1,473674.1012137709,-0.16239999,1.3462375,-0.8109764652936958
1,1,473679.10141004575,-0.16239999,1.345703,-0.8112022441799593
1,1,473684.1016063206,-0.16239999,1.3451877,-0.8114280253895557
1,1,473689.10180259496,-0.16239999,1.3447676,-0.8116538063510675
1,1,473694.10199886933,-0.16239999,1.3442713,-0.8118795887257981
1,1,473699.1021951437,-0.16239999,1.3436986,-0.8121053671071043
1,1,473704.10239141807,-0.16239999,1.3431449,-0.8123311451462998
1,1,473709.10258769244,-0.16239999,1.3428013,-0.8125569229501769
1,1,473714.1027839668,-0.16239999,1.3422859,-0.8127827030468452
1,1,473719.1029802412,-0.16239999,1.341885,-0.8130084833820348
1,1,473724.10317651555,-0.16239999,1.3416368,-0.8132342638913677
1,1,473729.1033727899,-0.16239999,1.3408923,-0.8134600447491294
1,1,473734.1035690643,-0.16239999,1.3405677,-0.8136858242771893
1,1,473739.10376533866,-0.16239999,1.3400524,-0.8139116022428102
1,1,473744.10396161303,-0.16239999,1.3394223,-0.8141373803113329
1,1,473749.1041578874,-0.16239999,1.3389833,-0.8143631602778835
1,1,473754.10435416177,-0.16239999,1.3384297,-0.8145889414033214
1,1,473759.10455043614,-0.16239999,1.3379524,-0.8148147203383043
1,1,473764.1047467105,-0.16239999,1.3373988,-0.815040497331814
1,1,473769.1049429849,-0.16239999,1.3370743,-0.8152662749856167
1,1,473774.10513925925,-0.16239999,1.3367687,-0.8154920547721273
1,1,473779.1053355336,-0.16239999,1.3362342,-0.8157178406859639
1,1,473784.105531808,-0.16239999,1.3355279,-0.815943627847459
1,1,473789.10572808236,-0.16239999,1.3350888,-0.8161694157611681
1,1,473794.1059243567,-0.16239999,1.334898,-0.8163952032039052
1,1,473799.1061206311,-0.16239999,1.3343635,-0.816620988878603
1,1,473804.10631690547,-0.16239999,1.3335426,-0.8168467699044879
1,1,473809.10651317984,-0.16239999,1.3332944,-0.8170725512492419
1,1,473814.1067094542,-0.16239999,1.332798,-0.8172983310819751
1,1,473819.1069057286,-0.16239999,1.3322253,-0.8175241089046468
1,1,473824.10710200295,-0.16239999,1.3317099,-0.8177498884447667
1,1,473829.1072982773,-0.16239999,1.3310608,-0.8179756675935648
1,1,473834.1074945517,-0.16239999,1.3306217,-0.8182014437061891
1,1,473839.10769082606,-0.16239999,1.3301253,-0.8184272201541302
1,1,473844.1078871004,-0.16239999,1.3295145,-0.8186529953653344
1,1,473849.1080833748,-0.16239999,1.3289226,-0.8188787722256188
1,1,473854.10827964917,-0.16239999,1.3282927,-0.8191045524703003
1,1,473859.10847592354,-0.16239999,1.32793,-0.819330329367725
1,1,473864.1086721979,-0.16239999,1.32709,-0.819556107139861
1,1,473869.1088684723,-0.16239999,1.32667,-0.8197818859904562
1,1,473874.10906474665,-0.16239999,1.3262501,-0.8200076640728021
1,1,473879.109261021,-0.16239999,1.3256965,-0.8202334453063869
1,1,473884.1094572954,-0.16239999,1.32499,-0.820459223532716
1,1,473889.10965356976,-0.16239999,1.3246274,-0.8206850006596955
1,1,473894.1098498441,-0.16239999,1.3239783,-0.8209107801138249
1,1,473899.1100461185,-0.16239999,1.3234819,-0.8211365609540016
1,1,473904.11024239287,-0.16239999,1.3229474,-0.8213623395967711
1,1,473909.11043866724,-0.16239999,1.3223366,-0.8215881184589916
1,1,473914.1106349416,-0.16239999,1.3219738,-0.8218138992952004
1,1,473919.110831216,-0.16239999,1.3215729,-0.822039680288475
1,1,473924.11102749035,-0.16239999,1.3209811,-0.8222654580809734
1,1,473929.1112237647,-0.16239999,1.3204275,-0.8224912348561993
1,1,473934.1114200391,-0.16239999,1.319893,-0.8227170124891544
1,1,473939.11161631346,-0.16239999,1.3194157,-0.8229427899986318
1,1,473944.1118125878,-0.16239999,1.3189957,-0.8231685671615985
1,1,473949.1120088622,-0.16239999,1.3184803,-0.8233943439488961
1,1,473954.11220513657,-0.16239999,1.3179266,-0.8236201248591206
1,1,473959.11240141094,-0.16239999,1.3175257,-0.8238459066563616
1,1,473964.1125976853,-0.16239999,1.3171058,-0.8240716895989663
1,1,473969.1127939597,-0.16239999,1.3167813,-0.824297469781327
1,1,473974.11299023405,-0.16239999,1.3162658,-0.8245232504388121
1,1,473979.1131865084,-0.16239999,1.3156741,-0.8247490318525452
1,1,473984.1133827828,-0.16239999,1.3153113,-0.8249748141346022
1,1,473989.11357905716,-0.16239999,1.3148723,-0.8252005940642624
1,1,473994.1137753315,-0.16239999,1.3143377,-0.8254263725410056
1,1,473999.1139716059,-0.16239999,1.3138604,-0.8256521504808219
1,1,474004.11416788027,-0.16239999,1.3133068,-0.8258779269973621
1,1,474009.11436415464,-0.16239999,1.3128296,-0.8261037027734718
1,1,474014.114560429,-0.16239999,1.3123332,-0.8263294787137013
1,1,474019.1147567034,-0.16239999,1.3118178,-0.8265552549953876
1,1,474024.11495297775,-0.16239999,1.3113023,-0.8267810304384499
1,1,474029.1151492521,-0.16239999,1.3107105,-0.8270068077802974
1,1,474034.1153455265,-0.16239999,1.310157,-0.8272325838807185
1,1,474039.11554180086,-0.16239999,1.3096987,-0.8274583578706037
1,1,474044.1157380752,-0.16239999,1.3093742,-0.8276841324485327
1,1,474049.1159343496,-0.16239999,1.3088015,-0.8279099076718714
1,1,474054.11613062397,-0.16239999,1.3083433,-0.8281356823230387
1,1,474059.11632689834,-0.16239999,1.3075415,-0.8283614583644181
1,1,474064.1165231727,-0.16239999,1.3070452,-0.8285872351117027
1,1,474069.1167194471,-0.16239999,1.306587,-0.8288130117497221
1,1,474074.11691572145,-0.16239999,1.3060524,-0.8290387883501823
1,1,474079.1171119958,-0.16239999,1.3058044,-0.829264565611235
1,1,474084.11730827065,-0.16239999,1.3052125,-0.8294903438775523
1,1,474089.1175045455,-0.16239999,1.304468,-0.8297161236403138
1,1,474094.1177008203,-0.16239999,1.304029,-0.8299419019419418
1,1,474099.11789709516,-0.16239999,1.3034562,-0.830167681831325
1,1,474104.11809337,-0.16239999,1.3029217,-0.8303934655492926
1,1,474109.11828964483,-0.16239999,1.3022153,-0.8306192441878922
1,1,474114.11848591967,-0.16239999,1.3018335,-0.83084502062376
1,1,474119.1186821945,-0.16239999,1.3012036,-0.8310708013346898
1,1,474124.11887846934,-0.16239999,1.3008599,-0.8312965831735614
1,1,474129.1190747442,-0.16239999,1.3002682,-0.8315223617130376
1,1,474134.119271019,-0.16239999,1.2998482,-0.8317481394576877
1,1,474139.11946729384,-0.16239999,1.2992563,-0.8319739209283018
1,1,474144.1196635687,-0.16239999,1.2987982,-0.8321997028665219
1,1,474149.1198598435,-0.16239999,1.2981873,-0.8324254844709634
1,1,474154.12005611835,-0.16239999,1.2976336,-0.8326512658358307
1,1,474159.1202523932,-0.16239999,1.2971946,-0.8328770462149397
1,1,474164.120448668,-0.16239999,1.2965646,-0.8331028266264804
1,1,474169.12064494286,-0.16239999,1.2960683,-0.8333286101569508
1,1,474174.1208412177,-0.16239999,1.2957056,-0.8335543913145785
1,1,474179.1210374925,-0.16239999,1.2950565,-0.8337801726238703
1,1,474184.12123376713,-0.16239999,1.2946365,-0.834005955113214
1,1,474189.12143004173,-0.16239999,1.2939683,-0.8342317384842601
1,1,474194.12162631634,-0.16239999,1.2934529,-0.8344575231308962
1,1,474199.12182259094,-0.16239999,1.2928802,-0.8346833070748465
1,1,474204.12201886554,-0.16239999,1.2925174,-0.8349090901771188
1,1,474209.12221514015,-0.16239999,1.2918494,-0.8351348729506408
1,1,474214.12241141475,-0.16239999,1.2912194,-0.8353606553419282
1,1,474219.12260768935,-0.16239999,1.2906657,-0.8355864375659078
1,1,474224.12280396395,-0.16239999,1.2900357,-0.8358122172064905
1,1,474229.12300023856,-0.16239999,1.2898449,-0.8360379972806812
1,1,474234.1231965133,-0.16239999,1.2891958,-0.8362637754032586
1,1,474239.123392788,-0.16239999,1.288604,-0.8364895548103293
1,1,474244.1235890627,-0.16239999,1.2881649,-0.8367153331117132
1,1,474249.12378533697,-0.16239999,1.2876877,-0.836941112216956
1,1,474254.1239816117,-0.16239999,1.2870767,-0.8371668905978632
1,1,474259.1241778864,-0.16239999,1.2866758,-0.8373926687994946
1,1,474264.1243741611,-0.16239999,1.2859886,-0.8376184456982313
1,1,474269.12457043584,-0.16239999,1.2855495,-0.8378442211572907
1,1,474274.12476671056,-0.16239999,1.2849578,-0.8380699948970309
1,1,474279.1249629853,-0.16239999,1.2843468,-0.8382957697213175
1,1,474284.12515925994,-0.16239999,1.2839459,-0.8385215444707331
1,1,474289.1253555347,-0.16239999,1.2832968,-0.8387473180751626
1,1,474294.1255518094,-0.16239999,1.2828387,-0.8389730921294108
1,1,474299.1257480841,-0.16239999,1.282247,-0.8391988652478323
1,1,474304.1259443588,-0.16239999,1.281636,-0.8394246397925945
1,1,474309.1261406335,-0.16239999,1.2809678,-0.8396504130003716
1,1,474314.1263369082,-0.16239999,1.2805288,-0.8398761845233034
1,1,474319.1265331829,-0.16239999,1.2800133,-0.8401019553208682
1,1,474324.12672945764,-0.16239999,1.2794025,-0.8403277246238672
1,1,474329.12692573236,-0.16239999,1.2787725,-0.8405534965777695
1,1,474334.1271220071,-0.16239999,1.2780471,-0.8407792686676027
1,1,474339.1273182817,-0.16239999,1.2774935,-0.8410050400101087
1,1,474344.1275145563,-0.16239999,1.2769397,-0.8412308126588869
1,1,474349.1277108309,-0.16239999,1.2764626,-0.8414565852991482
1,1,474354.1279071055,-0.16239999,1.2757753,-0.8416823559941284
1,1,474359.1281033801,-0.16239999,1.275489,-0.8419081267575902
1,1,474364.1282996547,-0.16239999,1.2749354,-0.8421338997736382
1,1,474369.1284959293,-0.16239999,1.2742672,-0.8423596741590813
1,1,474374.12869220413,-0.16239999,1.2738663,-0.8425854492171206
1,1,474379.12888847874,-0.16239999,1.2730836,-0.842811220495555
1,1,474384.12908475334,-0.16239999,1.2727017,-0.8430369932105193
1,1,474389.1292810282,-0.16239999,1.2720526,-0.8432627669991204
1,1,474394.129477303,-0.16239999,1.271499,-0.843488540659156
1,1,474399.12967357785,-0.16239999,1.2710028,-0.8437143180642201
1,1,474404.1298698527,-0.16239999,1.2704109,-0.8439400909933248
1,1,474409.1300661275,-0.16239999,1.2700291,-0.8441658639488848
1,1,474414.13026240235,-0.16239999,1.2693228,-0.8443916388586874
1,1,474419.1304586772,-0.16239999,1.2688264,-0.8446174099867408
1,1,474424.130654952,-0.16239999,1.2682537,-0.844843182794791
1,1,474429.13085122686,-0.16239999,1.267681,-0.8450689562387126
1,1,474434.1310475017,-0.16239999,1.267242,-0.8452947325056344
1,1,474439.13124377653,-0.16239999,1.2665547,-0.8455205069310515
1,1,474444.13144005137,-0.16239999,1.266211,-0.8457462829162635
1,1,474449.1316363262,-0.16239999,1.2654666,-0.8459720581165386
1,1,474454.13183260104,-0.16239999,1.264932,-0.8461978346861866
1,1,474459.1320288759,-0.16239999,1.2643402,-0.8464236115934195
1,1,474464.1322251507,-0.16239999,1.2638056,-0.8466493882076948
1,1,474469.13242142554,-0.16239999,1.2633666,-0.8468751656843366
1,1,474474.1326177004,-0.16239999,1.262832,-0.8471009429284003
1,1,474479.1328139752,-0.16239999,1.2621448,-0.8473267191814093
1,1,474484.1330102496,-0.16239999,1.2614576,-0.8475524956509943
1,1,474489.13320652395,-0.16239999,1.2608658,-0.8477782706938618
1,1,474494.1334027983,-0.16239999,1.2604649,-0.8480040446275473
1,1,474499.1335990727,-0.16239999,1.2600831,-0.8482298213141114
1,1,474504.13379534706,-0.16239999,1.2595104,-0.8484555989176896
1,1,474509.13399162143,-0.16239999,1.2588804,-0.8486813752290085
1,1,474514.1341878958,-0.16239999,1.2581741,-0.8489071526539674
1,1,474519.1343841702,-0.16239999,1.2577732,-0.8491329256696735
1,1,474524.13458044454,-0.16239999,1.2573149,-0.8493586976246403
1,1,474529.1347767189,-0.16239999,1.2567422,-0.8495844686868348
1,1,474534.1349729933,-0.16239999,1.2562077,-0.8498102409712986
1,1,474539.13516926765,-0.16239999,1.2556541,-0.8500360104876002
1,1,474544.135365542,-0.16239999,1.255196,-0.8502617806609446
1,1,474549.1355618164,-0.16239999,1.2546233,-0.8504875509995535
1,1,474554.13575809076,-0.16239999,1.2540314,-0.8507133195339283
1,1,474559.13595436513,-0.16239999,1.2536114,-0.8509390857489704
1,1,474564.1361506395,-0.16239999,1.2531533,-0.8511648550073172
1,1,474569.1363469139,-0.16239999,1.2524661,-0.8513906244829818
1,1,474574.13654318824,-0.16239999,1.2518933,-0.8516163924837327
1,1,474579.1367394626,-0.16239999,1.2514733,-0.8518421619002313
1,1,474584.136935737,-0.16239999,1.2507861,-0.8520679325799486
1,1,474589.13713201135,-0.16239999,1.2504042,-0.8522937054197292
1,1,474594.1373282857,-0.16239999,1.2497934,-0.8525194811472272
1,1,474599.1375245601,-0.16239999,1.249278,-0.8527452594633947
1,1,474604.13772083446,-0.16239999,1.2486862,-0.8529710356170047
1,1,474609.13791710883,-0.16239999,1.2481134,-0.8531968125193592
1,1,474614.1381133832,-0.16239999,1.2475026,-0.8534225875817439
1,1,474619.1383096576,-0.16239999,1.2469108,-0.8536483625311895
1,1,474624.13850593194,-0.16239999,1.2462999,-0.8538741354383108
1,1,474629.1387022063,-0.16239999,1.2456317,-0.8540999074774958
1,1,474634.1388984807,-0.16239999,1.2453072,-0.8543256807359625
1,1,474639.13909475505,-0.16239999,1.2446963,-0.8545514546147421
1,1,474644.1392910294,-0.16239999,1.2442381,-0.8547772284159704
1,1,474649.1394873038,-0.16239999,1.2436272,-0.8550030034400177
1,1,474654.13968357816,-0.16239999,1.2431118,-0.8552287785554307
1,1,474659.13987985253,-0.16239999,1.2426727,-0.855454553412489
1,1,474664.1400761269,-0.16239999,1.2421,-0.8556803275534041
1,1,474669.1402724013,-0.16239999,1.2414128,-0.855906100687653
1,1,474674.14046867564,-0.16239999,1.2408782,-0.8561318737829462
1,1,474679.14066495,-0.16239999,1.2403818,-0.8563576471490183
1,1,474684.1408612244,-0.16239999,1.2398282,-0.8565834212486423
1,1,474689.14105749875,-0.16239999,1.2392555,-0.8568091941890537
1,1,474694.1412537731,-0.16239999,1.2387784,-0.8570349656147115
1,1,474699.1414500475,-0.16239999,1.2382246,-0.8572607383540615
1,1,474704.14164632186,-0.16239999,1.2375183,-0.8574865127104201
1,1,474709.14184259623,-0.16239999,1.2370983,-0.8577122867285273
1,1,474714.1420388706,-0.16239999,1.2365257,-0.8579380599672127
1,1,474719.142235145,-0.16239999,1.235953,-0.8581638355203721
1,1,474724.14243141934,-0.16239999,1.2352465,-0.858389612344156
1,1,474729.1426276937,-0.16239999,1.2347312,-0.8586153869153678
1,1,474734.1428239681,-0.16239999,1.234273,-0.8588411641336375
1,1,474739.14302024245,-0.16239999,1.2336239,-0.8590669373732501
1,1,474744.1432165168,-0.16239999,1.2331657,-0.8592927108040397
1,1,474749.1434127912,-0.16239999,1.2325166,-0.8595184840418997
1,1,474754.14360906556,-0.16239999,1.2319058,-0.8597442572815222
1,1,474759.14380533993,-0.16239999,1.2312758,-0.8599700322404721
1,1,474764.1440016143,-0.16239999,1.2307222,-0.86019580707309
1,1,474769.1441978887,-0.16239999,1.2302258,-0.8604215812597028
1,1,474774.14439416304,-0.16239999,1.2295959,-0.8606473543377172
1,1,474779.1445904374,-0.16239999,1.2290614,-0.8608731271546485
1,1,474784.1447867118,-0.16239999,1.2283932,-0.8610988977086529
1,1,474789.14498298615,-0.16239999,1.2277632,-0.861324669354001
1,1,474794.1451792605,-0.16239999,1.2271523,-0.8615504402647127
1,1,474799.1453755349,-0.16239999,1.2265987,-0.8617762092011365
1,1,474804.14557180926,-0.16239999,1.2261786,-0.8620019799894054
1,1,474809.14576808363,-0.16239999,1.2256824,-0.8622277533851159
1,1,474814.145964358,-0.16239999,1.2250524,-0.8624535274878683
1,1,474819.1461606324,-0.16239999,1.2244606,-0.8626793033241382
1,1,474824.14635690674,-0.16239999,1.2239451,-0.8629050794645805
1,1,474829.1465531811,-0.16239999,1.2235061,-0.8631308515204159
1,1,474834.1467494555,-0.16239999,1.2229142,-0.8633566249398863
1,1,474839.14694572985,-0.16239999,1.222418,-0.8635823956631125
1,1,474844.1471420042,-0.16239999,1.2219216,-0.8638081690521414
1,1,474849.1473382786,-0.16239999,1.2213298,-0.8640339403744978
1,1,474854.14753455296,-0.16239999,1.2207762,-0.8642597137816019
1,1,474859.14773082733,-0.16239999,1.2204897,-0.8644854882119621
1,1,474864.1479271017,-0.16239999,1.2198025,-0.8647112618351744
1,1,474869.1481233761,-0.16239999,1.2193825,-0.8649370363062264
1,1,474874.14831965044,-0.16239999,1.218619,-0.8651628065914644
1,1,474879.1485159253,-0.16239999,1.2180462,-0.8653885753722157
1,1,474884.1487122001,-0.16239999,1.2175499,-0.8656143443325766
1,1,474889.14890847495,-0.16239999,1.2170535,-0.8658401100766426
1,1,474894.1491047498,-0.16239999,1.2164044,-0.8660658783421367
1,1,474899.1493010246,-0.16239999,1.2158127,-0.866291647533242
1,1,474904.14949729946,-0.16239999,1.2153163,-0.8665174171596036
1,1,474909.1496935743,-0.16239999,1.2147436,-0.8667431868132476
1,1,474914.1498898491,-0.16239999,1.2142282,-0.8669689595752622
1,1,474919.15008612396,-0.16239999,1.2135409,-0.8671947342212141
1,1,474924.1502823988,-0.16239999,1.2131974,-0.867420506075426
1,1,474929.15047867363,-0.16239999,1.2126245,-0.8676462769107842
1,1,474934.15067494847,-0.16239999,1.2122427,-0.8678720470215603
1,1,474939.1508712233,-0.16239999,1.2114792,-0.8680978152909179
1,1,474944.15106749814,-0.16239999,1.2110592,-0.8683235822160351
1,1,474949.151263773,-0.16239999,1.2106583,-0.8685493503760819
1,1,474954.1514600478,-0.16239999,1.2100283,-0.868775118899136
1,1,474959.15165632265,-0.16239999,1.209761,-0.8690008875563484
1,1,474964.1518525975,-0.16239999,1.2090929,-0.8692266549499945
1,1,474969.1520488723,-0.16239999,1.2085392,-0.8694524236609389
1,1,474974.15224514715,-0.16239999,1.2081002,-0.869678193250031
1,1,474979.15244142176,-0.16239999,1.2073748,-0.8699039612756073
1,1,474984.15263769636,-0.16239999,1.207012,-0.8701297299143258
1,1,474989.1528339705,-0.16239999,1.2065347,-0.8703554975694774
1,1,474994.1530302451,-0.16239999,1.2060766,-0.8705812644783771
1,1,474999.1532265197,-0.16239999,1.205332,-0.8708070309909806
1,1,475004.1534227943,-0.16239999,1.204893,-0.8710327977664678
1,1,475009.1536190689,-0.16239999,1.2043203,-0.8712585686800141
1,1,475014.1538153435,-0.16239999,1.2037476,-0.8714843390097171
1,1,475019.1540116181,-0.16239999,1.2033658,-0.8717101093162315
1,1,475024.1542078927,-0.16239999,1.2027358,-0.8719358796428491
1,1,475029.15440416744,-0.16239999,1.2022967,-0.8721616502113598
1,1,475034.15460044215,-0.16239999,1.2018768,-0.8723874195472241
1,1,475039.1547967169,-0.16239999,1.2011895,-0.872613191149757
1,1,475044.1549929916,-0.16239999,1.2005786,-0.8728389623935204
1,1,475048.81678952184,-0.16239999,1.1999487,-0.8730494532071491
1,1,475048.81698952196,-0.16239999,1.2001204,-0.8730494622386237
1,2,475048.817789522,0.16239999,1.2238582,1.7906198071108924e-08
1,2,475053.8179857973,0.16239999,1.3056134,0.00022540188830594222
1,2,475058.81818207214,0.16239999,1.3289609,0.0004507868971915709
1,2,475063.818378347,0.16239999,1.347383,0.0006761700386562281
1,2,475068.8185746218,0.16239999,1.3630562,0.0009015524441194203
1,2,475073.81877089664,0.16239999,1.3770303,0.0011269367867492966
1,2,475078.8189671715,0.16239999,1.3897444,0.0013523209111715355
1,2,475083.8191634463,0.16239999,1.4013321,0.0015777063931044603
1,2,475088.81935972115,0.16239999,1.4122328,0.0018030917204452884
1,2,475093.819555996,0.16239999,1.4226942,0.0020284791330082547
1,2,475098.8197522708,0.16239999,1.4326403,0.002253866364368962
1,2,475103.81994854566,0.16239999,1.4420708,0.0024792511814989977
1,2,475108.8201448205,0.16239999,1.4511197,0.0027046336057401366
1,2,475113.8203410953,0.16239999,1.4598631,0.002930018501541681
1,2,475118.8205373697,0.16239999,1.46832,0.003155403533537355
1,2,475123.82073364407,0.16239999,1.476567,0.003380788601847987
1,2,475128.82092991844,0.16239999,1.4845277,0.0036061734909059277
1,2,475133.8211261928,0.16239999,1.4923165,0.0038315580105226905
1,2,475138.8213224672,0.16239999,1.4998572,0.004056943188254204
1,2,475143.82151874155,0.16239999,1.5072452,0.004282329528626469
1,2,475148.8217150159,0.16239999,1.5145949,0.00450771360798594
1,2,475153.8219112903,0.16239999,1.521582,0.0047330979545108145
1,2,475158.82210756466,0.16239999,1.5287026,0.004958484838335051
1,2,475163.822303839,0.16239999,1.5355179,0.00518387020335512
1,2,475168.8225001134,0.16239999,1.5420659,0.005409255911841161
1,2,475173.82269638777,0.16239999,1.5487283,0.00563464267375403
1,2,475178.82289266214,0.16239999,1.5552572,0.0058600285276803705
1,2,475183.8230889365,0.16239999,1.5616525,0.006085414233224259
1,2,475188.8232852109,0.16239999,1.5678377,0.006310800950856672
1,2,475193.82348148525,0.16239999,1.5741185,0.006536187847104337
1,2,475198.8236777596,0.16239999,1.5803037,0.006761576041248109
1,2,475203.823874034,0.16239999,1.586279,0.0069869648665305635
1,2,475208.82407030836,0.16239999,1.5922734,0.007212353234347369
1,2,475213.8242665827,0.16239999,1.5982486,0.007437739765133294
1,2,475218.8244628571,0.16239999,1.6040521,0.007663125450618564
1,2,475223.82465913147,0.16239999,1.6097982,0.007888512960507637
1,2,475228.82485540584,0.16239999,1.6154871,0.008113901375076836
1,2,475233.8250516802,0.16239999,1.620947,0.00833929097176757
1,2,475238.8252479546,0.16239999,1.6266168,0.008564681951676804
1,2,475243.82544422895,0.16239999,1.6322675,0.008790076002015835
1,2,475248.8256405033,0.16239999,1.6375555,0.009015469815333682
1,2,475253.8258367777,0.16239999,1.642958,0.009240862900182603
1,2,475258.82603305206,0.16239999,1.6484752,0.009466253792266049
1,2,475263.8262293264,0.16239999,1.6536868,0.009691647349071169
1,2,475268.8264256008,0.16239999,1.659013,0.00991703915116108
1,2,475273.82662187517,0.16239999,1.6640528,0.01014243064482841
1,2,475278.82681814954,0.16239999,1.6693408,0.010367820118070475
1,2,475283.8270144239,0.16239999,1.6743807,0.010593210176855324
1,2,475288.8272106983,0.16239999,1.6794587,0.010818596089760461
1,2,475293.82740697265,0.16239999,1.6844985,0.01104398086805807
1,2,475298.827603247,0.16239999,1.6895957,0.01126936893061631
1,2,475303.8277995214,0.16239999,1.6945591,0.011494755874535273
1,2,475308.82799579576,0.16239999,1.6994463,0.011720140061460433
1,2,475313.8281920701,0.16239999,1.7043334,0.011945523918386132
1,2,475318.8283883445,0.16239999,1.7092777,0.012170903818628023
1,2,475323.82858461887,0.16239999,1.7139549,0.01239628376071817
1,2,475328.82878089324,0.16239999,1.718842,0.012621663783972458
1,2,475333.8289771676,0.16239999,1.7236718,0.012847042331243551
1,2,475338.829173442,0.16239999,1.7281581,0.013072421344142817
1,2,475343.82936971635,0.16239999,1.7326825,0.013297802551320854
1,2,475348.8295659907,0.16239999,1.7375124,0.013523186925171975
1,2,475353.8297622651,0.16239999,1.7420367,0.013748570681800442
1,2,475358.82995853946,0.16239999,1.7466184,0.01397395368057158
1,2,475363.8301548138,0.16239999,1.7513528,0.014199336102990638
1,2,475368.8303510882,0.16239999,1.7556863,0.014424720098984736
1,2,475373.83054736257,0.16239999,1.7600198,0.014650104904775816
1,2,475378.83074363694,0.16239999,1.7645441,0.014875490496417712
1,2,475383.8309399113,0.16239999,1.768935,0.015100877509223088
1,2,475388.8311361857,0.16239999,1.7734212,0.015326263233559824
1,2,475393.83133246005,0.16239999,1.7775829,0.015551649082899919
1,2,475398.8315287344,0.16239999,1.7821072,0.01577703389572352
1,2,475403.8317250088,0.16239999,1.786288,0.01600241725198676
1,2,475408.83192128316,0.16239999,1.7904307,0.016227800508727627
1,2,475413.8321175575,0.16239999,1.7948214,0.016453183782902024
1,2,475418.8323138319,0.16239999,1.798945,0.016678566508264173
1,2,475423.83251010627,0.16239999,1.8032211,0.016903947742899255
1,2,475428.83270638064,0.16239999,1.8072492,0.017129324425904282
1,2,475433.832902655,0.16239999,1.8114681,0.017354706304733118
1,2,475438.8330989294,0.16239999,1.8153052,0.017580088494705652
1,2,475443.83329520375,0.16239999,1.8194479,0.017805470719682668
1,2,475448.8334914781,0.16239999,1.8235332,0.018030855448452128
1,2,475453.8336877525,0.16239999,1.8276567,0.018256239104053204
1,2,475458.83388402686,0.16239999,1.8314366,0.018481624567948274
1,2,475463.8340803012,0.16239999,1.8354074,0.018707010906289012
1,2,475468.8342765756,0.16239999,1.8392445,0.018932396941007002
1,2,475473.83447284997,0.16239999,1.8432535,0.019157781728135207
1,2,475478.83466912434,0.16239999,1.846957,0.01938316824748863
1,2,475483.8348653987,0.16239999,1.8508323,0.01960855513665079
1,2,475488.8350616731,0.16239999,1.8547268,0.01983394140440473
1,2,475493.83525794744,0.16239999,1.8583539,0.020059328932558487
1,2,475498.8354542218,0.16239999,1.862172,0.020284716459031724
1,2,475503.8356504962,0.16239999,1.8659136,0.020510103441656453
1,2,475508.83584677055,0.16239999,1.8695408,0.020735492577778784
1,2,475513.8360430454,0.16239999,1.8731489,0.020960883337893407
1,2,475518.8362393202,0.16239999,1.8768142,0.02118627264343946
1,2,475523.83643559506,0.16239999,1.8805559,0.021411660598373235
1,2,475528.8366318699,0.16239999,1.8839539,0.021637050507838516
1,2,475533.83682814473,0.16239999,1.887543,0.02186243682806772
1,2,475538.83702441957,0.16239999,1.8909601,0.022087821175407193
1,2,475543.8372206944,0.16239999,1.8945109,0.02231320796336315
1,2,475548.83741696924,0.16239999,1.8978326,0.022538593324027942
1,2,475553.8376132441,0.16239999,1.9011735,0.02276398000588101
1,2,475558.8378095189,0.16239999,1.9047242,0.022989367254989002
1,2,475563.83800579375,0.16239999,1.9079314,0.023214754479951315
1,2,475568.8382020686,0.16239999,1.911234,0.023440141391083583
1,2,475573.8383983434,0.16239999,1.914403,0.023665527036259557
1,2,475578.83859461825,0.16239999,1.917782,0.023890911863408967
1,2,475583.8387908931,0.16239999,1.9208555,0.024116297370115072
1,2,475588.8389871679,0.16239999,1.9240437,0.024341684983301477
1,2,475593.83918344276,0.16239999,1.9271554,0.02456707262215265
1,2,475598.8393797176,0.16239999,1.9303434,0.02479245892041092
1,2,475603.83957599243,0.16239999,1.9335315,0.025017846923222127
1,2,475608.83977226727,0.16239999,1.9366242,0.025243234981833215
1,2,475613.83996854187,0.16239999,1.9395449,0.025468623821665
1,2,475618.8401648165,0.16239999,1.9424467,0.025694010217255172
1,2,475623.8403610911,0.16239999,1.9457111,0.02591939631920058
1,2,475628.8405573657,0.16239999,1.9483837,0.02614478121770006
1,2,475633.8407536403,0.16239999,1.9512281,0.02637016759903065
1,2,475638.8409499149,0.16239999,1.9542826,0.02659555326962221
1,2,475643.8411461895,0.16239999,1.9572607,0.026820940102926544
1,2,475648.8413424641,0.16239999,1.959857,0.027046328257138517
1,2,475653.8415387387,0.16239999,1.9625297,0.027271715459057842
1,2,475658.84173501283,0.16239999,1.9653741,0.027497103814950408
1,2,475663.84193128755,0.16239999,1.9680659,0.02772249228648509
1,2,475668.84212756227,0.16239999,1.9707193,0.027947880528060916
1,2,475673.842323837,0.16239999,1.9733729,0.028173268887442836
1,2,475678.8425201117,0.16239999,1.9759692,0.02839865643750875
1,2,475683.8427163864,0.16239999,1.9785846,0.02862404326296762
1,2,475688.84291266114,0.16239999,1.981219,0.028849430217920066
1,2,475693.84310893586,0.16239999,1.983739,0.029074813454916068
1,2,475698.8433052106,0.16239999,1.9862971,0.02930019918931771
1,2,475703.8435014853,0.16239999,1.9887215,0.029525582947826208
1,2,475708.84369776,0.16239999,1.9910697,0.029750969071004114
1,2,475713.84389403474,0.16239999,1.9936278,0.029976356630643197
1,2,475718.84409030946,0.16239999,1.9959186,0.030201743791956028
1,2,475723.8442865841,0.16239999,1.9982285,0.030427131126301972
1,2,475728.84448285884,0.16239999,2.000825,0.03065251885202443
1,2,475733.84467913356,0.16239999,2.0030966,0.030877905662683964
1,2,475738.8448754082,0.16239999,2.00533,0.031103293463350157
1,2,475743.84507168294,0.16239999,2.0077164,0.031328679395048145
1,2,475748.84526795766,0.16239999,2.0098736,0.03155406317694567
1,2,475753.8454642324,0.16239999,2.0120118,0.03177944434072159
1,2,475758.8456605071,0.16239999,2.0143218,0.03200482884767899
1,2,475763.8458567818,0.16239999,2.0163834,0.03223021411375866
1,2,475768.8460530564,0.16239999,2.0184262,0.03245559843130492
1,2,475773.846249331,0.16239999,2.0206025,0.03268098398269464
1,2,475778.8464456056,0.16239999,2.022645,0.03290637253630326
1,2,475783.84664188046,0.16239999,2.0246496,0.0331317599746858
1,2,475788.84683815506,0.16239999,2.0266159,0.03335714683569222
1,2,475793.84703442967,0.16239999,2.0286202,0.03358253399523181
1,2,475798.84723070427,0.16239999,2.0305293,0.033807918764564716
1,2,475803.8474269789,0.16239999,2.0324957,0.03403330173716114
1,2,475808.8476232535,0.16239999,2.0345001,0.03425868826903816
1,2,475813.8478195281,0.16239999,2.0365238,0.03448407578695234
1,2,475818.8480158029,0.16239999,2.038299,0.03470946177625739
1,2,475823.84821207775,0.16239999,2.0400171,0.03493484869518545
1,2,475828.8484083526,0.16239999,2.041907,0.03516023408229897
1,2,475833.8486046274,0.16239999,2.043797,0.03538561883257909
1,2,475838.84880090225,0.16239999,2.0455916,0.035611003839758536
1,2,475843.8489971771,0.16239999,2.0473478,0.03583638911082099
1,2,475848.8491934519,0.16239999,2.0491996,0.03606177668850455
1,2,475853.84938972676,0.16239999,2.0508604,0.03628716104431781
1,2,475858.8495860016,0.16239999,2.0525978,0.03651254513292346
1,2,475863.84978227643,0.16239999,2.054373,0.036737927138592634
1,2,475868.84997855127,0.16239999,2.055824,0.03696331217524989
1,2,475873.8501748261,0.16239999,2.057523,0.03718869636533823
1,2,475878.85037110094,0.16239999,2.0593557,0.0374140811329335
1,2,475883.8505673758,0.16239999,2.0610166,0.03763946680880421
1,2,475888.8507636506,0.16239999,2.062582,0.037864850203238425
1,2,475893.85095992545,0.16239999,2.0641856,0.03809023309342066
1,2,475898.8511562003,0.16239999,2.0658846,0.038315617932432225
1,2,475903.8513524751,0.16239999,2.067259,0.038541004695605896
1,2,475908.85154874995,0.16239999,2.0687482,0.038766391046269895
1,2,475913.8517450243,0.16239999,2.0703135,0.03899177772982501
1,2,475918.8519412987,0.16239999,2.0718408,0.039217161687528916
1,2,475923.85213757306,0.16239999,2.0733297,0.039442546692248844
1,2,475928.85233384743,0.16239999,2.0747235,0.039667930850998394
1,2,475933.8525301218,0.16239999,2.0762124,0.039893314948874214
1,2,475938.8527263962,0.16239999,2.0776632,0.040118698341218964
1,2,475943.85292267054,0.16239999,2.0790186,0.040344081580709255
1,2,475948.8531189449,0.16239999,2.0805078,0.04056946525772661
1,2,475953.8533152193,0.16239999,2.0819013,0.040794850051106675
1,2,475958.85351149365,0.16239999,2.083333,0.04102023512474944
1,2,475963.853707768,0.16239999,2.084593,0.04124562269288633
1,2,475968.8539040424,0.16239999,2.0859675,0.0414710091140204
1,2,475973.85410031676,0.16239999,2.087132,0.04169639344849106
1,2,475978.85429659113,0.16239999,2.088583,0.0419217776701649
1,2,475983.8544928655,0.16239999,2.0898812,0.04214716412237121
1,2,475988.8546891399,0.16239999,2.0912366,0.042372551167343224
1,2,475993.85488541424,0.16239999,2.0923247,0.04259793785196791
1,2,475998.8550816886,0.16239999,2.093661,0.04282332393691357
1,2,476003.855277963,0.16239999,2.0949209,0.04304871105659173
1,2,476008.85547423735,0.16239999,2.0960472,0.04327409682667834
1,2,476013.8556705117,0.16239999,2.0972881,0.043499485537018205
1,2,476018.8558667861,0.16239999,2.0986626,0.04372487518258972
1,2,476023.85606306046,0.16239999,2.0997508,0.04395026351797332
1,2,476028.85625933483,0.16239999,2.1009152,0.044175652760900554
1,2,476033.8564556092,0.16239999,2.1022325,0.04440104112098945
1,2,476038.8566518836,0.16239999,2.1032252,0.04462642907416323
1,2,476043.85684815794,0.16239999,2.104466,0.04485181479212476
1,2,476048.8570444323,0.16239999,2.1053252,0.0450771998007372
1,2,476053.8572407067,0.16239999,2.106604,0.04530258708908822
1,2,476058.85743698105,0.16239999,2.1077306,0.04552797410395244
1,2,476063.8576332554,0.16239999,2.108876,0.04575336096133043
1,2,476068.8578295298,0.16239999,2.1100023,0.04597874797578073
1,2,476073.85802580416,0.16239999,2.1111476,0.046204134450228675
1,2,476078.85822207853,0.16239999,2.1120067,0.04642951757574164
1,2,476083.8584183529,0.16239999,2.1132095,0.04665490147501396
1,2,476088.8586146273,0.16239999,2.1140494,0.04688028440418839
1,2,476093.85881090164,0.16239999,2.1153476,0.047105669364672566
1,2,476098.859007176,0.16239999,2.1163783,0.04733105373091747
1,2,476103.8592034504,0.16239999,2.1172376,0.047556436532358325
1,2,476108.85939972475,0.16239999,2.118402,0.047781819060508574
1,2,476113.8595959991,0.16239999,2.1193373,0.048007199915206265
1,2,476118.8597922735,0.16239999,2.120311,0.048232580811875564
1,2,476123.85998854786,0.16239999,2.1213229,0.0484579607041296
1,2,476128.86018482223,0.16239999,2.12222,0.0486833400252925
1,2,476133.8603810966,0.16239999,2.1230981,0.04890872116327369
1,2,476138.860577371,0.16239999,2.124129,0.04913410217888074
1,2,476143.86077364534,0.16239999,2.1251981,0.049359479314024256
1,2,476148.8609699197,0.16239999,2.126019,0.04958485679664215
1,2,476153.8611661941,0.16239999,2.1270118,0.04981023481031342
1,2,476158.86136246845,0.16239999,2.1278517,0.050035614974905225
1,2,476163.8615587428,0.16239999,2.1288636,0.0502609921174513
1,2,476168.8617550172,0.16239999,2.1298752,0.050486369614580445
1,2,476173.86195129156,0.16239999,2.130677,0.050711748818140896
1,2,476178.86214756593,0.16239999,2.1313834,0.05093712955767662
1,2,476183.8623438403,0.16239999,2.1323187,0.051162510654316186
1,2,476188.8625401147,0.16239999,2.1332924,0.051387891420843705
1,2,476193.86273638904,0.16239999,2.1342278,0.05161327226510562
1,2,476198.8629326634,0.16239999,2.1350296,0.05183865414372005
1,2,476203.8631289378,0.16239999,2.1358123,0.05206403651305703
1,2,476208.86332521215,0.16239999,2.1367478,0.05228941870168929
1,2,476213.8635214865,0.16239999,2.137473,0.052514799700696446
1,2,476218.8637177609,0.16239999,2.138313,0.05274018051248045
1,2,476223.86391403526,0.16239999,2.1390767,0.052965560593221765
1,2,476228.86411030963,0.16239999,2.1398594,0.053190940438803715
1,2,476233.864306584,0.16239999,2.140814,0.053416319584119666
1,2,476238.86450285837,0.16239999,2.1415777,0.05364169818376917
1,2,476243.86469913274,0.16239999,2.142284,0.05386707557511331
1,2,476248.8648954071,0.16239999,2.1432576,0.05409245220352711
1,2,476253.8650916815,0.16239999,2.1439066,0.054317828507591474
1,2,476258.86528795585,0.16239999,2.1446893,0.05454320559144933
1,2,476263.8654842302,0.16239999,2.1453958,0.05476858420760353
1,2,476268.8656805046,0.16239999,2.1461592,0.05499396243600881
1,2,476273.86587677896,0.16239999,2.146961,0.05521934356266263
1,2,476278.86607305333,0.16239999,2.1477818,0.05544472522730714
1,2,476283.8662693277,0.16239999,2.148393,0.0556701056601811
1,2,476288.86646560207,0.16239999,2.1491566,0.055895486212917525
1,2,476293.86666187644,0.16239999,2.1498437,0.05612086881974259
1,2,476298.8668581508,0.16239999,2.1506646,0.056346251179469155
1,2,476303.8670544252,0.16239999,2.151371,0.05657163192901763
1,2,476308.8672507,0.16239999,2.152001,0.05679701352308362
1,2,476313.86744697485,0.16239999,2.1528218,0.057022393378487087
1,2,476318.8676432497,0.16239999,2.1536045,0.057247775461703565
1,2,476323.8678395245,0.16239999,2.1543682,0.057473154576118644
1,2,476328.86803579936,0.16239999,2.1549408,0.05769853271195129
1,2,476333.8682320742,0.16239999,2.1557999,0.057923910867907956
1,2,476338.86842834903,0.16239999,2.1564298,0.05814929036591121
1,2,476343.86862462386,0.16239999,2.1571171,0.05837467083863999
1,2,476348.8688208987,0.16239999,2.1576707,0.05860005185356821
1,2,476353.86901717354,0.16239999,2.1581862,0.05882542913872585
1,2,476358.8692134484,0.16239999,2.1589117,0.05905080538958064
1,2,476363.8694097232,0.16239999,2.1595607,0.0592761833993296
1,2,476368.86960599804,0.16239999,2.1603243,0.05950156188361348
1,2,476373.8698022729,0.16239999,2.1610496,0.05972694137642286
1,2,476378.8699985477,0.16239999,2.1616416,0.05995231988901315
1,2,476383.87019482255,0.16239999,2.1622524,0.06017770193630541
1,2,476388.8703910974,0.16239999,2.1629395,0.06040308349069623
1,2,476393.87058737176,0.16239999,2.1633787,0.060628464706990466
1,2,476398.8707836466,0.16239999,2.1640277,0.06085384677673132
1,2,476403.8709799214,0.16239999,2.164677,0.061079226789578805
1,2,476408.87117619603,0.16239999,2.1652496,0.06130460523841283
1,2,476413.87137247063,0.16239999,2.1660323,0.06152998363105126
1,2,476418.87156874523,0.16239999,2.166586,0.061755363396210815
1,2,476423.87176501984,0.16239999,2.167254,0.061980741447504206
1,2,476428.87196129444,0.16239999,2.1677694,0.06220610932730553
1,2,476433.87215756904,0.16239999,2.168323,0.06243147619014317
1,2,476438.87235384365,0.16239999,2.1690104,0.06265684458784926
1,2,476443.87255011825,0.16239999,2.1696403,0.06288221101896384
1,2,476448.87274639285,0.16239999,2.1701558,0.063107579435226
1,2,476453.87294266745,0.16239999,2.1707094,0.06333294636772989
1,2,476458.8731389422,0.16239999,2.1713202,0.06355831131702912
1,2,476463.8733352169,0.16239999,2.1719694,0.06378367740267268
1,2,476468.8735314916,0.16239999,2.1725993,0.06400904855211992
1,2,476473.87372776633,0.16239999,2.1730576,0.06423442876770598
1,2,476478.87392404105,0.16239999,2.1736112,0.06445980896346687
1,2,476483.87412031577,0.16239999,2.1740694,0.06468518943265827
1,2,476488.8743165905,0.16239999,2.1746993,0.06491057121356412
1,2,476493.8745128652,0.16239999,2.175291,0.06513595230060652
1,2,476498.8747091399,0.16239999,2.1758637,0.06536133512357459
1,2,476503.87490541465,0.16239999,2.176494,0.06558672004172042
1,2,476508.87510168937,0.16239999,2.1769328,0.06581210405455945
1,2,476513.8752979641,0.16239999,2.1775436,0.06603748715885399
1,2,476518.87549423875,0.16239999,2.1781547,0.06626286688723997
1,2,476523.8756905137,0.16239999,2.1785746,0.0664882481335203
1,2,476528.8758867884,0.16239999,2.1789756,0.06671363101055972
1,2,476533.8760830631,0.16239999,2.1797009,0.06693901231563258
1,2,476538.8762793378,0.16239999,2.1800828,0.06716439480352983
1,2,476543.8764756125,0.16239999,2.1806364,0.06738977583566558
1,2,476548.87667188724,0.16239999,2.1811519,0.06761515826160545
1,2,476553.87686816195,0.16239999,2.1815336,0.06784054059637588
1,2,476558.8770644367,0.16239999,2.182068,0.06806592155790744
1,2,476563.8772607113,0.16239999,2.1825454,0.0682913035677862
1,2,476568.8774569859,0.16239999,2.1831563,0.06851668488126664
1,2,476573.8776532605,0.16239999,2.1838627,0.06874207066644564
1,2,476578.8778495351,0.16239999,2.1842825,0.06896745711378838
1,2,476583.87804580946,0.16239999,2.1848552,0.06919284437490504
1,2,476588.87824208406,0.16239999,2.185199,0.06941823208269975
1,2,476593.87843835866,0.16239999,2.1857336,0.0696436169079625
1,2,476598.87863463326,0.16239999,2.1862297,0.06986900215436105
1,2,476603.87883090787,0.16239999,2.1867452,0.0700943862592073
1,2,476608.8790271827,0.16239999,2.1871462,0.07031976983051251
1,2,476613.87922345754,0.16239999,2.1876235,0.07054515317904288
1,2,476618.8794197324,0.16239999,2.188387,0.07077053665862895
1,2,476623.8796160072,0.16239999,2.1886733,0.0709959208838559
1,2,476628.87981228204,0.16239999,2.1891887,0.07122130764349882
1,2,476633.8800085569,0.16239999,2.1895516,0.07144669340966643
1,2,476638.8802048317,0.16239999,2.1901815,0.07167207883157499
1,2,476643.88040110655,0.16239999,2.1904678,0.07189746654880047
1,2,476648.8805973814,0.16239999,2.190888,0.07212285538334151
1,2,476653.8807936562,0.16239999,2.191365,0.07234824489584317
1,2,476658.88098993106,0.16239999,2.1920714,0.07257363343839099
1,2,476663.8811862054,0.16239999,2.1923578,0.07279901915702389
1,2,476668.88138248026,0.16239999,2.192816,0.07302440640715095
1,2,476673.8815787551,0.16239999,2.1932359,0.07324979615668951
1,2,476678.88177502993,0.16239999,2.1937895,0.07347518410838809
1,2,476683.88197130477,0.16239999,2.1940951,0.07370057112179697
1,2,476688.8821675796,0.16239999,2.1946678,0.07392596208146546
1,2,476693.88236385444,0.16239999,2.1950686,0.07415135495675852
1,2,476698.8825601293,0.16239999,2.1954696,0.07437674700724996
1,2,476703.8827564041,0.16239999,2.1960614,0.07460213967667023
1,2,476708.88295267895,0.16239999,2.1964622,0.07482752943542269
1,2,476713.8831489533,0.16239999,2.1969776,0.07505291987111502
1,2,476718.8833452277,0.16239999,2.1971114,0.07527831025273436
1,2,476723.88354150206,0.16239999,2.1977794,0.07550370047574656
1,2,476728.8837377764,0.16239999,2.198104,0.07572909091929678
1,2,476733.8839340508,0.16239999,2.1984859,0.07595447853287227
1,2,476738.88413032517,0.16239999,2.1990013,0.07617986542647746
1,2,476743.88432659954,0.16239999,2.1992495,0.07640525169682255
1,2,476748.8845228739,0.16239999,2.1997266,0.07663063725069415
1,2,476753.8847191483,0.16239999,2.200223,0.07685602331443629
1,2,476758.88491542265,0.16239999,2.2005475,0.07708140900875132
1,2,476763.885111697,0.16239999,2.2011967,0.07730679462841733
1,2,476768.8853079714,0.16239999,2.2014449,0.0775321810006698
1,2,476773.88550424576,0.16239999,2.2019029,0.07775756484698174
1,2,476778.8857005201,0.16239999,2.2022848,0.07798294837159912
1,2,476783.8858967945,0.16239999,2.2028766,0.07820833373790731
1,2,476788.88609306887,0.16239999,2.2030294,0.07843371884836423
1,2,476793.88628934324,0.16239999,2.2036211,0.07865910788139205
1,2,476798.8864856176,0.16239999,2.2038503,0.07888449945282108
1,2,476803.886681892,0.16239999,2.2043273,0.07910988988878744
1,2,476808.88687816635,0.16239999,2.2046902,0.07933527925848795
1,2,476813.8870744407,0.16239999,2.2051482,0.0795606697242384
1,2,476818.8872707151,0.16239999,2.2056255,0.0797860595258168
1,2,476823.88746698946,0.16239999,2.2057974,0.08001144894463734
1,2,476828.8876632638,0.16239999,2.2064464,0.0802368369039802
1,2,476833.8878595382,0.16239999,2.2066755,0.08046222482029182
1,2,476838.88805581257,0.16239999,2.2072291,0.0806876103267297
1,2,476843.88825208694,0.16239999,2.2076302,0.08091299881383444
1,2,476848.8884483613,0.16239999,2.2081072,0.081138387092539
1,2,476853.8886446357,0.16239999,2.2083745,0.08136377479439891
1,2,476858.88884091005,0.16239999,2.2086608,0.08158916245069935
1,2,476863.8890371844,0.16239999,2.2091382,0.08181455134657936
1,2,476868.8892334588,0.16239999,2.2095582,0.08203993584168288
1,2,476873.88942973316,0.16239999,2.20994,0.08226532060284002
1,2,476878.8896260075,0.16239999,2.2103982,0.08249070466808892
1,2,476883.8898222819,0.16239999,2.2107036,0.08271608958718263
1,2,476888.89001855627,0.16239999,2.211219,0.08294147406853156
1,2,476893.89021483064,0.16239999,2.2113907,0.08316686163005067
1,2,476898.890411105,0.16239999,2.2119062,0.0833922486095354
1,2,476903.8906073794,0.16239999,2.2121544,0.08361763599021815
1,2,476908.89080365375,0.16239999,2.2128036,0.08384302349503008
1,2,476913.8909999281,0.16239999,2.213128,0.08406840730863645
1,2,476918.8911962025,0.16239999,2.2135863,0.08429378893383428
1,2,476923.89139247686,0.16239999,2.21393,0.0845191700300293
1,2,476928.8915887512,0.16239999,2.2143116,0.0847445490347619
1,2,476933.8917850256,0.16239999,2.2145598,0.08496992942083215
1,2,476938.89198129997,0.16239999,2.21498,0.08519531086848098
1,2,476943.89217757434,0.16239999,2.2153997,0.08542069236804463
1,2,476948.8923738487,0.16239999,2.215858,0.08564607450668266
1,2,476953.8925701231,0.16239999,2.2161252,0.0858714565532431
1,2,476958.89276639745,0.16239999,2.216717,0.08609683936919355
1,2,476963.8929626718,0.16239999,2.2169461,0.0863222231782501
1,2,476968.8931589462,0.16239999,2.2172134,0.08654760585974819
1,2,476973.89335522056,0.16239999,2.217595,0.08677298728960256
1,2,476978.8935514949,0.16239999,2.217958,0.08699836683251047
1,2,476983.8937477693,0.16239999,2.2183588,0.08722374573964295
1,2,476988.89394404367,0.16239999,2.218626,0.08744912598634512
1,2,476993.89414031804,0.16239999,2.2191606,0.08767450828033935
1,2,476998.8943365924,0.16239999,2.219447,0.08789989186692487
1,2,477003.8945328668,0.16239999,2.2199051,0.088125274918163
1,2,477008.89472914115,0.16239999,2.2200768,0.08835065911513898
1,2,477013.8949254155,0.16239999,2.2205923,0.08857604402928716
1,2,477018.8951216899,0.16239999,2.220745,0.08880142503502551
1,2,477023.89531796426,0.16239999,2.2211077,0.08902680763995813
1,2,477028.8955142386,0.16239999,2.221566,0.08925219188573874
1,2,477033.895710513,0.16239999,2.2218714,0.08947757459117638
1,2,477038.89590678737,0.16239999,2.2223487,0.08970295817599197
1,2,477043.89610306174,0.16239999,2.2225778,0.0899283409224434
1,2,477048.8962993361,0.16239999,2.2230933,0.09015372339969956
1,2,477053.8964956105,0.16239999,2.223284,0.0903791042100158
1,2,477058.89669188485,0.16239999,2.223685,0.09060448573867894
1,2,477063.8968881592,0.16239999,2.224105,0.09082986582061897
1,2,477068.8970844336,0.16239999,2.2242959,0.09105524471568399
1,2,477073.89728070796,0.16239999,2.2246013,0.09128062436725862
1,2,477078.8974769823,0.16239999,2.2249641,0.0915060061312053
1,2,477083.8976732567,0.16239999,2.2254603,0.09173138752463543
1,2,477088.89786953107,0.16239999,2.2257085,0.09195676713768063
1,2,477093.89806580544,0.16239999,2.2261286,0.09218214714584501
1,2,477098.8982620798,0.16239999,2.2263768,0.09240752770319831
1,2,477103.89845835464,0.16239999,2.2267203,0.0926329129989081
1,2,477108.8986546295,0.16239999,2.2271786,0.09285829849608575
1,2,477113.8988509043,0.16239999,2.2274268,0.09308368219420894
1,2,477118.89904717915,0.16239999,2.2277703,0.09330906390757363
1,2,477123.899243454,0.16239999,2.2279994,0.0935344481657164
1,2,477128.8994397288,0.16239999,2.2283812,0.09375983280954014
1,2,477133.8996360032,0.16239999,2.2288203,0.09398521934739833
1,2,477138.899832278,0.16239999,2.229011,0.09421060607773232
1,2,477143.90002855286,0.16239999,2.2292402,0.0944359902406037
1,2,477148.9002248277,0.16239999,2.2296603,0.09466137517586766
1,2,477153.90042110253,0.16239999,2.2300038,0.09488675981039472
1,2,477158.90061737737,0.16239999,2.2303092,0.095112145977666
1,2,477163.9008136522,0.16239999,2.2308629,0.0953375315696887
1,2,477168.90100992704,0.16239999,2.2309966,0.09556291869946985
1,2,477173.9012062019,0.16239999,2.2314165,0.09578830573054985
1,2,477178.9014024767,0.16239999,2.2318747,0.0960136904115346
1,2,477183.90159875154,0.16239999,2.2322564,0.09623907346735815
1,2,477188.9017950264,0.16239999,2.2323902,0.09646445445958196
1,2,477193.9019913012,0.16239999,2.2329056,0.09668983690051902
1,2,477198.90218757605,0.16239999,2.2331157,0.0969152206561309
1,2,477203.90238385065,0.16239999,2.2336502,0.0971406051078174
1,2,477208.90258012526,0.16239999,2.2339556,0.09736599039910156
1,2,477213.90277639986,0.16239999,2.2341273,0.09759137736106831
1,2,477218.90297267446,0.16239999,2.2344136,0.09781676385044888
1,2,477223.90316894907,0.16239999,2.2348528,0.09804214807500941
1,2,477228.90336522367,0.16239999,2.235292,0.09826753172643816
1,2,477233.9035614983,0.16239999,2.235311,0.09849291507097502
1,2,477238.9037577729,0.16239999,2.235769,0.09871829891257901
1,2,477243.9039540475,0.16239999,2.2360172,0.09894368110573046
1,2,477248.9041503221,0.16239999,2.2364945,0.09916906222962259
1,2,477253.9043465968,0.16239999,2.2368765,0.09939444192008676
1,2,477258.90454287175,0.16239999,2.2371054,0.0996198216870179
1,2,477263.90473914647,0.16239999,2.2373536,0.09984520220265622
1,2,477268.9049354212,0.16239999,2.237678,0.10007058353641714
1,2,477273.9051316959,0.16239999,2.2379646,0.10029596630243048
1,2,477278.9053279706,0.16239999,2.2383273,0.10052134756813448
1,2,477283.90552424535,0.16239999,2.238709,0.10074672867461212
1,2,477288.90572052007,0.16239999,2.2389762,0.10097210889437713
1,2,477293.9059167948,0.16239999,2.2393773,0.10119748909442046
1,2,477298.9061130695,0.16239999,2.2396827,0.10142286982487227
1,2,477303.9063093442,0.16239999,2.2398927,0.10164825171510546
1,2,477308.90650561894,0.16239999,2.2402935,0.1018736356296705
1,2,477313.90670189366,0.16239999,2.2405035,0.10209901942073969
1,2,477318.9068981683,0.16239999,2.240809,0.10232440156227021
1,2,477323.9070944429,0.16239999,2.2411335,0.1025497838341892
1,2,477328.9072907176,0.16239999,2.2416108,0.10277516480773938
1,2,477333.9074869923,0.16239999,2.241878,0.10300054573381445
1,2,477338.907683267,0.16239999,2.2422216,0.10322592713399564
1,2,477343.90787954174,0.16239999,2.2424507,0.10345130778276757
1,2,477348.90807581646,0.16239999,2.242737,0.10367668679328927
1,2,477353.90827209107,0.16239999,2.243138,0.10390206751169598
1,2,477358.90846836567,0.16239999,2.2435198,0.10412744716152965
1,2,477363.9086646403,0.16239999,2.243787,0.1043528263308166
1,2,477368.9088609149,0.16239999,2.243978,0.1045782048621153
1,2,477373.9090571895,0.16239999,2.2443216,0.10480358220817647
1,2,477378.9092534641,0.16239999,2.244837,0.10502896077624213
1,2,477383.9094497387,0.16239999,2.2451043,0.10525433939622593
1,2,477388.9096460133,0.16239999,2.2454288,0.10547972031769325
1,2,477393.9098422879,0.16239999,2.245868,0.1057050994260659
1,2,477398.9100385625,0.16239999,2.2459824,0.10593048030506821
1,2,477403.91023483686,0.16239999,2.2462306,0.10615586294596313
1,2,477408.9104311117,0.16239999,2.2468605,0.10638124866822116
1,2,477413.91062738653,0.16239999,2.2471468,0.10660663514516754
1,2,477418.91082366137,0.16239999,2.2475479,0.10683202195794386
1,2,477423.9110199362,0.16239999,2.2478533,0.10705741016163431
1,2,477428.91121621104,0.16239999,2.2480443,0.10728279555897334
1,2,477433.9114124859,0.16239999,2.2482734,0.10750818138135806
1,2,477438.9116087607,0.16239999,2.248636,0.10773356610867467
1,2,477443.91180503555,0.16239999,2.2489033,0.10795895256438193
1,2,477448.9120013104,0.16239999,2.2492468,0.10818433942622281
1,2,477453.9121975852,0.16239999,2.2495522,0.10840972581052784
1,2,477458.91239386005,0.16239999,2.249877,0.10863511122385747
1,2,477463.9125901349,0.16239999,2.2502205,0.1088604974128389
1,2,477468.9127864097,0.16239999,2.2504115,0.10908588442905333
1,2,477473.91298268456,0.16239999,2.2508123,0.10931127326506214
1,2,477478.9131789594,0.16239999,2.2511368,0.10953665952734487
1,2,477483.91337523423,0.16239999,2.2515569,0.10976204504298173
1,2,477488.91357150907,0.16239999,2.2517285,0.10998742876047148
1,2,477493.9137677839,0.16239999,2.252244,0.11021281238133712
1,2,477498.91396405874,0.16239999,2.2523777,0.11043819369702045
1,2,477503.9141603336,0.16239999,2.2528358,0.11066357315151976
1,2,477508.91435660794,0.16239999,2.2530267,0.11088895233188738
1,2,477513.9145528823,0.16239999,2.2534087,0.11111433141834871
1,2,477518.9147491567,0.16239999,2.2536376,0.11133971218556168
1,2,477523.91494543105,0.16239999,2.2539814,0.11156509441272255
1,2,477528.9151417054,0.16239999,2.2542486,0.11179047725303723
1,2,477533.9153379798,0.16239999,2.2546685,0.11201585995107478
1,2,477538.91553425416,0.16239999,2.254764,0.11224124114679797
1,2,477543.91573052853,0.16239999,2.2552602,0.1124666211498049
1,2,477548.9159268029,0.16239999,2.255394,0.11269200292113096
1,2,477553.9161230773,0.16239999,2.2557375,0.1129173853586954
1,2,477558.91631935164,0.16239999,2.2558713,0.11314276640609076
1,2,477563.916515626,0.16239999,2.2562912,0.11336814970638276
1,2,477568.9167119004,0.16239999,2.2565966,0.11359353144230863
1,2,477573.91690817475,0.16239999,2.2569404,0.11381891274627302
1,2,477578.9171044491,0.16239999,2.2570739,0.11404429473672563
1,2,477583.9173007235,0.16239999,2.2574174,0.11426967757142505
1,2,477588.91749699786,0.16239999,2.2577994,0.11449505890641862
1,2,477593.91769327223,0.16239999,2.257933,0.11472043992766907
1,2,477598.9178895466,0.16239999,2.2586012,0.11494582127724592
1,2,477603.918085821,0.16239999,2.2587347,0.11517120214813786
1,2,477608.91828209534,0.16239999,2.2592692,0.11539658229440372
1,2,477613.9184783697,0.16239999,2.2594984,0.11562196246191035
1,2,477618.9186746441,0.16239999,2.2597847,0.1158473438957781
1,2,477623.91887091845,0.16239999,2.26009,0.11607272656759043
1,2,477628.9190671928,0.16239999,2.2603765,0.11629811002067066
1,2,477633.9192634672,0.16239999,2.2606056,0.1165234935746988
1,2,477638.91945974156,0.16239999,2.26093,0.11674887577560464
1,2,477643.91965601593,0.16239999,2.2614074,0.11697425701541456
1,2,477648.9198522903,0.16239999,2.2616556,0.11719963915748399
1,2,477653.9200485647,0.16239999,2.2618084,0.11742502266299229
1,2,477658.92024483904,0.16239999,2.26219,0.11765040384419347
1,2,477663.9204411134,0.16239999,2.2625146,0.11787578499563453
1,2,477668.9206373878,0.16239999,2.2628582,0.11810116556145665
1,2,477673.92083366215,0.16239999,2.263011,0.11832654734443294
1,2,477678.9210299365,0.16239999,2.2633545,0.11855193114599172
1,2,477683.9212262109,0.16239999,2.26366,0.11877731671955934
1,2,477688.92142248526,0.16239999,2.2640038,0.11900269935668177
1,2,477693.92161875963,0.16239999,2.26429,0.11922808212336401
1,2,477698.921815034,0.16239999,2.2645764,0.11945346437927253
1,2,477703.9220113084,0.16239999,2.264939,0.11967884730090284
1,2,477708.92220758274,0.16239999,2.265302,0.11990423483053678
1,2,477713.9224038571,0.16239999,2.2654736,0.12012962122165909
1,2,477718.9226001315,0.16239999,2.2660844,0.12035500654338549
1,2,477723.92279640585,0.16239999,2.26618,0.12058039186439166
1,2,477728.9229926802,0.16239999,2.2664092,0.12080577612459825
1,2,477733.9231889546,0.16239999,2.2667146,0.12103115940554689
1,2,477738.92338522896,0.16239999,2.2671154,0.12125654360212718
1,2,477743.92358150333,0.16239999,2.2673635,0.12148192820519624
1,2,477748.9237777777,0.16239999,2.2677262,0.12170731300395976
1,2,477753.9239740521,0.16239999,2.2682226,0.12193269994692836
1,2,477758.92417032644,0.16239999,2.2683563,0.1221580882778499
1,2,477763.9243666008,0.16239999,2.2685664,0.12238347414232957
1,2,477768.9245628752,0.16239999,2.2689672,0.12260886053608028
1,2,477773.92475914955,0.16239999,2.2693298,0.12283424605570487
1,2,477778.9249554239,0.16239999,2.2695208,0.12305963121254164
1,2,477783.9251516983,0.16239999,2.2699218,0.12328501634379643
1,2,477788.92534797266,0.16239999,2.2701507,0.12351040200692748
1,2,477793.92554424703,0.16239999,2.2705326,0.12373578725462242
1,2,477798.9257405214,0.16239999,2.270819,0.12396117047201843
1,2,477803.9259367958,0.16239999,2.2710862,0.12418655380417325
1,2,477808.92613307014,0.16239999,2.271468,0.12441193730409941
1,2,477813.9263293445,0.16239999,2.271678,0.12463732153179001
1,2,477818.9265256189,0.16239999,2.2719452,0.12486270538232726
1,2,477823.92672189325,0.16239999,2.2723844,0.12508808968967616
1,2,477828.9269181676,0.16239999,2.2724988,0.1253134721029368
1,2,477833.927114442,0.16239999,2.272938,0.12553885397095899
1,2,477838.92731071636,0.16239999,2.2733006,0.125764233690694
1,2,477843.92750699073,0.16239999,2.2735298,0.12598961283550994
1,2,477848.9277032651,0.16239999,2.2738352,0.12621499246699283
1,2,477853.92789953947,0.16239999,2.2741787,0.12644037376909706
1,2,477858.92809581384,0.16239999,2.2744842,0.12666575499316143
1,2,477863.9282920882,0.16239999,2.2746751,0.12689113461116375
1,2,477868.9284883626,0.16239999,2.2749996,0.1271165138222112
1,2,477873.92868463695,0.16239999,2.2751143,0.12734189433248924
1,2,477878.9288809113,0.16239999,2.2755723,0.12756727446522154
1,2,477883.9290771857,0.16239999,2.275897,0.12779265563477
1,2,477888.92927346006,0.16239999,2.2761643,0.12801803827138744
1,2,477893.92946973443,0.16239999,2.2765079,0.12824342085491952
1,2,477898.9296660088,0.16239999,2.276756,0.12846879983881285
1,2,477903.92986228364,0.16239999,2.2771378,0.12869418060107615
1,2,477908.9300585585,0.16239999,2.277195,0.1289195650633756
1,2,477913.9302548333,0.16239999,2.277615,0.12914495028721462
1,2,477918.93045110814,0.16239999,2.2779968,0.1293703364902909
1,2,477923.930647383,0.16239999,2.278283,0.12959572563737884
1,2,477928.9308436578,0.16239999,2.2785697,0.1298211161749173
1,2,477933.93103993265,0.16239999,2.278856,0.1300465047640122
1,2,477938.9312362075,0.16239999,2.2791424,0.1302718940723613
1,2,477943.9314324823,0.16239999,2.2794669,0.13049728406327138
1,2,477948.93162875716,0.16239999,2.279696,0.13072267098640405
1,2,477953.931825032,0.16239999,2.2800014,0.1309480555534446
1,2,477958.9320213068,0.16239999,2.2801924,0.13117344000793088
1,2,477963.93221758166,0.16239999,2.2805932,0.13139882335074995
1,2,477968.9324138565,0.16239999,2.2809367,0.1316242079644659
1,2,477973.93261013133,0.16239999,2.281223,0.13184959091725784
1,2,477978.93280640617,0.16239999,2.281586,0.13207497394233533
1,2,477983.933002681,0.16239999,2.2817576,0.13230035457195596
1,2,477988.93319895584,0.16239999,2.2820249,0.13252573812208
1,2,477993.9333952307,0.16239999,2.2821014,0.13275112273196468
1,2,477998.9335915055,0.16239999,2.282655,0.13297650169299136
1,2,478003.9337877801,0.16239999,2.2827504,0.13320187856348198
1,2,478008.9339840547,0.16239999,2.2831705,0.1334272556356093
1,2,478013.9341803293,0.16239999,2.2833993,0.13365263286703916
1,2,478018.9343766039,0.16239999,2.2836094,0.13387801108521147
1,2,478023.9345728785,0.16239999,2.2840104,0.13410339121804973
1,2,478028.93476915313,0.16239999,2.2844493,0.13432877266292695
1,2,478033.93496542773,0.16239999,2.2846403,0.13455415417749111
1,2,478038.93516170233,0.16239999,2.2847357,0.13477953361386483
1,2,478043.93535797694,0.16239999,2.2851748,0.13500491011081808
1,2,478048.93555425166,0.16239999,2.2855947,0.13523028686877595
1,2,478053.9357505264,0.16239999,2.2857285,0.13545566704158987
1,2,478058.935946801,0.16239999,2.2860148,0.13568104642143022
1,2,478063.9361430757,0.16239999,2.2862248,0.13590642510674483
1,2,478068.9363393504,0.16239999,2.2866066,0.13613180310561016
1,2,478073.93653562514,0.16239999,2.2870076,0.1363571808433558
1,2,478078.93673189986,0.16239999,2.2873511,0.13658255829550578
1,2,478083.9369281746,0.16239999,2.2875612,0.13680793729893123
1,2,478088.9371244493,0.16239999,2.287752,0.13703331511345096
1,2,478093.937320724,0.16239999,2.2880576,0.13725869252884476
1,2,478098.93751699873,0.16239999,2.2884393,0.13748406956458428
1,2,478103.9377132734,0.16239999,2.2885346,0.13770944598956578
1,2,478108.9379095481,0.16239999,2.2888784,0.1379348227387303
1,2,478113.93810582283,0.16239999,2.2892983,0.1381601992653129
1,2,478118.93830209755,0.16239999,2.2895083,0.13838557895725062
1,2,478123.9384983722,0.16239999,2.2897565,0.13861095771357673
1,2,478128.93869464693,0.16239999,2.2901192,0.1388363339357915
1,2,478133.93889092165,0.16239999,2.2903674,0.13906171132492282
1,2,478138.9390871959,0.16239999,2.2906728,0.13928709086465677
1,2,478143.9392834706,0.16239999,2.2909973,0.1395124710908384
1,2,478148.9394797452,0.16239999,2.2912073,0.13973785197200136
1,2,478153.9396760198,0.16239999,2.2914746,0.1399632350511063
1,2,478158.93987229443,0.16239999,2.2918756,0.14018861356012116
1,2,478163.94006856903,0.16239999,2.2920473,0.140413993206814
1,2,478168.94026484364,0.16239999,2.2924292,0.14063937278692265
1,2,478173.94046111824,0.16239999,2.292811,0.14086475183700695
1,2,478178.94065739284,0.16239999,2.2929447,0.14109012967501008
1,2,478183.94085366745,0.16239999,2.293212,0.1413155088396694
1,2,478188.9410499423,0.16239999,2.29367,0.1415408881098364
1,2,478193.9412462169,0.16239999,2.2939372,0.14176627093814073
1,2,478198.9414424915,0.16239999,2.2941854,0.14199165020563048
1,2,478203.9416387663,0.16239999,2.2945483,0.14221702860065394
1,2,478208.94183504116,0.16239999,2.2948346,0.14244240793594315
1,2,478213.942031316,0.16239999,2.2950063,0.14266778743893416
1,2,478218.94222759083,0.16239999,2.2953882,0.1428931666969807
1,2,478223.94242386566,0.16239999,2.295579,0.14311854574206317
1,2,478228.9426201405,0.16239999,2.2959418,0.14334392760902986
1,2,478233.94281641534,0.16239999,2.2960753,0.14356931028028755
1,2,478238.9430126902,0.16239999,2.2964764,0.14379469147554216
1,2,478243.943208965,0.16239999,2.296858,0.14402007595623792
1,2,478248.94340523984,0.16239999,2.2971253,0.14424546003855526
1,2,478253.9436015147,0.16239999,2.2973545,0.14447084141669927
1,2,478258.9437977895,0.16239999,2.297717,0.1446962232092926
1,2,478263.94399406435,0.16239999,2.29787,0.14492160453155561
1,2,478268.9441903392,0.16239999,2.2982135,0.145146984931854
1,2,478273.944386614,0.16239999,2.298538,0.14537236660346398
1,2,478278.94458288886,0.16239999,2.298729,0.1455977479138127
1,2,478283.9447791637,0.16239999,2.2990534,0.1458231309137362
1,2,478288.9449754385,0.16239999,2.2993398,0.14604851115761128
1,2,478293.94517171336,0.16239999,2.2995307,0.14627389043091496
1,2,478298.9453679882,0.16239999,2.2998743,0.1464992683013215
1,2,478303.94556426257,0.16239999,2.3001034,0.14672464585013947
1,2,478308.94576053694,0.16239999,2.3005617,0.14695002321798284
1,2,478313.9459568113,0.16239999,2.300867,0.14717539972297694
1,2,478318.9461530857,0.16239999,2.3009815,0.14740077638041985
1,2,478323.94634936005,0.16239999,2.3013253,0.14762615089962725
1,2,478328.9465456344,0.16239999,2.301669,0.14785152615921457
1,2,478333.9467419088,0.16239999,2.301879,0.1480769042911191
1,2,478338.94693818316,0.16239999,2.3021078,0.14830228286415018
1,2,478343.9471344575,0.16239999,2.302547,0.14852766160496667
1,2,478348.9473307319,0.16239999,2.302776,0.14875303851512664
1,2,478353.94752700627,0.16239999,2.3030624,0.14897841559966996
1,2,478358.94772328064,0.16239999,2.3034441,0.1492037943192523
1,2,478363.947919555,0.16239999,2.3036351,0.14942917468415295
1,2,478368.9481158294,0.16239999,2.3039215,0.1496545533335798
1,2,478373.94831210375,0.16239999,2.3042269,0.14987992994991536
1,2,478378.9485083781,0.16239999,2.3045323,0.15010530700900748
1,2,478383.9487046525,0.16239999,2.3047233,0.15033068373364306
1,2,478388.94890092686,0.16239999,2.3049142,0.15055606190723195
1,2,478393.9490972012,0.16239999,2.3052197,0.1507814369534512
1,2,478398.9492934756,0.16239999,2.3053725,0.15100681355397746
1,2,478403.94948974997,0.16239999,2.3057542,0.15123219276649516
1,2,478408.94968602434,0.16239999,2.3060215,0.15145757042173308
1,2,478413.9498822987,0.16239999,2.306174,0.15168294776376182
1,2,478418.9500785731,0.16239999,2.3066323,0.15190832577329635
1,2,478423.95027484745,0.16239999,2.3068233,0.15213370420910677
1,2,478428.9504711218,0.16239999,2.3069568,0.1523590809763166
1,2,478433.9506673962,0.16239999,2.3073769,0.15258445886758146
1,2,478438.95086367056,0.16239999,2.3077204,0.15280983548014787
1,2,478443.9510599449,0.16239999,2.3078923,0.15303521285665708
1,2,478448.9512562193,0.16239999,2.308293,0.15326059284997492
1,2,478453.95145249367,0.16239999,2.308637,0.15348597447241935
1,2,478458.95164876804,0.16239999,2.3090186,0.15371135648505152
1,2,478463.9518450424,0.16239999,2.309324,0.15393673919022094
1,2,478468.9520413168,0.16239999,2.3095722,0.15416212111305788
1,2,478473.95223759115,0.16239999,2.3098204,0.1543875009192006
1,2,478478.9524338655,0.16239999,2.3100114,0.154612881391657
1,2,478483.9526301399,0.16239999,2.3104503,0.1548382633175942
1,2,478488.95282641426,0.16239999,2.3104694,0.15506364597355915
1,2,478493.9530226886,0.16239999,2.3109086,0.15528903168135227
1,2,478498.953218963,0.16239999,2.311004,0.1555144180605884
1,2,478503.95341523737,0.16239999,2.3113093,0.15573980216835032
1,2,478508.95361151174,0.16239999,2.3115385,0.1559651845776489
1,2,478513.9538077861,0.16239999,2.3117867,0.15619056472845796
1,2,478518.9540040605,0.16239999,2.3119204,0.15641594265654277
1,2,478523.95420033485,0.16239999,2.3123212,0.1566413215625262
1,2,478528.9543966092,0.16239999,2.3126457,0.1568667021454714
1,2,478533.9545928836,0.16239999,2.3129513,0.15709208147183812
1,2,478538.95478915796,0.16239999,2.3131993,0.1573174623087223
1,2,478543.9549854323,0.16239999,2.313505,0.1575428424096704
1,2,478548.9551817067,0.16239999,2.3138103,0.15776822492624493
1,2,478553.95537798107,0.16239999,2.314173,0.15799361030139364
1,2,478558.95557425544,0.16239999,2.314383,0.15821899608978054
1,2,478563.9557705298,0.16239999,2.3146122,0.1584443805571704
1,2,478568.9559668042,0.16239999,2.3149176,0.15866976316679854
1,2,478573.95616307855,0.16239999,2.3152993,0.15889514478742253
1,2,478578.9563593529,0.16239999,2.315433,0.1591205256664919
1,2,478583.9565556273,0.16239999,2.3156812,0.15934590535621765
1,2,478588.95675190166,0.16239999,2.3160248,0.1595712832712242
1,2,478593.956948176,0.16239999,2.3162348,0.1597966630979603
1,2,478598.9571444504,0.16239999,2.316483,0.16002204383288743
1,2,478603.95734072477,0.16239999,2.3168838,0.16024742454698357
1,2,478608.95753699914,0.16239999,2.3170176,0.16047280567575004
1,2,478613.9577332735,0.16239999,2.3172464,0.1606981841884107
1,2,478618.9579295479,0.16239999,2.317762,0.16092355944473632
1,2,478623.95812582225,0.16239999,2.317972,0.16114893465665153
1,2,478628.9583220966,0.16239999,2.3182201,0.16137431137915456
1,2,478633.958518371,0.16239999,2.3184302,0.16159968737496522
1,2,478638.95871464536,0.16239999,2.3186975,0.1618250660209507
1,2,478643.9589109197,0.16239999,2.31906,0.16205044547967118
1,2,478648.9591071941,0.16239999,2.3191364,0.1622758252787731
1,2,478653.95930346847,0.16239999,2.3195183,0.16250120486562122
1,2,478658.95949974284,0.16239999,2.3197474,0.16272658608855642
1,2,478663.9596960172,0.16239999,2.3200147,0.16295196854816796
1,2,478668.9598922916,0.16239999,2.320301,0.16317734802989417
1,2,478673.96008856595,0.16239999,2.3206065,0.1634027282995193
1,2,478678.9602848403,0.16239999,2.320969,0.1636281107223266
1,2,478683.9604811147,0.16239999,2.3210073,0.1638534931567941
1,2,478688.96067738906,0.16239999,2.3212364,0.1640788748655601
1,2,478693.9608736634,0.16239999,2.3214846,0.16430425702477333
1,2,478698.96106993826,0.16239999,2.32179,0.16452963771165416
1,2,478703.9612662131,0.16239999,2.3221335,0.1647550181430082
1,2,478708.96146248793,0.16239999,2.3223817,0.16498039884581917
1,2,478713.96165876277,0.16239999,2.3228018,0.16520577891844596
1,2,478718.9618550376,0.16239999,2.3227446,0.16543115726597857
1,2,478723.96205131244,0.16239999,2.3231454,0.1656565378255124
1,2,478728.9622475873,0.16239999,2.3234508,0.16588192147431854
1,2,478733.9624438621,0.16239999,2.3237753,0.1661073053559156
1,2,478738.96264013695,0.16239999,2.323909,0.16633268894250527
1,2,478743.9628364118,0.16239999,2.3243098,0.16655807409427068
1,2,478748.9630326866,0.16239999,2.3244436,0.16678346076239647
1,2,478753.96322896145,0.16239999,2.3247108,0.16700884591222556
1,2,478758.9634252363,0.16239999,2.3248827,0.16723423249500577
1,2,478763.9636215111,0.16239999,2.3252263,0.16745961940261309
1,2,478768.96381778596,0.16239999,2.3255508,0.1676850063197712
1,2,478773.9640140608,0.16239999,2.325799,0.16791039326778054
1,2,478778.96421033563,0.16239999,2.32599,0.1681357776954232
1,2,478783.96440661047,0.16239999,2.3260663,0.16836116139162913
1,2,478788.9646028853,0.16239999,2.3263144,0.1685865460524559
1,2,478793.96479916014,0.16239999,2.3267727,0.16881192891254856
1,2,478798.96499543474,0.16239999,2.3268871,0.16903731074026063
1,2,478803.96519170934,0.16239999,2.3271925,0.16926269060945595
1,2,478808.96538798395,0.16239999,2.3275552,0.16948807195452684
1,2,478813.96558425855,0.16239999,2.3278034,0.16971345192527273
1,2,478818.96578053315,0.16239999,2.3279753,0.16993882832589413
1,2,478823.96597680775,0.16239999,2.3281088,0.17016420659437112
1,2,478828.96617308236,0.16239999,2.3284526,0.1703895832483851
1,2,478833.96636935696,0.16239999,2.328529,0.1706149607759573
1,2,478838.96656563156,0.16239999,2.3288724,0.17084033580830524
1,2,478843.96676190617,0.16239999,2.3290062,0.17106571398731565
1,2,478848.9669581809,0.16239999,2.329388,0.1712910911355515
1,2,478853.9671544556,0.16239999,2.3297315,0.17151646722905003
1,2,478858.9673507303,0.16239999,2.3299034,0.171741842190259
1,2,478863.96754700504,0.16239999,2.3301897,0.17196721951970206
1,2,478868.96774327976,0.16239999,2.3303616,0.17219259840487436
1,2,478873.9679395545,0.16239999,2.330839,0.17241797595177918
1,2,478878.96813582873,0.16239999,2.3309915,0.17264335296593356
1,2,478883.96833210345,0.16239999,2.3310678,0.17286873000808473
1,2,478888.9685283782,0.16239999,2.3313541,0.17309410771112888
1,2,478893.9687246529,0.16239999,2.3314688,0.17331948487132123
1,2,478898.96892092755,0.16239999,2.331908,0.17354486373075179
1,2,478903.9691172023,0.16239999,2.3320034,0.1737702442432352
1,2,478908.969313477,0.16239999,2.332347,0.1739956244827848
1,2,478913.9695097517,0.16239999,2.3324232,0.17422100425459688
1,2,478918.96970602643,0.16239999,2.3327289,0.1744463844920504
1,2,478923.9699023011,0.16239999,2.3329577,0.17467176520518377
1,2,478928.9700985758,0.16239999,2.3333397,0.17489714609724116
1,2,478933.97029485053,0.16239999,2.333798,0.1751225283998284
1,2,478938.97049112525,0.16239999,2.3337214,0.175347913036459
1,2,478943.97068739997,0.16239999,2.3339696,0.17557329602142338
1,2,478948.9708836747,0.16239999,2.3342178,0.17579867923031745
1,2,478953.9710799493,0.16239999,2.334485,0.17602406135232246
1,2,478958.9712762239,0.16239999,2.334676,0.17624944471163795
1,2,478963.9714724985,0.16239999,2.334886,0.17647482885967355
1,2,478968.9716687731,0.16239999,2.3351533,0.1767002124458617
1,2,478973.9718650477,0.16239999,2.3354206,0.17692559412390235
1,2,478978.9720613223,0.16239999,2.335726,0.17715097583162528
1,2,478983.9722575969,0.16239999,2.3357642,0.17737635617171302
1,2,478988.9724538715,0.16239999,2.3361268,0.17760173812353353
1,2,478993.9726501461,0.16239999,2.336356,0.17782711926192202
1,2,478998.97284642095,0.16239999,2.336585,0.17805249862200676
1,2,479003.9730426958,0.16239999,2.3367567,0.17827787749018265
1,2,479008.9732389706,0.16239999,2.3370814,0.17850325746939572
1,2,479013.97343524545,0.16239999,2.337253,0.17872863568190642
1,2,479018.9736315203,0.16239999,2.3375776,0.17895401177357212
1,2,479023.9738277951,0.16239999,2.3378258,0.17917938694801339
1,2,479028.97402406996,0.16239999,2.338112,0.1794047602181922
1,2,479033.9742203448,0.16239999,2.3382459,0.17963013698647906
1,2,479038.97441661963,0.16239999,2.3384368,0.1798555139354334
1,2,479043.97461289447,0.16239999,2.3386657,0.18008088994969915
1,2,479048.9748091693,0.16239999,2.3388376,0.1803062693722752
1,2,479053.97500544414,0.16239999,2.339143,0.18053164930516222
1,2,479058.975201719,0.16239999,2.339525,0.18075702897333093
1,2,479063.9753979938,0.16239999,2.339754,0.18098241032757018
1,2,479068.97559426865,0.16239999,2.339964,0.18120779091359165
1,2,479073.9757905435,0.16239999,2.3403459,0.18143317267745968
1,2,479078.9759868183,0.16239999,2.3403459,0.1816585526192046
1,2,479083.97618309315,0.16239999,2.3407276,0.18188393275596434
1,2,479088.976379368,0.16239999,2.3409567,0.18210931262174399
1,2,479093.9765756428,0.16239999,2.3411477,0.18233469253476775
1,2,479098.9767719172,0.16239999,2.3415484,0.18256007226212637
1,2,479103.97696819156,0.16239999,2.3415675,0.18278545281028233
1,2,479108.97716446593,0.16239999,2.3418348,0.1830108334780731
1,2,479113.9773607403,0.16239999,2.3421783,0.18323621228358544
1,2,479118.9775570147,0.16239999,2.3425984,0.18346159114893754
1,2,479123.97775328904,0.16239999,2.3426175,0.18368697014446866
1,2,479128.9779495634,0.16239999,2.3426557,0.18391234853351343
1,2,479133.9781458378,0.16239999,2.3430185,0.18413772865682324
1,2,479138.97834211215,0.16239999,2.3432474,0.18436310815104326
1,2,479143.9785383865,0.16239999,2.3435721,0.18458848715652423
1,2,479148.9787346609,0.16239999,2.3437057,0.18481386480402182
1,2,479153.97893093526,0.16239999,2.3440301,0.1850392441184262
1,2,479158.97912720963,0.16239999,2.3440683,0.18526462174043867
1,2,479163.979323484,0.16239999,2.3444502,0.18548999856982773
1,2,479168.9795197584,0.16239999,2.3445265,0.18571537371324479
1,2,479173.97971603274,0.16239999,2.3447175,0.1859407501189541
1,2,479178.9799123071,0.16239999,2.3449275,0.18616612705781374
1,2,479183.9801085815,0.16239999,2.345214,0.18639150646348776
1,2,479188.98030485585,0.16239999,2.345443,0.18661688557512376
1,2,479193.9805011302,0.16239999,2.345462,0.1868422648080809
1,2,479198.9806974046,0.16239999,2.3457484,0.187067644386764
1,2,479203.98089367896,0.16239999,2.3462064,0.1872930237693594
1,2,479208.98108995333,0.16239999,2.3463402,0.18751840114890847
1,2,479213.9812862277,0.16239999,2.3464737,0.18774377814788434
1,2,479218.9814825021,0.16239999,2.3466647,0.18796915588705387
1,2,479223.98167877644,0.16239999,2.3469129,0.18819453203753198
1,2,479228.9818750508,0.16239999,2.3470082,0.18841990809603595
1,2,479233.9820713252,0.16239999,2.347371,0.18864528594017588
1,2,479238.98226759955,0.16239999,2.3476193,0.18887066311062106
1,2,479243.9824638739,0.16239999,2.347772,0.18909604308499706
1,2,479248.9826601483,0.16239999,2.3481538,0.18932142308199054
1,2,479253.98285642266,0.16239999,2.3483636,0.18954680213946662
1,2,479258.98305269703,0.16239999,2.348669,0.18977218191654463
1,2,479263.9832489714,0.16239999,2.3487074,0.1899975637035765
1,2,479268.9834452458,0.16239999,2.3489554,0.1902229458868071
1,2,479273.98364152014,0.16239999,2.3491464,0.1904483291708676
1,2,479278.9838377945,0.16239999,2.3492992,0.19067371105090095
1,2,479283.9840340689,0.16239999,2.3495092,0.19089909213616596
1,2,479288.98423034325,0.16239999,2.349929,0.19112447431906623
1,2,479293.9844266176,0.16239999,2.34991,0.19134985605748972
1,2,479298.984622892,0.16239999,2.3500438,0.1915752374916654
1,2,479303.98481916636,0.16239999,2.350311,0.19180061950609564
1,2,479308.98501544073,0.16239999,2.350578,0.19202600238563183
1,2,479313.9852117151,0.16239999,2.3506546,0.19225138470681985
1,2,479318.9854079895,0.16239999,2.3509219,0.19247676710654527
1,2,479323.98560426384,0.16239999,2.3510745,0.19270214604689823
1,2,479328.9858005382,0.16239999,2.3513992,0.19292752792439258
1,2,479333.9859968126,0.16239999,2.3516855,0.1931529093696324
1,2,479338.98619308695,0.16239999,2.3517237,0.19337828897553827
1,2,479343.9863893613,0.16239999,2.3521054,0.1936036687864386
1,2,479348.9865856357,0.16239999,2.3523726,0.19382905001515047
1,2,479353.98678191006,0.16239999,2.3525064,0.19405442839258308
1,2,479358.98697818443,0.16239999,2.35285,0.19427980710089432
1,2,479363.9871744588,0.16239999,2.3529453,0.19450518679356055
1,2,479368.9873707332,0.16239999,2.3530982,0.1947305696726944
1,2,479373.98756700754,0.16239999,2.3534799,0.19495595244618066
1,2,479378.9877632819,0.16239999,2.3535755,0.19518133865987816
1,2,479383.9879595563,0.16239999,2.3536518,0.19540672392429553
1,2,479388.98815583065,0.16239999,2.353881,0.1956321098574464
1,2,479393.988352105,0.16239999,2.3542054,0.19585749482135867
1,2,479398.9885483794,0.16239999,2.354358,0.19608287920089706
1,2,479403.98874465376,0.16239999,2.354587,0.196308266610878
1,2,479408.98894092813,0.16239999,2.3547208,0.1965336558456278
1,2,479413.9891372025,0.16239999,2.354969,0.19675904357838112
1,2,479418.9893334769,0.16239999,2.3551598,0.19698442922885612
1,2,479423.98952975124,0.16239999,2.3552935,0.19720981503678175
1,2,479428.9897260256,0.16239999,2.3555608,0.19743519911874147
1,2,479433.9899223,0.16239999,2.355809,0.1976605821543574
1,2,479438.99011857435,0.16239999,2.35579,0.19788596320994756
1,2,479443.9903148487,0.16239999,2.356019,0.19811134615846535
1,2,479448.9905111231,0.16239999,2.3561525,0.19833672968864915
1,2,479453.99070739746,0.16239999,2.3565917,0.19856211056800083
1,2,479458.99090367183,0.16239999,2.3567824,0.1987874940794762
1,2,479463.9910999462,0.16239999,2.356878,0.19901287988703925
1,2,479468.99129622057,0.16239999,2.357088,0.199238264910836
1,2,479473.99149249494,0.16239999,2.3572407,0.19946364935475983
1,2,479478.9916887693,0.16239999,2.357298,0.19968903337674568
1,2,479483.9918850437,0.16239999,2.357527,0.19991441869562926
1,2,479488.99208131805,0.16239999,2.357928,0.2001398014856401
1,2,479493.9922775929,0.16239999,2.3580043,0.20036518456826585
1,2,479498.9924738677,0.16239999,2.3581762,0.20059056674471393
1,2,479503.99267014256,0.16239999,2.3581378,0.20081594762012175
1,2,479508.9928664174,0.16239999,2.3584626,0.20104132921495763
1,2,479513.9930626922,0.16239999,2.3584816,0.20126670907823802
1,2,479518.99325896706,0.16239999,2.358768,0.20149208556026613
1,2,479523.9934552419,0.16239999,2.3588824,0.20171746160740714
1,2,479528.99365151674,0.16239999,2.3593216,0.20194284265621562
1,2,479533.9938477916,0.16239999,2.3593788,0.20216822263096085
1,2,479538.9940440664,0.16239999,2.3595123,0.20239360054341268
1,2,479543.99424034124,0.16239999,2.3597605,0.20261897785431787
1,2,479548.9944366161,0.16239999,2.359837,0.20284435599285675
1,2,479553.9946328909,0.16239999,2.3600469,0.20306973444153928
1,2,479558.99482916575,0.16239999,2.3601615,0.2032951134744889
1,2,479563.9950254406,0.16239999,2.360467,0.2035204920982907
1,2,479568.9952217154,0.16239999,2.360295,0.20374587075909042
1,2,479573.99541799026,0.16239999,2.3608105,0.20397124897518817
1,2,479578.9956142651,0.16239999,2.360658,0.20419662832419305
1,2,479583.9958105399,0.16239999,2.3610015,0.2044220080805725
1,2,479588.99600681476,0.16239999,2.3611543,0.2046473865454021
1,2,479593.99620308937,0.16239999,2.3614023,0.20487276453868197
1,2,479598.99639936397,0.16239999,2.3614023,0.20509814218045339
1,2,479603.9965956386,0.16239999,2.3617842,0.20532351891336406
1,2,479608.9967919132,0.16239999,2.3621087,0.20554889302741386
1,2,479613.9969881878,0.16239999,2.3621087,0.20577426546010935
1,2,479618.9971844619,0.16239999,2.3624141,0.20599963900223356
1,2,479623.9973807365,0.16239999,2.3624141,0.20622501570744628
1,2,479628.9975770111,0.16239999,2.3624332,0.2064503933449965
1,2,479633.9977732857,0.16239999,2.3628724,0.206675772393945
1,2,479638.9979695603,0.16239999,2.3631206,0.20690114859002975
1,2,479643.99816583504,0.16239999,2.3632731,0.2071265237777165
1,2,479648.99836210976,0.16239999,2.3631587,0.20735189903398668
1,2,479653.9985583845,0.16239999,2.3635023,0.20757727573252782
1,2,479658.9987546592,0.16239999,2.363617,0.20780265457829813
1,2,479663.9989509339,0.16239999,2.3638268,0.20802803608114337
1,2,479668.99914720864,0.16239999,2.364094,0.2082534180119607
1,2,479673.99934348336,0.16239999,2.364285,0.20847879974018765
1,2,479678.9995397581,0.16239999,2.3642468,0.2087041820307182
1,2,479683.9997360328,0.16239999,2.364705,0.20892956328053755
1,2,479688.9999323075,0.16239999,2.364705,0.2091549427608192
1,2,479694.00012858224,0.16239999,2.3648195,0.2093803202921672
1,2,479699.00032485696,0.16239999,2.365163,0.20960569879406177
1,2,479704.0005211316,0.16239999,2.3654685,0.20983107928465702
1,2,479709.00071740634,0.16239999,2.3653922,0.2100564552761902
1,2,479714.00091368105,0.16239999,2.3656023,0.21028183315367813
1,2,479719.0011099557,0.16239999,2.3657932,0.210507210690047
1,2,479724.00130623044,0.16239999,2.3658314,0.21073258738643658
1,2,479729.00150250515,0.16239999,2.3660414,0.2109579642777408
1,2,479734.0016987799,0.16239999,2.3660796,0.21118333996573568
1,2,479739.0018950546,0.16239999,2.3663468,0.21140871387585564
1,2,479744.00209132954,0.16239999,2.366576,0.21163408645157578
1,2,479749.00228760415,0.16239999,2.3664994,0.2118594621888488
1,2,479754.00248387875,0.16239999,2.366824,0.2120848371410078
1,2,479759.00268015335,0.16239999,2.3669195,0.21231021246981846
1,2,479764.00287642796,0.16239999,2.3671486,0.21253558992480465
1,2,479769.00307270256,0.16239999,2.3673778,0.2127609647968972
1,2,479774.00326897716,0.16239999,2.3676832,0.21298633668931882
1,2,479779.00346525176,0.16239999,2.367645,0.2132117085573696
1,2,479784.00366152637,0.16239999,2.3677213,0.21343707776001655
1,2,479789.00385780097,0.16239999,2.3680267,0.21366244810474644
1,2,479794.0040540756,0.16239999,2.3680649,0.21388782065319664
1,2,479799.0042503504,0.16239999,2.3681986,0.21411319392204678
1,2,479804.00444662524,0.16239999,2.368466,0.21433856772908133
1,2,479809.0046429001,0.16239999,2.3685803,0.21456394117697555
1,2,479814.0048391749,0.16239999,2.3686566,0.21478931639623042
1,2,479819.00503544975,0.16239999,2.3688095,0.2150146907853424
1,2,479824.0052317246,0.16239999,2.3688667,0.21524006228040718
1,2,479829.0054279994,0.16239999,2.3692677,0.21546543607261592
1,2,479834.00562427426,0.16239999,2.369363,0.215690809270342
1,2,479839.0058205491,0.16239999,2.3693058,0.21591618063251078
1,2,479844.0060168239,0.16239999,2.3695922,0.21614155080855454
1,2,479849.00621309876,0.16239999,2.3697066,0.2163669228695654
1,2,479854.0064093736,0.16239999,2.369783,0.21659229584007278
1,2,479859.00660564844,0.16239999,2.3699358,0.2168176708132631
1,2,479864.0068019233,0.16239999,2.3700886,0.21704304710985206
1,2,479869.0069981981,0.16239999,2.3703365,0.21726842558925583
1,2,479874.00719447294,0.16239999,2.3706422,0.2174938046658145
1,2,479879.0073907478,0.16239999,2.3706422,0.2177191814998635
1,2,479884.00758702215,0.16239999,2.3707376,0.21794456037236734
1,2,479889.007783297,0.16239999,2.3707566,0.21816994256855696
1,2,479894.0079795718,0.16239999,2.3711193,0.21839532465170639
1,2,479899.0081758462,0.16239999,2.3709095,0.21862070959980934
1,2,479904.00837212056,0.16239999,2.371253,0.21884609452061338
1,2,479909.00856839493,0.16239999,2.3713865,0.21907147886228875
1,2,479914.0087646693,0.16239999,2.3715203,0.21929686457029382
1,2,479919.00896094367,0.16239999,2.3716729,0.21952224906154955
1,2,479924.00915721804,0.16239999,2.371902,0.2197476338695609
1,2,479929.0093534924,0.16239999,2.372093,0.21997301761667332
1,2,479934.0095497668,0.16239999,2.3724365,0.2201983994281456
1,2,479939.00974604115,0.16239999,2.3724365,0.2204237813920402
1,2,479944.0099423155,0.16239999,2.3725703,0.22064915846527103
1,2,479949.0101385899,0.16239999,2.3728185,0.22087453573545549
1,2,479954.01033486426,0.16239999,2.3728375,0.22109991468901335
1,2,479959.0105311386,0.16239999,2.3728948,0.22132529289774827
1,2,479964.010727413,0.16239999,2.373181,0.2215506725171364
1,2,479969.01092368737,0.16239999,2.3732955,0.2217760565017518
1,2,479974.01111996174,0.16239999,2.3734865,0.22200144171557393
1,2,479979.0113162361,0.16239999,2.3736393,0.22222682608298194
1,2,479984.0115125105,0.16239999,2.3737538,0.22245221050977937
1,2,479989.01170878485,0.16239999,2.373811,0.22267759417452976
1,2,479994.0119050592,0.16239999,2.374002,0.22290297679479318
1,2,479999.0121013336,0.16239999,2.3740592,0.22312835770363754
1,2,480004.01229760796,0.16239999,2.374193,0.22335374145820716
1,2,480009.0124938823,0.16239999,2.3742883,0.22357912709160377
1,2,480014.0126901567,0.16239999,2.3744602,0.22380451077190766
1,2,480019.01288643107,0.16239999,2.3745174,0.22402989167895312
1,2,480024.01308270544,0.16239999,2.3747275,0.22425527607692758
1,2,480029.0132789798,0.16239999,2.3749948,0.22448066168948658
1,2,480034.0134752542,0.16239999,2.375033,0.22470604728193977
1,2,480039.01367152855,0.16239999,2.375262,0.22493143214214492
1,2,480044.0138678029,0.16239999,2.3754337,0.22515681661243636
1,2,480049.0140640773,0.16239999,2.3756437,0.22538220015370827
1,2,480054.01426035166,0.16239999,2.3756056,0.22560758364613337
1,2,480059.014456626,0.16239999,2.3757966,0.2258329676961624
1,2,480064.0146529004,0.16239999,2.3760254,0.2260583526973135
1,2,480069.01484917477,0.16239999,2.3761783,0.22628373717478978
1,2,480074.01504544914,0.16239999,2.37614,0.22650912243607624
1,2,480079.0152417235,0.16239999,2.3762927,0.22673450998828046
1,2,480084.0154379979,0.16239999,2.3763692,0.22695989643134076
1,2,480089.01563427225,0.16239999,2.3767128,0.22718528323670129
1,2,480094.0158305466,0.16239999,2.3767128,0.22741067065386955
1,2,480099.016026821,0.16239999,2.3768082,0.22763605671265622
1,2,480104.01622309536,0.16239999,2.376789,0.22786144215328644
1,2,480109.0164193697,0.16239999,2.3769038,0.2280868302787764
1,2,480114.0166156441,0.16239999,2.3770945,0.2283122157077183
1,2,480119.01681191847,0.16239999,2.3773808,0.22853760062886094
1,2,480124.01700819284,0.16239999,2.3773046,0.22876298321753308
1,2,480129.0172044672,0.16239999,2.3774765,0.22898836462728328
1,2,480134.0174007416,0.16239999,2.3775718,0.22921374522707508
1,2,480139.01759701595,0.16239999,2.3775527,0.22943912677878037
1,2,480144.0177932903,0.16239999,2.3776674,0.22966450725087253
1,2,480149.0179895647,0.16239999,2.3777819,0.22988988599310958
1,2,480154.01818583906,0.16239999,2.378011,0.23011526291634038
1,2,480159.0183821134,0.16239999,2.378011,0.2303406396799342
1,2,480164.0185783878,0.16239999,2.3781445,0.2305660178036779
1,2,480169.01877466217,0.16239999,2.3783545,0.23079139826738732
1,2,480174.01897093654,0.16239999,2.3783545,0.23101677914532667
1,2,480179.0191672109,0.16239999,2.3785646,0.231242162025949
1,2,480184.0193634853,0.16239999,2.37866,0.23146754732358768
1,2,480189.01955975965,0.16239999,2.3787937,0.23169293096673885
1,2,480194.019756034,0.16239999,2.3787937,0.23191831300632224
1,2,480199.0199523084,0.16239999,2.3790035,0.2321436963947364
1,2,480204.02014858276,0.16239999,2.3792136,0.2323690793181358
1,2,480209.0203448571,0.16239999,2.3794427,0.2325944640567508
1,2,480214.0205411315,0.16239999,2.3793283,0.2328198496857085
1,2,480219.02073740587,0.16239999,2.3794808,0.23304523604382393
1,2,480224.02093368024,0.16239999,2.3798437,0.23327062212172714
1,2,480229.0211299546,0.16239999,2.37971,0.2334960097168972
1,2,480234.021326229,0.16239999,2.379939,0.23372139545540827
1,2,480239.02152250335,0.16239999,2.3799772,0.23394677858443377
1,2,480244.0217187777,0.16239999,2.3801873,0.23417216330850854
1,2,480249.0219150521,0.16239999,2.3803782,0.23439754894873152
1,2,480254.02211132646,0.16239999,2.3805308,0.23462293510583274
1,2,480259.0223076008,0.16239999,2.3805308,0.23484832236265787
1,2,480264.0225038752,0.16239999,2.380588,0.23507370911355382
1,2,480269.02270014957,0.16239999,2.3807027,0.23529909549458639
1,2,480274.02289642394,0.16239999,2.3808935,0.2355244810060021
1,2,480279.0230926983,0.16239999,2.3808172,0.23574986773210002
1,2,480284.0232889727,0.16239999,2.3811417,0.23597525648674186
1,2,480289.0234852475,0.16239999,2.3811417,0.23620064349835845
1,2,480294.02368152235,0.16239999,2.3813708,0.2364260341669104
1,2,480299.0238777972,0.16239999,2.381428,0.23665142338867634
1,2,480304.024074072,0.16239999,2.381428,0.23687681573437055
1,2,480309.02427034685,0.16239999,2.381619,0.2371022071971428
1,2,480314.0244666217,0.16239999,2.3816571,0.23732759733978312
1,2,480319.0246628965,0.16239999,2.381829,0.23755298727592894
1,2,480324.02485917136,0.16239999,2.3819435,0.23777837567949694
1,2,480329.0250554462,0.16239999,2.3821344,0.23800376455468256
1,2,480334.02525172103,0.16239999,2.3822682,0.23822915011951146
1,2,480339.02544799587,0.16239999,2.3825161,0.23845453716365314
1,2,480344.0256442707,0.16239999,2.3824399,0.2386799232287902
1,2,480349.02584054554,0.16239999,2.3827834,0.23890530935645418
1,2,480354.0260368199,0.16239999,2.382669,0.23913069353116537
1,2,480359.02623309474,0.16239999,2.3827834,0.23935607767680106
1,2,480364.0264293696,0.16239999,2.38286,0.23958146130161634
1,2,480369.0266256444,0.16239999,2.3830507,0.23980684553249412
1,2,480374.02682191925,0.16239999,2.3832226,0.24003222958690573
1,2,480379.0270181941,0.16239999,2.3832226,0.2402576130831836
1,2,480384.0272144689,0.16239999,2.3834136,0.24048299697608733
1,2,480389.0274107435,0.16239999,2.383318,0.2407083780946614
1,2,480394.0276070181,0.16239999,2.383528,0.24093375838874675
1,2,480399.02780329273,0.16239999,2.3835661,0.24115914054127102
1,2,480404.02799956733,0.16239999,2.3835661,0.2413845216885141
1,2,480409.02819584194,0.16239999,2.3838716,0.24160990071133837
1,2,480414.02839211654,0.16239999,2.383948,0.24183527916157394
1,2,480419.02858839114,0.16239999,2.3841007,0.2420606564355317
1,2,480424.02878466574,0.16239999,2.3841772,0.24228603265213453
1,2,480429.02898094035,0.16239999,2.3844445,0.24251141144679883
1,2,480434.02917721495,0.16239999,2.3845017,0.24273679119889255
1,2,480439.02937348967,0.16239999,2.3846161,0.2429621737438182
1,2,480444.0295697644,0.16239999,2.3846924,0.2431875554419241
1,2,480449.0297660391,0.16239999,2.384788,0.24341293830737787
1,2,480454.0299623138,0.16239999,2.384979,0.2436383208582557
1,2,480459.03015858855,0.16239999,2.3848453,0.24386370143341257
1,2,480464.03035486327,0.16239999,2.3848453,0.24408908193981796
1,2,480469.030551138,0.16239999,2.3850172,0.24431446535657164
1,2,480474.0307474127,0.16239999,2.3850744,0.24453984617756788
1,2,480479.03094368766,0.16239999,2.3853798,0.24476522660544664
1,2,480484.0311399624,0.16239999,2.385418,0.2449906094290687
1,2,480489.0313362371,0.16239999,2.3854942,0.24521599445248957
1,2,480494.0315325118,0.16239999,2.385628,0.24544137853517117
1,2,480499.03172878653,0.16239999,2.3857615,0.24566676142847935
1,2,480504.0319250612,0.16239999,2.3855135,0.24589214261497044
1,2,480509.0321213359,0.16239999,2.3859906,0.24611752438026732
1,2,480514.0323176106,0.16239999,2.3859525,0.24634290384462706
1,2,480519.0325138853,0.16239999,2.3860478,0.24656828478768203
1,2,480524.03271016,0.16239999,2.3861816,0.24679366562649674
1,2,480529.03290643473,0.16239999,2.3864298,0.24701904916349865
1,2,480534.03310270945,0.16239999,2.386468,0.2472444320172318
1,2,480539.03329898417,0.16239999,2.386659,0.24746981336054105
1,2,480544.03349525854,0.16239999,2.386487,0.24769519177699567
1,2,480549.03369153314,0.16239999,2.3869262,0.24792057176760318
1,2,480554.03388780775,0.16239999,2.386907,0.2481459528011446
1,2,480559.03408408235,0.16239999,2.386907,0.2483713302327972
1,2,480564.03428035695,0.16239999,2.3870597,0.24859670843543175
1,2,480569.03447663155,0.16239999,2.387308,0.24882208523543325
1,2,480574.03467290616,0.16239999,2.3873842,0.24904746244102036
1,2,480579.03486918076,0.16239999,2.3874416,0.24927284063307342
1,2,480584.03506545536,0.16239999,2.3876514,0.24949822050971354
1,2,480589.0352617302,0.16239999,2.3876705,0.24972360293957738
1,2,480594.03545800503,0.16239999,2.3878806,0.24994898233824453
1,2,480599.03565427987,0.16239999,2.3878806,0.2501743599870948
1,2,480604.0358505547,0.16239999,2.3880334,0.2503997375193435
1,2,480609.03604682954,0.16239999,2.3880525,0.250625117665616
1,2,480614.0362431044,0.16239999,2.3880906,0.2508504973245891
1,2,480619.0364393792,0.16239999,2.3882816,0.2510758799904484
1,2,480624.0366356536,0.16239999,2.3885107,0.25130126127675906
1,2,480629.0368319284,0.16239999,2.3884916,0.25152664318035695
1,2,480634.03702820325,0.16239999,2.3886824,0.2517520261978547
1,2,480639.0372244781,0.16239999,2.388587,0.251977408175907
1,2,480644.0374207529,0.16239999,2.3888543,0.2522027915132988
1,2,480649.03761702776,0.16239999,2.3888352,0.25242817323653716
1,2,480654.0378133026,0.16239999,2.3889878,0.25265355677242396
1,2,480659.03800957743,0.16239999,2.3890452,0.2528789406926713
1,2,480664.03820585227,0.16239999,2.3891788,0.25310432034213576
1,2,480669.0384021271,0.16239999,2.3892932,0.25332970115641323
1,2,480674.03859840194,0.16239999,2.3894079,0.2535550818874561
1,2,480679.0387946768,0.16239999,2.3894842,0.25378046053164605
1,2,480684.0389909516,0.16239999,2.3895414,0.254005839226759
1,2,480689.03918722644,0.16239999,2.389847,0.2542312201694745
1,2,480694.0393835008,0.16239999,2.3897896,0.2544566013548679
1,2,480699.0395797752,0.16239999,2.389847,0.2546819825017285
1,2,480704.03977604955,0.16239999,2.3899615,0.25490736075461723
1,2,480709.0399723239,0.16239999,2.390076,0.2551327402586331
1,2,480714.0401685983,0.16239999,2.3901525,0.2553581190376396
1,2,480719.04036487266,0.16239999,2.3902478,0.2555834988997768
1,2,480724.04056114703,0.16239999,2.3904006,0.2558088799578836
1,2,480729.0407574214,0.16239999,2.3904579,0.25603425945136515
1,2,480734.0409536958,0.16239999,2.3903623,0.2562596383158199
1,2,480739.04114997014,0.16239999,2.3906105,0.2564850173043731
1,2,480744.0413462445,0.16239999,2.390515,0.2567103949600059
1,2,480749.0415425189,0.16239999,2.3907251,0.2569357711254009
1,2,480754.04173879325,0.16239999,2.3908968,0.25716114636000065
1,2,480759.0419350676,0.16239999,2.3911068,0.2573865212603806
1,2,480764.042131342,0.16239999,2.3909733,0.2576118975596658
1,2,480769.04232761636,0.16239999,2.3911068,0.25783727360751957
1,2,480774.04252389073,0.16239999,2.391126,0.25806264926211514
1,2,480779.0427201651,0.16239999,2.391374,0.2582880269114298
1,2,480784.0429164395,0.16239999,2.391336,0.2585134059570272
1,2,480789.04311271384,0.16239999,2.3915079,0.25873878422551494
1,2,480794.0433089882,0.16239999,2.391527,0.2589641642644916
1,2,480799.0435052626,0.16239999,2.3917751,0.25918954335633226
1,2,480804.04370153695,0.16239999,2.3920233,0.25941492294065466
1,2,480809.0438978113,0.16239999,2.392004,0.25964030383586445
1,2,480814.0440940857,0.16239999,2.3920996,0.2598656887110759
1,2,480819.04429036006,0.16239999,2.392214,0.2600910737100986
1,2,480824.04448663443,0.16239999,2.3922713,0.26031645998542563
1,2,480829.0446829088,0.16239999,2.3923287,0.26054184566309607
1,2,480834.0448791832,0.16239999,2.392424,0.26076723130510304
1,2,480839.04507545754,0.16239999,2.392577,0.2609926166463177
1,2,480844.0452717319,0.16239999,2.3927295,0.2612180014482924
1,2,480849.0454680063,0.16239999,2.3928058,0.2614433856157798
1,2,480854.04566428065,0.16239999,2.3929014,0.2616687697697974
1,2,480859.045860555,0.16239999,2.3928442,0.26189415384077996
1,2,480864.0460568294,0.16239999,2.393073,0.2621195378912262
1,2,480869.04625310376,0.16239999,2.3930924,0.2623449191761643
1,2,480874.04644937813,0.16239999,2.3932831,0.26257029863418613
1,2,480879.0466456525,0.16239999,2.3933022,0.26279567781688
1,2,480884.0468419269,0.16239999,2.3933978,0.2630210560074918
1,2,480889.04703820124,0.16239999,2.393455,0.26324643200011033
1,2,480894.0472344756,0.16239999,2.393665,0.2634718083405716
1,2,480899.04743075,0.16239999,2.3935695,0.26369718808311365
1,2,480904.04762702435,0.16239999,2.393646,0.2639225651737623
1,2,480909.0478232987,0.16239999,2.393875,0.2641479443866318
1,2,480914.0480195731,0.16239999,2.393894,0.2643733219987648
1,2,480919.04821584746,0.16239999,2.393875,0.26459870007440583
1,2,480924.04841212183,0.16239999,2.394123,0.26482408129801077
1,2,480929.0486083962,0.16239999,2.3939705,0.2650494625475437
1,2,480934.0488046706,0.16239999,2.3940277,0.26527484463211204
1,2,480939.04900094494,0.16239999,2.3941422,0.26550022629034575
1,2,480944.0491972193,0.16239999,2.3944285,0.26572560767776576
1,2,480949.0493934937,0.16239999,2.3945432,0.26595098634366005
1,2,480954.04958976805,0.16239999,2.3943713,0.2661763668409476
1,2,480959.0497860424,0.16239999,2.3946004,0.2664017485356784
1,2,480964.0499823168,0.16239999,2.394486,0.2666271292853047
1,2,480969.05017859116,0.16239999,2.3946958,0.2668525073615865
1,2,480974.05037486553,0.16239999,2.3946958,0.2670778852326553
1,2,480979.0505711399,0.16239999,2.3948677,0.26730326351882494
1,2,480984.0507674143,0.16239999,2.3948677,0.267528643770495
1,2,480989.05096368864,0.16239999,2.3950968,0.26775402456888203
1,2,480994.051159963,0.16239999,2.3951159,0.26797940484746935
1,2,480999.0513562374,0.16239999,2.395154,0.2682047846366173
1,2,481004.05155251175,0.16239999,2.395135,0.26843016397297853
1,2,481009.0517487861,0.16239999,2.395173,0.26865554430326793
1,2,481014.0519450605,0.16239999,2.3953831,0.26888092692802323
1,2,481019.05214133486,0.16239999,2.3954022,0.2691063072204074
1,2,481024.05233760923,0.16239999,2.3954976,0.26933168646572175
1,2,481029.0525338836,0.16239999,2.395555,0.26955706505338245
1,2,481034.052730158,0.16239999,2.3956695,0.2697824400796333
1,2,481039.05292643234,0.16239999,2.3956885,0.2700078155772609
1,2,481044.0531227067,0.16239999,2.3959177,0.27023319213388586
1,2,481049.0533189811,0.16239999,2.396032,0.2704585694523294
1,2,481054.05351525545,0.16239999,2.3959177,0.2706839460655837
1,2,481059.0537115298,0.16239999,2.3963184,0.2709093239631766
1,2,481064.0539078042,0.16239999,2.3963568,0.2711347040323579
1,2,481069.05410407856,0.16239999,2.3963377,0.27136008385098115
1,2,481074.05430035293,0.16239999,2.3963568,0.27158546081598567
1,2,481079.0544966273,0.16239999,2.3965666,0.271810840897833
1,2,481084.05469290214,0.16239999,2.3964713,0.2720362193170898
1,2,481089.054889177,0.16239999,2.3964522,0.27226159781066706
1,2,481094.05508545134,0.16239999,2.3965666,0.272486975497762
1,2,481099.0552817262,0.16239999,2.3967767,0.27271235623480095
1,2,481104.055478001,0.16239999,2.396834,0.27293773753343403
1,2,481109.05567427585,0.16239999,2.3969867,0.2731631180769408
1,2,481114.0558705507,0.16239999,2.3969486,0.2733884987249031
1,2,481119.0560668255,0.16239999,2.397082,0.27361387774340934
1,2,481124.05626310036,0.16239999,2.3971968,0.27383925733442566
1,2,481129.0564593752,0.16239999,2.397254,0.2740646380330304
1,2,481134.05665565,0.16239999,2.3974066,0.27429001712232626
1,2,481139.05685192486,0.16239999,2.3973494,0.2745153984256011
1,2,481144.0570481997,0.16239999,2.397445,0.27474078015485537
1,2,481149.05724447453,0.16239999,2.397445,0.2749661586542689
1,2,481154.05744074937,0.16239999,2.3975785,0.2751915359355572
1,2,481159.0576370242,0.16239999,2.3977313,0.27541691615460695
1,2,481164.05783329904,0.16239999,2.3977313,0.27564229513285193
1,2,481169.0580295739,0.16239999,2.3980558,0.2758676768671188
1,2,481174.0582258487,0.16239999,2.397941,0.27609305905818576
1,2,481179.05842212355,0.16239999,2.3978648,0.27631843682916596
1,2,481184.05861839815,0.16239999,2.397941,0.27654381402198275
1,2,481189.05881467275,0.16239999,2.3981512,0.27676919055741084
1,2,481194.05901094736,0.16239999,2.398132,0.2769945653336186
1,2,481199.05920722196,0.16239999,2.3983421,0.2772199425944087
1,2,481204.05940349656,0.16239999,2.3984566,0.2774453202885403
1,2,481209.05959977116,0.16239999,2.3985903,0.27767070057623555
1,2,481214.05979604577,0.16239999,2.3984947,0.277896078646595
1,2,481219.0599923206,0.16239999,2.3986475,0.27812145592153376
1,2,481224.0601885952,0.16239999,2.3987238,0.27834683491524614
1,2,481229.0603848698,0.16239999,2.3988194,0.2785722166537102
1,2,481234.0605811445,0.16239999,2.3987813,0.27879760044963464
1,2,481239.06077741925,0.16239999,2.398953,0.2790229850336443
1,2,481244.06097369397,0.16239999,2.3991058,0.27924837176788986
1,2,481249.0611699687,0.16239999,2.3992393,0.27947375762851673
1,2,481254.0613662434,0.16239999,2.3992202,0.27969914291866094
1,2,481259.0615625181,0.16239999,2.3992202,0.2799245270150624
1,2,481264.06175879284,0.16239999,2.3992393,0.2801499113544471
1,2,481269.06195506756,0.16239999,2.3994112,0.2803752952612155
1,2,481274.0621513423,0.16239999,2.3995638,0.2806006789963689
1,2,481279.062347617,0.16239999,2.3995447,0.28082606229210366
1,2,481284.0625438916,0.16239999,2.3996785,0.28105144435363644
1,2,481289.06274016626,0.16239999,2.3997548,0.2812768264826425
1,2,481294.062936441,0.16239999,2.3998501,0.2815022075959581
1,2,481299.0631327157,0.16239999,2.399831,0.2817275878961331
1,2,481304.0633289904,0.16239999,2.3997357,0.2819529691446023
1,2,481309.0635252651,0.16239999,2.3998885,0.2821783531904937
1,2,481314.0637215398,0.16239999,2.400003,0.28240373440600397
1,2,481319.0639178145,0.16239999,2.3999648,0.28262911591206286
1,2,481324.06411408924,0.16239999,2.4000602,0.28285449498304766
1,2,481329.06431036396,0.16239999,2.4000793,0.2830798738668623
1,2,481334.06450663856,0.16239999,2.4001749,0.2833052521499366
1,2,481339.06470291317,0.16239999,2.4003274,0.2835306285431828
1,2,481344.06489918777,0.16239999,2.4005375,0.2837560059066212
1,2,481349.06509546237,0.16239999,2.4004612,0.28398138432622577
1,2,481354.065291737,0.16239999,2.4004993,0.28420676411292745
1,2,481359.0654880116,0.16239999,2.4004612,0.2844321405916301
1,2,481364.0656842857,0.16239999,2.4007857,0.28465751677110585
1,2,481369.0658805603,0.16239999,2.4007475,0.28488289355989255
1,2,481374.0660768349,0.16239999,2.4007857,0.2851082685748682
1,2,481379.0662731095,0.16239999,2.4007475,0.2853336457089388
1,2,481384.06646938436,0.16239999,2.4009383,0.28555902263451405
1,2,481389.0666656592,0.16239999,2.4009001,0.2857844015115818
1,2,481394.066861934,0.16239999,2.4010339,0.28600977922375376
1,2,481399.06705820886,0.16239999,2.4011102,0.2862351579147358
1,2,481404.0672544837,0.16239999,2.4012055,0.2864605369000663
1,2,481409.06745075854,0.16239999,2.4014156,0.2866859182366005
1,2,481414.0676470334,0.16239999,2.4014156,0.286911297689738
1,2,481419.0678433082,0.16239999,2.4015112,0.2871366769710585
1,2,481424.06803958304,0.16239999,2.401492,0.2873620579686442
1,2,481429.0682358579,0.16239999,2.4016829,0.28758743830592143
1,2,481434.0684321327,0.16239999,2.4016638,0.28781281936205466
1,2,481439.06862840755,0.16239999,2.4018548,0.28803820137549974
1,2,481444.0688246824,0.16239999,2.4017594,0.28826358370986616
1,2,481449.0690209572,0.16239999,2.401912,0.2884889650959136
1,2,481454.06921723206,0.16239999,2.401931,0.2887143472859805
1,2,481459.0694135069,0.16239999,2.4020073,0.2889397275872772
1,2,481464.0696097817,0.16239999,2.402122,0.2891651080855838
1,2,481469.06980605656,0.16239999,2.402122,0.2893904892103079
1,2,481474.0700023314,0.16239999,2.4022555,0.2896158725071114
1,2,481479.07019860623,0.16239999,2.4022746,0.2898412575436544
1,2,481484.07039488107,0.16239999,2.4022365,0.29006663939466115
1,2,481489.07059115544,0.16239999,2.4024465,0.290292021670572
1,2,481494.0707874298,0.16239999,2.4023893,0.2905174015773191
1,2,481499.0709837042,0.16239999,2.4024847,0.29074278623699185
1,2,481504.07117997855,0.16239999,2.4025993,0.2909681709981912
1,2,481509.0713762529,0.16239999,2.4026184,0.29119355321318613
1,2,481514.0715725273,0.16239999,2.4026184,0.2914189327027413
1,2,481519.07176880166,0.16239999,2.4028091,0.2916443120036469
1,2,481524.07196507603,0.16239999,2.4028091,0.2918696909977359
1,2,481529.0721613504,0.16239999,2.4028666,0.2920950690281271
1,2,481534.07235762477,0.16239999,2.402981,0.29232044864404405
1,2,481539.07255389914,0.16239999,2.4030955,0.29254582397951967
1,2,481544.0727501735,0.16239999,2.4030383,0.29277119999438145
1,2,481549.0729464479,0.16239999,2.4032865,0.29299657510949206
1,2,481554.07314272225,0.16239999,2.403153,0.29322194954351616
1,2,481559.0733389966,0.16239999,2.4034393,0.29344732531686407
1,2,481564.073535271,0.16239999,2.4034774,0.2936727005816726
1,2,481569.07373154536,0.16239999,2.4035156,0.2938980765212943
1,2,481574.0739278197,0.16239999,2.4035537,0.29412344764462556
1,2,481579.0741240941,0.16239999,2.4035347,0.29434881937010615
1,2,481584.07432036847,0.16239999,2.4038782,0.29457419244575284
1,2,481589.07451664284,0.16239999,2.4037066,0.29479956523687506
1,2,481594.0747129172,0.16239999,2.4037447,0.2950249370076477
1,2,481599.0749091916,0.16239999,2.403802,0.2952503079723578
1,2,481604.07510546595,0.16239999,2.404031,0.2954756773178597
1,2,481609.0753017403,0.16239999,2.4038782,0.29570104535894953
1,2,481614.0754980147,0.16239999,2.403993,0.29592641656193663
1,2,481619.07569428906,0.16239999,2.4041646,0.2961517879862689
1,2,481624.0758905634,0.16239999,2.404203,0.2963771598076302
1,2,481629.0760868378,0.16239999,2.4042602,0.29660253148202465
1,2,481634.07628311217,0.16239999,2.4043174,0.2968279026236943
1,2,481639.07647938654,0.16239999,2.4043174,0.29705327598112524
1,2,481644.0766756609,0.16239999,2.4043365,0.29727865024706174
1,2,481649.0768719353,0.16239999,2.404451,0.2975040250957495
1,2,481654.07706820965,0.16239999,2.4045846,0.297729398247234
1,2,481659.077264484,0.16239999,2.4044702,0.2979547745763323
1,2,481664.0774607584,0.16239999,2.4047182,0.29818015413835425
1,2,481669.07765703276,0.16239999,2.4047375,0.2984055342435343
1,2,481674.0778533071,0.16239999,2.404699,0.29863091313827894
1,2,481679.0780495815,0.16239999,2.4047375,0.29885629125316054
1,2,481684.07824585587,0.16239999,2.4049473,0.29908166911125045
1,2,481689.07844213024,0.16239999,2.405043,0.29930704558010346
1,2,481694.0786384046,0.16239999,2.405272,0.29953241967837047
1,2,481699.078834679,0.16239999,2.4051,0.2997577958923118
1,2,481704.07903095335,0.16239999,2.4051955,0.2999831735051559
1,2,481709.0792272277,0.16239999,2.4053292,0.30020855444180833
1,2,481714.0794235021,0.16239999,2.4053102,0.3004339341072319
1,2,481719.07961977646,0.16239999,2.4054627,0.300659313789916
1,2,481724.0798160508,0.16239999,2.4054627,0.3008846933247566
1,2,481729.0800123252,0.16239999,2.405501,0.30111007333831935
1,2,481734.08020859957,0.16239999,2.4056156,0.3013354534626739
1,2,481739.08040487394,0.16239999,2.4056346,0.30156083548990503
1,2,481744.0806011483,0.16239999,2.405711,0.3017862161350982
1,2,481749.0807974227,0.16239999,2.4058447,0.3020115948059347
1,2,481754.08099369705,0.16239999,2.405921,0.3022369772293795
1,2,481759.0811899714,0.16239999,2.4058256,0.3024623583834142
1,2,481764.0813862458,0.16239999,2.4058638,0.3026877384373798
1,2,481769.08158252016,0.16239999,2.405902,0.30291311460477316
1,2,481774.0817787945,0.16239999,2.40594,0.3031384943175609
1,2,481779.0819750689,0.16239999,2.4060354,0.3033638711225932
1,2,481784.08217134327,0.16239999,2.406093,0.30358924523221903
1,2,481789.08236761764,0.16239999,2.4062455,0.3038146201431341
1,2,481794.082563892,0.16239999,2.4063408,0.3040399920323975
1,2,481799.0827601664,0.16239999,2.4062836,0.3042653641856532
1,2,481804.08295644075,0.16239999,2.4064746,0.3044907384636423
1,2,481809.0831527151,0.16239999,2.406551,0.30471611238203156
1,2,481814.0833489895,0.16239999,2.4064746,0.3049414865641987
1,2,481819.08354526386,0.16239999,2.4066274,0.30516686258652104
1,2,481824.0837415382,0.16239999,2.406589,0.3053922385553142
1,2,481829.0839378126,0.16239999,2.4067228,0.3056176134168659
1,2,481834.08413408697,0.16239999,2.40678,0.30584298720593295
1,2,481839.08433036134,0.16239999,2.406799,0.3060683608985986
1,2,481844.0845266357,0.16239999,2.4069328,0.30629373347958055
1,2,481849.0847229101,0.16239999,2.4068754,0.30651910710258495
1,2,481854.08491918445,0.16239999,2.4070854,0.30674448069384075
1,2,481859.0851154588,0.16239999,2.4070473,0.306969854332397
1,2,481864.0853117332,0.16239999,2.4071236,0.3071952298349701
1,2,481869.08550800756,0.16239999,2.4072382,0.3074206060621784
1,2,481874.0857042819,0.16239999,2.4073718,0.30764598012146976
1,2,481879.0859005563,0.16239999,2.4075437,0.30787135291970236
1,2,481884.08609683113,0.16239999,2.4074864,0.3080967249038067
1,2,481889.08629310597,0.16239999,2.4076009,0.30832209673823713
1,2,481894.0864893808,0.16239999,2.4074864,0.3085474673779156
1,2,481899.08668565564,0.16239999,2.4075246,0.30877283723944804
1,2,481904.0868819305,0.16239999,2.4075055,0.3089982085625832
1,2,481909.0870782053,0.16239999,2.4077156,0.30922358034497466
1,2,481914.08727448015,0.16239999,2.407811,0.3094489521057884
1,2,481919.087470755,0.16239999,2.4078872,0.30967432492387176
1,2,481924.0876670298,0.16239999,2.4079444,0.309899697935883
1,2,481929.08786330465,0.16239999,2.4081354,0.3101250679240513
1,2,481934.0880595795,0.16239999,2.4079444,0.3103504407407638
1,2,481939.0882558543,0.16239999,2.4081736,0.3105758144730839
1,2,481944.08845212916,0.16239999,2.4083455,0.3108011876070628
1,2,481949.088648404,0.16239999,2.4082692,0.31102655984733385
1,2,481954.08884467883,0.16239999,2.4083836,0.3112519318385468
1,2,481959.08904095367,0.16239999,2.4084027,0.3114773069081361
1,2,481964.0892372285,0.16239999,2.4085555,0.31170268206327206
1,2,481969.08943350334,0.16239999,2.4085937,0.3119280568511408
1,2,481974.0896297782,0.16239999,2.408708,0.3121534340719784
1,2,481979.089826053,0.16239999,2.4088228,0.3123788121312919
1,2,481984.0900223276,0.16239999,2.4089181,0.31260418981353405
1,2,481989.0902186022,0.16239999,2.4089372,0.3128295658875998
1,2,481994.0904148768,0.16239999,2.4090326,0.3130549419789451
1,2,481999.0906111514,0.16239999,2.4091663,0.31328031760509856
1,2,482004.090807426,0.16239999,2.4091282,0.31350569244604853
1,2,482009.0910037006,0.16239999,2.4093764,0.3137310686718073
1,2,482014.0911999752,0.16239999,2.4093764,0.31395644586745197
1,2,482019.09139624983,0.16239999,2.409319,0.3141818199942795
1,2,482024.09159252443,0.16239999,2.4093955,0.3144071969450791
1,2,482029.09178879904,0.16239999,2.4093955,0.31463257459965144
1,2,482034.09198507376,0.16239999,2.40951,0.31485794966945757
1,2,482039.0921813485,0.16239999,2.40972,0.3150833252555534
1,2,482044.0923776232,0.16239999,2.4096246,0.31530870009750833
1,2,482049.0925738979,0.16239999,2.4097962,0.3155340762394969
1,2,482054.09277017263,0.16239999,2.4099872,0.31575945004207273
1,2,482059.09296644735,0.16239999,2.409911,0.31598482505381814
1,2,482064.09316272207,0.16239999,2.4099872,0.3162101989520942
1,2,482069.0933589968,0.16239999,2.4099681,0.31643557686566776
1,2,482074.0935552715,0.16239999,2.4099681,0.31666095792765714
1,2,482079.0937515462,0.16239999,2.4099681,0.3168863358674319
1,2,482084.0939478209,0.16239999,2.4100444,0.31711171485459855
1,2,482089.0941440956,0.16239999,2.4100826,0.31733709357810896
1,2,482094.0943403703,0.16239999,2.4101782,0.3175624710988672
1,2,482099.0945366446,0.16239999,2.410159,0.3177878456231352
1,2,482104.09473291924,0.16239999,2.4105408,0.3180132227842473
1,2,482109.09492919396,0.16239999,2.410388,0.31823860153879274
1,2,482114.0951254687,0.16239999,2.410598,0.31846397944390903
1,2,482119.0953217434,0.16239999,2.4104645,0.31868935698677314
1,2,482124.0955180181,0.16239999,2.4105217,0.31891473772207696
1,2,482129.0957142927,0.16239999,2.4105408,0.319140121170609
1,2,482134.0959105673,0.16239999,2.4106362,0.3193655021157212
1,2,482139.0961068419,0.16239999,2.41077,0.31959088306300726
1,2,482144.09630311676,0.16239999,2.4107509,0.3198162612150499
1,2,482149.09649939137,0.16239999,2.4108462,0.32004163893616255
1,2,482154.09669566597,0.16239999,2.41077,0.3202670190063373
1,2,482159.0968919406,0.16239999,2.4109416,0.32049239798993673
1,2,482164.0970882152,0.16239999,2.41098,0.3207177753906926
1,2,482169.0972844898,0.16239999,2.4111516,0.3209431513337648
1,2,482174.0974807644,0.16239999,2.4111135,0.32116852943602425
1,2,482179.097677039,0.16239999,2.4111326,0.32139390505928933
1,2,482184.0978733138,0.16239999,2.4112089,0.32161928222952507
1,2,482189.09806958865,0.16239999,2.4110944,0.32184466021212327
1,2,482194.0982658635,0.16239999,2.4113235,0.32207003853997723
1,2,482199.0984621383,0.16239999,2.411438,0.32229541229666325
1,2,482204.09865841316,0.16239999,2.4114761,0.32252078501108095
1,2,482209.098854688,0.16239999,2.4114952,0.3227461562695393
1,2,482214.09905096283,0.16239999,2.4115527,0.3229715280866662
1,2,482219.09924723767,0.16239999,2.4116862,0.3231969003894989
1,2,482224.0994435125,0.16239999,2.41182,0.3234222732973775
1,2,482229.09963978734,0.16239999,2.4117818,0.3236476471198795
1,2,482234.0998360622,0.16239999,2.411667,0.32387302007841295
1,2,482239.100032337,0.16239999,2.411839,0.3240983940198237
1,2,482244.10022861185,0.16239999,2.4118962,0.32432376862306456
1,2,482249.1004248867,0.16239999,2.4119153,0.3245491435912423
1,2,482254.1006211615,0.16239999,2.4119916,0.32477451716900596
1,2,482259.10081743635,0.16239999,2.4119534,0.32499989403629365
1,2,482264.1010137112,0.16239999,2.4120681,0.32522527010071006
1,2,482269.101209986,0.16239999,2.4122016,0.3254506457097015
1,2,482274.10140626086,0.16239999,2.4122589,0.32567602186558126
1,2,482279.1016025357,0.16239999,2.4123354,0.3259013984428559
1,2,482284.10179881006,0.16239999,2.4123735,0.3261267748271581
1,2,482289.10199508443,0.16239999,2.4123163,0.3263521511875497
1,2,482294.1021913588,0.16239999,2.4125261,0.3265775282650373
1,2,482299.1023876332,0.16239999,2.412488,0.32680290621937214
1,2,482304.10258390754,0.16239999,2.412469,0.32702827953166663
1,2,482309.1027801819,0.16239999,2.4127553,0.32725365154691355
1,2,482314.1029764563,0.16239999,2.4125836,0.3274790217509384
1,2,482319.10317273065,0.16239999,2.4126027,0.32770439149782127
1,2,482324.103369005,0.16239999,2.412698,0.32792976340091623
1,2,482329.1035652794,0.16239999,2.41266,0.3281551390145643
1,2,482334.10376155376,0.16239999,2.4129272,0.3283805134608727
1,2,482339.10395782813,0.16239999,2.412908,0.3286058875000434
1,2,482344.1041541025,0.16239999,2.412908,0.3288312615826865
1,2,482349.1043503769,0.16239999,2.4129844,0.32905663896975484
1,2,482354.10454665124,0.16239999,2.4130034,0.32928201459867906
1,2,482359.1047429256,0.16239999,2.4131944,0.3295073923274898
1,2,482364.1049392,0.16239999,2.4132135,0.32973276967671417
1,2,482369.10513547435,0.16239999,2.4132707,0.3299581478781732
1,2,482374.1053317487,0.16239999,2.413538,0.33018352559775926
1,2,482379.1055280231,0.16239999,2.4135761,0.33040890527370476
1,2,482384.10572429746,0.16239999,2.413538,0.33063428464894895
1,2,482389.10592057183,0.16239999,2.413729,0.3308596639821768
1,2,482394.1061168462,0.16239999,2.4135952,0.33108504469735245
1,2,482399.1063131206,0.16239999,2.4137099,0.331310427647391
1,2,482404.10650939494,0.16239999,2.4137099,0.33153580706196595
1,2,482409.1067056693,0.16239999,2.4138625,0.3317611837039423
1,2,482414.1069019437,0.16239999,2.4138052,0.3319865626355177
1,2,482419.10709821805,0.16239999,2.4139197,0.3322119407310369
1,2,482424.1072944924,0.16239999,2.413939,0.33243731901656826
1,2,482429.1074907668,0.16239999,2.4139962,0.33266269579294977
1,2,482434.10768704116,0.16239999,2.4139006,0.3328880755029659
1,2,482439.10788331553,0.16239999,2.4140725,0.333113454405585
1,2,482444.1080795899,0.16239999,2.414187,0.33333883147387194
1,2,482449.1082758643,0.16239999,2.4142253,0.3335642094454524
1,2,482454.10847213864,0.16239999,2.4142635,0.3337895876901786
1,2,482459.108668413,0.16239999,2.414378,0.3340149646008758
1,2,482464.1088646874,0.16239999,2.4143398,0.3342403409777075
1,2,482469.10906096175,0.16239999,2.414168,0.33446571610978476
1,2,482474.1092572361,0.16239999,2.4143398,0.33469107921430286
1,2,482479.1094535105,0.16239999,2.4144926,0.3349164411278241
1,2,482484.10964978486,0.16239999,2.414588,0.3351418049930117
1,2,482489.10984605923,0.16239999,2.4145498,0.33536717102260954
1,2,482494.1100423336,0.16239999,2.414588,0.33559253534745576
1,2,482499.110238608,0.16239999,2.4147024,0.33581789963513514
1,2,482504.11043488234,0.16239999,2.414798,0.3360432606983655
1,2,482509.1106311567,0.16239999,2.414779,0.33626862050055034
1,2,482514.1108274311,0.16239999,2.4147215,0.3364939792317937
1,2,482519.11102370545,0.16239999,2.4149125,0.33671933528700787
1,2,482524.1112199798,0.16239999,2.4151034,0.33694469392161636
1,2,482529.1114162542,0.16239999,2.4149888,0.33717004737247674
1,2,482534.11161252856,0.16239999,2.4151416,0.3373954039689185
1,2,482539.11180880293,0.16239999,2.4151034,0.3376207637551897
1,2,482544.1120050773,0.16239999,2.4151988,0.33784612459274277
1,2,482549.1122013517,0.16239999,2.415256,0.33807148644571977
1,2,482554.11239762604,0.16239999,2.4153135,0.3382968471948188
1,2,482559.1125939004,0.16239999,2.4154851,0.33852220631741464
1,2,482564.1127901748,0.16239999,2.415466,0.33874756567745057
1,2,482569.11298644915,0.16239999,2.415466,0.33897292344024094
1,2,482574.1131827235,0.16239999,2.415447,0.33919827944453784
1,2,482579.1133789979,0.16239999,2.4157715,0.3394236348495059
1,2,482584.11357527226,0.16239999,2.415676,0.3396489933146766
1,2,482589.11377154663,0.16239999,2.4157906,0.3398743544416665
1,2,482594.113967821,0.16239999,2.4158287,0.3400997136349734
1,2,482599.1141640954,0.16239999,2.4160388,0.3403250709260816
1,2,482604.11436036974,0.16239999,2.4159434,0.3405504289379921
1,2,482609.1145566441,0.16239999,2.4162488,0.34077578512551204
1,2,482614.1147529185,0.16239999,2.4161344,0.34100114224287104
1,2,482619.11494919285,0.16239999,2.4162297,0.3412265013387019
1,2,482624.1151454672,0.16239999,2.4162297,0.34145186224429536
1,2,482629.1153417416,0.16239999,2.4161916,0.34167722314404014
1,2,482634.11553801596,0.16239999,2.4164398,0.3419025859590411
1,2,482639.11573429033,0.16239999,2.416688,0.3421279605851759
1,2,482644.1159305647,0.16239999,2.4165542,0.3423533353029454
1,2,482649.1161268391,0.16239999,2.4166305,0.342578707626307
1,2,482654.11632311344,0.16239999,2.4167833,0.34280407981433864
1,2,482659.1165193878,0.16239999,2.4166498,0.3430294517838688
1,2,482664.1167156622,0.16239999,2.416707,0.34325482222411263
1,2,482669.11691193655,0.16239999,2.4166498,0.34348019223313675
1,2,482674.1171082109,0.16239999,2.416688,0.34370556608653874
1,2,482679.11730448576,0.16239999,2.4170506,0.3439309413063375
1,2,482684.1175007606,0.16239999,2.417165,0.34415631575339517
1,2,482689.1176970354,0.16239999,2.417127,0.3443816902970852
1,2,482694.11789331026,0.16239999,2.417165,0.3446070660841637
1,2,482699.1180895851,0.16239999,2.417165,0.34483244345559905
1,2,482704.11828585993,0.16239999,2.4172797,0.3450578238725279
1,2,482709.11848213477,0.16239999,2.4172606,0.34528320079188524
1,2,482714.1186784096,0.16239999,2.4172606,0.34550857682833136
1,2,482719.11887468444,0.16239999,2.417375,0.34573395536821727
1,2,482724.1190709593,0.16239999,2.4172988,0.3459593326225444
1,2,482729.1192672341,0.16239999,2.4174323,0.34618471177478277
1,2,482734.11946350895,0.16239999,2.4174323,0.34641009193200345
1,2,482739.1196597838,0.16239999,2.417566,0.34663547406791706
1,2,482744.1198560586,0.16239999,2.4174707,0.3468608542004018
1,2,482749.12005233346,0.16239999,2.417528,0.34708623515832315
1,2,482754.1202486083,0.16239999,2.417528,0.3473116136522547
1,2,482759.1204448831,0.16239999,2.4177186,0.34753699277102423
1,2,482764.12064115796,0.16239999,2.4176042,0.347762369668707
1,2,482769.1208374328,0.16239999,2.4178524,0.34798774809075783
1,2,482774.12103370763,0.16239999,2.4177952,0.3482131277470205
1,2,482779.12122998224,0.16239999,2.4179478,0.3484385098297585
1,2,482784.12142625684,0.16239999,2.4180052,0.3486638934799985
1,2,482789.12162253144,0.16239999,2.4179668,0.3488892773415013
1,2,482794.12181880604,0.16239999,2.4181578,0.34911466235540867
1,2,482799.12201508065,0.16239999,2.4180624,0.349340048023265
1,2,482804.12221135525,0.16239999,2.4183679,0.3495654330159324
1,2,482809.12240762985,0.16239999,2.418234,0.34979081593127276
1,2,482814.12260390446,0.16239999,2.418425,0.3500161957233231
1,2,482819.12280017906,0.16239999,2.418387,0.35024157306581377
1,2,482824.12299645366,0.16239999,2.4182725,0.35046695335686345
1,2,482829.1231927284,0.16239999,2.4185398,0.3506923346075297
1,2,482834.1233890031,0.16239999,2.418578,0.3509177167501298
1,2,482839.12358527735,0.16239999,2.418578,0.35114310077613814
1,2,482844.1237815521,0.16239999,2.418597,0.35136848504201296
1,2,482849.1239778268,0.16239999,2.4185014,0.3515938685234277
1,2,482854.1241741015,0.16239999,2.4185205,0.35181925298523375
1,2,482859.12437037623,0.16239999,2.4187114,0.3520446375688477
1,2,482864.12456665095,0.16239999,2.4187305,0.35227002015751985
1,2,482869.12476292567,0.16239999,2.4188643,0.35249540405898183
1,2,482874.1249592004,0.16239999,2.4189405,0.3527207852108095
1,2,482879.1251554751,0.16239999,2.4189405,0.3529461632344075
1,2,482884.1253517498,0.16239999,2.4189024,0.3531715423322376
1,2,482889.1255480245,0.16239999,2.419036,0.3533969198282856
1,2,482894.1257442992,0.16239999,2.4191315,0.3536222966179937
1,2,482899.1259405739,0.16239999,2.419227,0.3538476730713288
1,2,482904.1261368486,0.16239999,2.4193223,0.35407305196495337
1,2,482909.1263331233,0.16239999,2.419265,0.35429842885094864
1,2,482914.126529398,0.16239999,2.4193797,0.35452380807904055
1,2,482919.12672567274,0.16239999,2.4193988,0.3547491849085612
1,2,482924.12692194746,0.16239999,2.419437,0.3549745618038648
1,2,482929.1271182222,0.16239999,2.419456,0.35519993942720346
1,2,482934.1273144968,0.16239999,2.4195132,0.35542531760046536
1,2,482939.1275107714,0.16239999,2.419475,0.35565069517504
1,2,482944.127707046,0.16239999,2.4195704,0.3558760706641938
1,2,482949.1279033206,0.16239999,2.4197233,0.35610144907356955
1,2,482954.1280995952,0.16239999,2.4197996,0.35632682822336
1,2,482959.1282958698,0.16239999,2.4199715,0.3565522084417847
1,2,482964.12849214463,0.16239999,2.4200287,0.3567775902093863
1,2,482969.12868841924,0.16239999,2.4199905,0.3570029702870323
1,2,482974.12888469384,0.16239999,2.4199142,0.3572283537497337
1,2,482979.12908096844,0.16239999,2.4199142,0.357453738178465
1,2,482984.1292772433,0.16239999,2.4200478,0.3576791225034105
1,2,482989.1294735181,0.16239999,2.4201431,0.3579045086102625
1,2,482994.12966979295,0.16239999,2.4202387,0.3581298953433673
1,2,482999.1298660678,0.16239999,2.4203913,0.35835528369145087
1,2,483004.1300623426,0.16239999,2.420296,0.3585806700651297
1,2,483009.13025861746,0.16239999,2.4204104,0.3588060572993349
1,2,483014.1304548923,0.16239999,2.420525,0.35903144457067876
1,2,483019.1306511671,0.16239999,2.4204679,0.3592568281408912
1,2,483024.13084744196,0.16239999,2.420334,0.3594822102077512
1,2,483029.1310437168,0.16239999,2.420525,0.35970759346813536
1,2,483034.13123999164,0.16239999,2.4206204,0.3599329766654761
1,2,483039.13143626647,0.16239999,2.4206395,0.36015836074426266
1,2,483044.1316325413,0.16239999,2.4207733,0.3603837437123192
1,2,483049.13182881614,0.16239999,2.4208686,0.36060912803418266
1,2,483054.132025091,0.16239999,2.420945,0.36083451267973243
1,2,483059.1322213658,0.16239999,2.420964,0.36105989792750437
1,2,483064.13241764065,0.16239999,2.4210405,0.3612852819155694
1,2,483069.1326139155,0.16239999,2.4210787,0.36151066855569014
1,2,483074.1328101903,0.16239999,2.4211168,0.36173605546197124
1,2,483079.1330064647,0.16239999,2.4212122,0.3619614406764813
1,2,483084.13320273906,0.16239999,2.4211931,0.36218682744720904
1,2,483089.13339901343,0.16239999,2.421155,0.36241220982817884
1,2,483094.1335952878,0.16239999,2.4212697,0.36263759263936757
1,2,483099.13379156217,0.16239999,2.421384,0.36286297543421053
1,2,483104.13398783654,0.16239999,2.4214413,0.3630883585264964
1,2,483109.1341841109,0.16239999,2.421575,0.36331374167250924
1,2,483114.1343803853,0.16239999,2.4216132,0.3635391241515643
1,2,483119.13457665965,0.16239999,2.4216323,0.3637645035289013
1,2,483124.134772934,0.16239999,2.4218233,0.36398988272049526
1,2,483129.1349692084,0.16239999,2.4216895,0.36421526135585375
1,2,483134.13516548276,0.16239999,2.4218805,0.36444064077845795
1,2,483139.13536175713,0.16239999,2.422014,0.36466601982889985
1,2,483144.1355580315,0.16239999,2.4219186,0.3648914001259356
1,2,483149.13575430587,0.16239999,2.4220521,0.3651167833550026
1,2,483154.13595058024,0.16239999,2.422224,0.36534216806567543
1,2,483159.1361468546,0.16239999,2.4221478,0.3655675503122467
1,2,483164.136343129,0.16239999,2.4221287,0.36579293356450315
1,2,483169.13653940335,0.16239999,2.4223194,0.3660183181354039
1,2,483174.1367356777,0.16239999,2.4223769,0.3662437050692116
1,2,483179.1369319521,0.16239999,2.4223003,0.3664690904638817
1,2,483184.13712822646,0.16239999,2.422415,0.36669447846733616
1,2,483189.1373245008,0.16239999,2.4224913,0.366919866295543
1,2,483194.1375207752,0.16239999,2.4225485,0.36714525369541184
1,2,483199.13771704957,0.16239999,2.4225485,0.36737064294754057
1,2,483204.13791332394,0.16239999,2.4226632,0.36759603090352655
1,2,483209.1381095983,0.16239999,2.4228158,0.36782141894442266
1,2,483214.1383058727,0.16239999,2.4227967,0.3680468074693888
1,2,483219.13850214705,0.16239999,2.4227586,0.36827219610090894
1,2,483224.1386984214,0.16239999,2.4227967,0.36849758321025894
1,2,483229.1388946958,0.16239999,2.4227395,0.3687229655774717
1,2,483234.13909097016,0.16239999,2.4229305,0.36894834906115975
1,2,483239.1392872445,0.16239999,2.4229496,0.36917373219328636
1,2,483244.1394835189,0.16239999,2.4230258,0.3693991160161621
1,2,483249.13967979327,0.16239999,2.4231405,0.36962449853210666
1,2,483254.13987606764,0.16239999,2.423083,0.3698498817803812
1,2,483259.140072342,0.16239999,2.4233694,0.3700752669446777
1,2,483264.1402686164,0.16239999,2.4231977,0.37030065176079363
1,2,483269.14046489075,0.16239999,2.423274,0.37052603524182676
1,2,483274.1406611651,0.16239999,2.4233694,0.3707514187037765
1,2,483279.1408574395,0.16239999,2.423446,0.3709768005195312
1,2,483284.14105371386,0.16239999,2.4234269,0.3712021807389618
1,2,483289.1412499882,0.16239999,2.4236557,0.37142756044073344
1,2,483294.1414462626,0.16239999,2.4236941,0.371652941805882
1,2,483299.14164253697,0.16239999,2.4236176,0.37187832304825325
1,2,483304.14183881134,0.16239999,2.4237704,0.3721037043321251
1,2,483309.1420350857,0.16239999,2.423923,0.37232908405240317
1,2,483314.1422313601,0.16239999,2.4241712,0.37255446408649473
1,2,483319.14242763445,0.16239999,2.424114,0.37277984548625703
1,2,483324.1426239088,0.16239999,2.4242477,0.3730052267672612
1,2,483329.1428201832,0.16239999,2.4241712,0.37323060926434254
1,2,483334.14301645756,0.16239999,2.4242477,0.3734559906646206
1,2,483339.1432127319,0.16239999,2.4244576,0.37368137291555376
1,2,483344.1434090063,0.16239999,2.424496,0.37390675694008857
1,2,483349.14360528067,0.16239999,2.4244194,0.37413213912287047
1,2,483354.14380155504,0.16239999,2.4244194,0.37435752086699775
1,2,483359.1439978294,0.16239999,2.4245722,0.37458290547447093
1,2,483364.1441941038,0.16239999,2.424515,0.37480829073497424
1,2,483369.14439037815,0.16239999,2.4245913,0.3750336772002853
1,2,483374.1445866525,0.16239999,2.424763,0.3752590639667985
1,2,483379.1447829269,0.16239999,2.424534,0.37548444861198155
1,2,483384.14497920126,0.16239999,2.4247057,0.37570983218053666
1,2,483389.1451754756,0.16239999,2.424763,0.3759352140909957
1,2,483394.14537175,0.16239999,2.4248586,0.3761605962070916
1,2,483399.14556802437,0.16239999,2.4247823,0.3763859808215269
1,2,483404.14576429874,0.16239999,2.424992,0.3766113668725592
1,2,483409.1459605731,0.16239999,2.4250686,0.37683675297987235
1,2,483414.1461568475,0.16239999,2.4251068,0.37706213825806084
1,2,483419.14635312185,0.16239999,2.4250686,0.37728752366189594
1,2,483424.1465493962,0.16239999,2.4252021,0.3775129110719762
1,2,483429.1467456706,0.16239999,2.425164,0.37773830105943335
1,2,483434.14694194496,0.16239999,2.4252784,0.37796369102300886
1,2,483439.1471382193,0.16239999,2.4253168,0.3781890783556892
1,2,483444.1473344937,0.16239999,2.4254503,0.37841446460317507
1,2,483449.14753076807,0.16239999,2.4254885,0.37863985185211585
1,2,483454.14772704244,0.16239999,2.4255457,0.378865239151401
1,2,483459.1479233168,0.16239999,2.4256222,0.3790906246023561
1,2,483464.1481195912,0.16239999,2.4257748,0.37931601297907636
1,2,483469.14831586555,0.16239999,2.4256413,0.37954140128749214
1,2,483474.1485121404,0.16239999,2.4257367,0.37976678880895365
1,2,483479.1487084152,0.16239999,2.4257557,0.3799921767568243
1,2,483484.14890469005,0.16239999,2.4259658,0.38021756372493526
1,2,483489.1491009649,0.16239999,2.4258704,0.38044294942282325
1,2,483494.1492972397,0.16239999,2.426004,0.3806683329639793
1,2,483499.14949351456,0.16239999,2.4261186,0.38089371516486775
1,2,483504.1496897894,0.16239999,2.4261568,0.3811190994127875
1,2,483509.14988606423,0.16239999,2.4261186,0.381344484123731
1,2,483514.15008233907,0.16239999,2.4260993,0.38156986706066065
1,2,483519.1502786139,0.16239999,2.4262521,0.38179524606079623
1,2,483524.15047488874,0.16239999,2.4263284,0.3820206237425681
1,2,483529.1506711636,0.16239999,2.4263475,0.3822460032721395
1,2,483534.1508674384,0.16239999,2.4263475,0.382471380121468
1,2,483539.15106371325,0.16239999,2.426405,0.3826967562068139
1,2,483544.1512599881,0.16239999,2.4265766,0.382922130724066
1,2,483549.1514562629,0.16239999,2.4265766,0.38314750424906546
1,2,483554.15165253775,0.16239999,2.4267104,0.38337288023175237
1,2,483559.1518488126,0.16239999,2.4268248,0.38359825413817683
1,2,483564.1520450874,0.16239999,2.4268248,0.38382363041598205
1,2,483569.15224136226,0.16239999,2.4267485,0.3840490110604244
1,2,483574.15243763686,0.16239999,2.427054,0.3842743922129491
1,2,483579.152633911,0.16239999,2.4269776,0.3844997703752719
1,2,483584.1528301856,0.16239999,2.4270349,0.3847251508562352
1,2,483589.1530264602,0.16239999,2.4271684,0.38495052910669336
1,2,483594.1532227348,0.16239999,2.427283,0.38517591183768235
1,2,483599.1534190094,0.16239999,2.4273212,0.38540129167176224
1,2,483604.153615284,0.16239999,2.4275122,0.3856266743269366
1,2,483609.1538115586,0.16239999,2.4273975,0.3858520560943751
1,2,483614.1540078332,0.16239999,2.4273975,0.38607743513248466
1,2,483619.1542041078,0.16239999,2.4274356,0.38630281509792325
1,2,483624.15440038254,0.16239999,2.427493,0.38652819566879354
1,2,483629.15459665726,0.16239999,2.4275885,0.3867535766627343
1,2,483634.154792932,0.16239999,2.427703,0.38697895668530397
1,2,483639.1549892067,0.16239999,2.4278939,0.38720433312731417
1,2,483644.1551854814,0.16239999,2.4277985,0.38742970816118283
1,2,483649.15538175614,0.16239999,2.4278176,0.38765508388924114
1,2,483654.15557803086,0.16239999,2.4278557,0.3878804601900239
1,2,483659.1557743056,0.16239999,2.4278939,0.38810583669668364
1,2,483664.1559705803,0.16239999,2.428142,0.3883312154565504
1,2,483669.156166855,0.16239999,2.4280849,0.38855659658136976
1,2,483674.15636312973,0.16239999,2.4281611,0.3887819759130703
1,2,483679.15655940445,0.16239999,2.4282374,0.38900735547195553
1,2,483684.1567556791,0.16239999,2.4281802,0.38923273563583954
1,2,483689.15695195383,0.16239999,2.4281993,0.38945811231522853
1,2,483694.15714822855,0.16239999,2.4283712,0.38968349035971295
1,2,483699.1573445032,0.16239999,2.428295,0.38990886926956486
1,2,483704.15754077816,0.16239999,2.4284093,0.39013424715401906
1,2,483709.1577370529,0.16239999,2.4283903,0.39035962345939307
1,2,483714.1579333276,0.16239999,2.4283903,0.3905850021241209
1,2,483719.1581296023,0.16239999,2.4284856,0.3908103781632633
1,2,483724.15832587704,0.16239999,2.4285238,0.3910357556530478
1,2,483729.15852215164,0.16239999,2.4286194,0.3912611327828741
1,2,483734.15871842625,0.16239999,2.4286766,0.3914865090699056
1,2,483739.15891470085,0.16239999,2.4286385,0.3917118813918259
1,2,483744.15911097545,0.16239999,2.4288294,0.3919372522631098
1,2,483749.15930725005,0.16239999,2.4288294,0.3921626216015626
1,2,483754.15950352466,0.16239999,2.428982,0.392387992507904
1,2,483759.15969979926,0.16239999,2.428982,0.39261336375104144
1,2,483764.15989607363,0.16239999,2.4290774,0.3928387334137766
1,2,483769.16009234823,0.16239999,2.4290202,0.393064102646182
1,2,483774.16028862307,0.16239999,2.4290583,0.3932894747342981
1,2,483779.1604848979,0.16239999,2.4292111,0.3935148436899393
1,2,483784.16068117274,0.16239999,2.429383,0.3937402177637518
1,2,483789.1608774476,0.16239999,2.4295547,0.39396559469891507
1,2,483794.1610737224,0.16239999,2.429402,0.39419096983460833
1,2,483799.16126999725,0.16239999,2.4295166,0.39441634535976
1,2,483804.1614662721,0.16239999,2.4294975,0.3946417208049065
1,2,483809.1616625469,0.16239999,2.429612,0.39486709666060815
1,2,483814.16185882175,0.16239999,2.4297266,0.3950924719006733
1,2,483819.1620550966,0.16239999,2.4297647,0.3953178488596412
1,2,483824.1622513714,0.16239999,2.4299176,0.3955432265927302
1,2,483829.16244764626,0.16239999,2.4297266,0.39576860490653326
1,2,483834.1626439211,0.16239999,2.429803,0.39599398402669606
1,2,483839.16284019593,0.16239999,2.430051,0.39621936263726726
1,2,483844.1630364703,0.16239999,2.4300892,0.3964447407744062
1,2,483849.16323274514,0.16239999,2.4301083,0.3966701191485639
1,2,483854.16342902,0.16239999,2.430223,0.3968954973033401
1,2,483859.1636252948,0.16239999,2.430032,0.39712087766149223
1,2,483864.16382156964,0.16239999,2.4302802,0.3973462561911195
1,2,483869.1640178445,0.16239999,2.430204,0.3975716355597741
1,2,483874.1642141193,0.16239999,2.4301465,0.3977970154831459
1,2,483879.1644103937,0.16239999,2.4305284,0.3980223971865831
1,2,483884.16460666806,0.16239999,2.4304137,0.3982477805653065
1,2,483889.1648029424,0.16239999,2.4304903,0.39847316305678254
1,2,483894.1649992168,0.16239999,2.4305284,0.3986985458202759
1,2,483899.16519549116,0.16239999,2.4304903,0.39892393145087357
1,2,483904.16539176553,0.16239999,2.430662,0.399149316733049
1,2,483909.1655880399,0.16239999,2.4306428,0.39937469973793704
1,2,483914.1657843143,0.16239999,2.430853,0.39960008278916526
1,2,483919.16598058864,0.16239999,2.430891,0.3998254666293553
1,2,483924.166176863,0.16239999,2.430872,0.4000508479917364
1,2,483929.1663731374,0.16239999,2.4309673,0.4002762289355058
1,2,483934.16656941175,0.16239999,2.431063,0.40050160823809605
1,2,483939.1667656861,0.16239999,2.4312155,0.40072698646375127
1,2,483944.1669619605,0.16239999,2.4311392,0.4009523661817346
1,2,483949.16715823486,0.16239999,2.431273,0.40117774191528977
1,2,483954.16735450923,0.16239999,2.4314065,0.40140311778337845
1,2,483959.1675507836,0.16239999,2.4313684,0.4016284916530881
1,2,483964.167747058,0.16239999,2.4314828,0.40185386802497014
1,2,483969.16794333234,0.16239999,2.4314637,0.40207924482501883
1,2,483974.1681396067,0.16239999,2.4314256,0.4023046228652895
1,2,483979.1683358811,0.16239999,2.4314446,0.4025300014760015
1,2,483984.16853215545,0.16239999,2.4316738,0.40275537871552847
1,2,483989.1687284298,0.16239999,2.431731,0.40298075578211007
1,2,483994.1689247042,0.16239999,2.4315784,0.40320613011783035
1,2,483999.16912097856,0.16239999,2.43175,0.403431502432079
1,2,484004.16931725293,0.16239999,2.4317882,0.4036568772297436
1,2,484009.1695135273,0.16239999,2.4320939,0.4038822538784031
1,2,484014.1697098017,0.16239999,2.43196,0.4041076294178293
1,2,484019.16990607604,0.16239999,2.432113,0.4043330031472056
1,2,484024.1701023504,0.16239999,2.4322083,0.40455837883296447
1,2,484029.1702986248,0.16239999,2.4322655,0.4047837512522903
1,2,484034.17049489915,0.16239999,2.4323037,0.4050091246029139
1,2,484039.1706911735,0.16239999,2.4323611,0.40523449901605235
1,2,484044.1708874479,0.16239999,2.4324946,0.40545987349395124
1,2,484049.17108372226,0.16239999,2.4323993,0.4056852455880849
1,2,484054.17127999663,0.16239999,2.4326475,0.4059106163376901
1,2,484059.171476271,0.16239999,2.4324756,0.4061359849389999
1,2,484064.1716725454,0.16239999,2.4325328,0.4063613564046746
1,2,484069.17186881974,0.16239999,2.4323227,0.40658673067310536
1,2,484074.1720650941,0.16239999,2.4324183,0.40681210586638583
1,2,484079.1722613685,0.16239999,2.4326284,0.40703748205483786
1,2,484084.17245764285,0.16239999,2.432762,0.40726285782568733
1,2,484089.1726539172,0.16239999,2.4327047,0.40748823270164675
1,2,484094.1728501916,0.16239999,2.4326856,0.40771360797994
1,2,484099.17304646596,0.16239999,2.4329338,0.40793898601623535
1,2,484104.17324274033,0.16239999,2.4328957,0.408164363884997
1,2,484109.1734390147,0.16239999,2.4330673,0.40838974102855385
1,2,484114.1736352891,0.16239999,2.4330673,0.4086151175388006
1,2,484119.17383156344,0.16239999,2.43301,0.40884049444360027
1,2,484124.1740278378,0.16239999,2.4332964,0.4090658727888679
1,2,484129.1742241122,0.16239999,2.4332201,0.40929125130182575
1,2,484134.17442038655,0.16239999,2.4333155,0.4095166303171787
1,2,484139.1746166609,0.16239999,2.4331436,0.4097420088816971
1,2,484144.1748129353,0.16239999,2.4333537,0.40996738633026336
1,2,484149.17500920966,0.16239999,2.4333918,0.4101927612498203
1,2,484154.17520548403,0.16239999,2.433621,0.41041813650932485
1,2,484159.1754017584,0.16239999,2.4336972,0.41064351234950447
1,2,484164.1755980328,0.16239999,2.4335446,0.4108688888941911
1,2,484169.17579430714,0.16239999,2.4335828,0.4110942649611109
1,2,484174.1759905815,0.16239999,2.43385,0.4113196401480923
1,2,484179.1761868559,0.16239999,2.4338691,0.4115450202900931
1,2,484184.17638313025,0.16239999,2.43385,0.4117704001940139
1,2,484189.1765794046,0.16239999,2.4339073,0.4119957788615423
1,2,484194.176775679,0.16239999,2.4341364,0.412221156572364
1,2,484199.17697195336,0.16239999,2.434041,0.4124465366796054
1,2,484204.17716822773,0.16239999,2.4341173,0.41267191603298214
1,2,484209.1773645021,0.16239999,2.4342127,0.4128972967439681
1,2,484214.1775607765,0.16239999,2.434251,0.4131226781098021
1,2,484219.17775705084,0.16239999,2.4343846,0.41334805913742856
1,2,484224.1779533252,0.16239999,2.43448,0.4135734393031603
1,2,484229.1781495996,0.16239999,2.4344418,0.4137988182820328
1,2,484234.17834587395,0.16239999,2.4345946,0.41402419539608204
1,2,484239.1785421483,0.16239999,2.4345946,0.41424957508063875
1,2,484244.1787384227,0.16239999,2.4346519,0.41447495757038044
1,2,484249.17893469706,0.16239999,2.434862,0.41470033977741727
1,2,484254.17913097143,0.16239999,2.43469,0.4149257178894486
1,2,484259.1793272458,0.16239999,2.4347856,0.4151510989913458
1,2,484264.1795235202,0.16239999,2.4348047,0.41537647774389114
1,2,484269.179719795,0.16239999,2.4349954,0.41560185756705925
1,2,484274.17991606984,0.16239999,2.4350145,0.4158272360619147
1,2,484279.1801123447,0.16239999,2.435072,0.41605261451716363
1,2,484284.1803086195,0.16239999,2.4350336,0.41627799344480837
1,2,484289.18050489435,0.16239999,2.4353008,0.4165033712567601
1,2,484294.1807011692,0.16239999,2.43511,0.4167287491448303
1,2,484299.180897444,0.16239999,2.43511,0.4169541285915388
1,2,484304.18109371886,0.16239999,2.4351864,0.41717950999426145
1,2,484309.1812899937,0.16239999,2.4354918,0.41740488999856806
1,2,484314.18148626806,0.16239999,2.43553,0.4176302719037438
1,2,484319.1816825429,0.16239999,2.4354537,0.4178556534250143
1,2,484324.18187881773,0.16239999,2.4354346,0.4180810370713775
1,2,484329.18207509257,0.16239999,2.4357781,0.41830641986251915
1,2,484334.1822713674,0.16239999,2.435721,0.41853180103972515
1,2,484339.18246764224,0.16239999,2.435721,0.4187571844846031
1,2,484344.1826639171,0.16239999,2.435912,0.4189825686386588
1,2,484349.1828601919,0.16239999,2.43595,0.41920795449331366
1,2,484354.18305646675,0.16239999,2.4359882,0.41943333777095837
1,2,484359.1832527416,0.16239999,2.4360454,0.4196587222215811
1,2,484364.1834490164,0.16239999,2.4360645,0.4198841050781182
1,2,484369.183645291,0.16239999,2.4362173,0.4201094845031513
1,2,484374.1838415656,0.16239999,2.4363127,0.42033486580389534
1,2,484379.1840378402,0.16239999,2.4363508,0.42056024448708323
1,2,484384.18423411483,0.16239999,2.4364274,0.42078562208826054
1,2,484389.18443038943,0.16239999,2.4362173,0.4210109981368304
1,2,484394.18462666404,0.16239999,2.4364083,0.4212363761066368
1,2,484399.18482293864,0.16239999,2.4364274,0.42146175520325907
1,2,484404.18501921324,0.16239999,2.4364846,0.4216871341100927
1,2,484409.18521548784,0.16239999,2.436809,0.4219125117541572
1,2,484414.18541176245,0.16239999,2.4367328,0.422137888335615
1,2,484419.18560803717,0.16239999,2.436809,0.42236326586487355
1,2,484424.1858043119,0.16239999,2.436809,0.4225886441779017
1,2,484429.1860005866,0.16239999,2.4368472,0.4228140207348015
1,2,484434.1861968613,0.16239999,2.4370382,0.42303939697052917
1,2,484439.1863931363,0.16239999,2.4370954,0.4232647739213975
1,2,484444.186589411,0.16239999,2.4371336,0.42349015203706225
1,2,484449.1867856857,0.16239999,2.4372673,0.4237155306140711
1,2,484454.18698196043,0.16239999,2.4372292,0.4239409085671981
1,2,484459.18717823515,0.16239999,2.4373055,0.4241662843302783
1,2,484464.1873745099,0.16239999,2.4372864,0.4243916604796984
1,2,484469.1875707846,0.16239999,2.4375536,0.42461703809978196
1,2,484474.1877670593,0.16239999,2.4375155,0.4248424141577884
1,2,484479.187963334,0.16239999,2.4373817,0.4250677887377636
1,2,484484.1881596087,0.16239999,2.43763,0.42529316476007595
1,2,484489.1883558834,0.16239999,2.43763,0.42551854208167356
1,2,484494.18855215807,0.16239999,2.4376872,0.42574391901295344
1,2,484499.1887484328,0.16239999,2.437859,0.42596929792390475
1,2,484504.1889447074,0.16239999,2.437859,0.4261946792161088
1,2,484509.1891409821,0.16239999,2.437859,0.426420060084533
1,2,484514.18933725683,0.16239999,2.4378972,0.42664544064214954
1,2,484519.18953353143,0.16239999,2.438069,0.4268708196738135
1,2,484524.18972980604,0.16239999,2.4381454,0.4270962003370644
1,2,484529.18992608064,0.16239999,2.4382217,0.4273215810137181
1,2,484534.19012235524,0.16239999,2.4383364,0.4275469598553765
1,2,484539.19031862984,0.16239999,2.4383745,0.4277723371196601
1,2,484544.19051490445,0.16239999,2.4383936,0.42799771481911725
1,2,484549.19071117905,0.16239999,2.438527,0.42822309408048015
1,2,484554.19090745365,0.16239999,2.4386227,0.428448471755602
1,2,484559.19110372826,0.16239999,2.43868,0.4286738477806587
1,2,484564.19130000286,0.16239999,2.438718,0.42889922622668136
1,2,484569.1914962777,0.16239999,2.4387372,0.4291246052179781
1,2,484574.19169255253,0.16239999,2.4386418,0.4293499849002913
1,2,484579.19188882736,0.16239999,2.43868,0.4295753636470732
1,2,484584.19208510173,0.16239999,2.4387753,0.42980074215188097
1,2,484589.19228137657,0.16239999,2.438909,0.4300261205420781
1,2,484594.1924776514,0.16239999,2.4389472,0.4302514980313477
1,2,484599.19267392624,0.16239999,2.4389853,0.43047687708600085
1,2,484604.1928702011,0.16239999,2.4390044,0.4307022587576539
1,2,484609.1930664759,0.16239999,2.4390044,0.4309276394601809
1,2,484614.19326275075,0.16239999,2.4390616,0.4311530218071852
1,2,484619.1934590256,0.16239999,2.4391954,0.43137840416851114
1,2,484624.1936553004,0.16239999,2.4392717,0.43160378646432085
1,2,484629.19385157526,0.16239999,2.43952,0.43182916844527974
1,2,484634.1940478501,0.16239999,2.4393098,0.4320545520919492
1,2,484639.1942441249,0.16239999,2.4394817,0.4322799373875224
1,2,484644.19444039976,0.16239999,2.4393864,0.4325053243492607
1,2,484649.1946366746,0.16239999,2.4395962,0.4327307075643114
1,2,484654.19483294943,0.16239999,2.4396727,0.43295609003346386
1,2,484659.19502922427,0.16239999,2.439768,0.433181472885817
1,2,484664.1952254991,0.16239999,2.4399207,0.43340685551949476
1,2,484669.19542177394,0.16239999,2.4399781,0.43363223684923485
1,2,484674.1956180483,0.16239999,2.4400544,0.43385761655172755
1,2,484679.1958143227,0.16239999,2.4399972,0.43408299742832746
1,2,484684.19601059705,0.16239999,2.4400926,0.43430837825216234
1,2,484689.1962068714,0.16239999,2.4401498,0.4345337584030186
1,2,484694.1964031458,0.16239999,2.4401307,0.43475913937967653
1,2,484699.19659942016,0.16239999,2.440379,0.4349845194419644
1,2,484704.19679569453,0.16239999,2.440398,0.43520990064328796
1,2,484709.1969919689,0.16239999,2.4405127,0.43543528386330577
1,2,484714.19718824327,0.16239999,2.4404936,0.4356606683020928
1,2,484719.19738451764,0.16239999,2.440398,0.43588605023351695
1,2,484724.197580792,0.16239999,2.4406462,0.436111430098862
1,2,484729.1977770664,0.16239999,2.440627,0.436336811185209
1,2,484734.19797334075,0.16239999,2.44078,0.4365621933033712
1,2,484739.1981696151,0.16239999,2.4409134,0.43678757505955357
1,2,484744.1983658895,0.16239999,2.4408753,0.43701295779897165
1,2,484749.19856216386,0.16239999,2.440799,0.4372383414459557
1,2,484754.19875843823,0.16239999,2.4411235,0.43746372440945414
1,2,484759.1989547126,0.16239999,2.4410088,0.437689110009646
1,2,484764.19915098697,0.16239999,2.4411616,0.43791449585974024
1,2,484769.19934726134,0.16239999,2.441276,0.4381398786526543
1,2,484774.1995435357,0.16239999,2.441429,0.4383652620667854
1,2,484779.1997398101,0.16239999,2.4413717,0.43859064395063013
1,2,484784.19993608445,0.16239999,2.4413335,0.4388160242437569
1,2,484789.2001323588,0.16239999,2.4415243,0.4390414042116343
1,2,484794.2003286332,0.16239999,2.4417915,0.43926678763428384
1,2,484799.20052490756,0.16239999,2.441677,0.4394921686905562
1,2,484804.20072118193,0.16239999,2.4417915,0.43971755097819754
1,2,484809.2009174563,0.16239999,2.4417725,0.4399429340987509
1,2,484814.20111373067,0.16239999,2.44183,0.44016831777863424
1,2,484819.20131000504,0.16239999,2.44183,0.44039370211451884
1,2,484824.2015062794,0.16239999,2.4419634,0.4406190835257708
1,2,484829.2017025538,0.16239999,2.4419825,0.4408444682544235
1,2,484834.20189882815,0.16239999,2.4420016,0.44106985574050966
1,2,484839.2020951025,0.16239999,2.4421353,0.44129524046350244
1,2,484844.2022913769,0.16239999,2.4421926,0.4415206269412427
1,2,484849.20248765126,0.16239999,2.442307,0.4417460154071696
1,2,484854.2026839256,0.16239999,2.4422498,0.441971399404249
1,2,484859.2028802,0.16239999,2.4422498,0.44219678332862566
1,2,484864.20307647437,0.16239999,2.442498,0.44242216851335325
1,2,484869.20327274874,0.16239999,2.442479,0.44264755100024217
1,2,484874.2034690231,0.16239999,2.442517,0.4428729340999778
1,2,484879.2036652975,0.16239999,2.442689,0.44309831685289136
1,2,484884.20386157185,0.16239999,2.442689,0.44332369965856827
1,2,484889.2040578462,0.16239999,2.4427652,0.443549081744808
1,2,484894.2042541206,0.16239999,2.4428606,0.4437744647992027
1,2,484899.20445039496,0.16239999,2.442918,0.4439998469622455
1,2,484904.2046466693,0.16239999,2.4429562,0.44422522836592515
1,2,484909.2048429437,0.16239999,2.4431279,0.4444506089772455
1,2,484914.20503921807,0.16239999,2.4432235,0.44467599123371193
1,2,484919.20523549244,0.16239999,2.4431088,0.4449013747848393
1,2,484924.2054317668,0.16239999,2.4434907,0.4451267573816773
1,2,484929.2056280412,0.16239999,2.4431853,0.44535213910178145
1,2,484934.20582431555,0.16239999,2.4432235,0.44557752303617165
1,2,484939.2060205899,0.16239999,2.443567,0.44580290413027474
1,2,484944.2062168643,0.16239999,2.4434907,0.44602828660760874
1,2,484949.20641313866,0.16239999,2.443567,0.4462536676879431
1,2,484954.206609413,0.16239999,2.4436433,0.44647904791954296
1,2,484959.2068056874,0.16239999,2.4438725,0.4467044268184649
1,2,484964.20700196177,0.16239999,2.4438152,0.44692980758536577
1,2,484969.20719823614,0.16239999,2.4439106,0.4471551871010948
1,2,484974.2073945105,0.16239999,2.4438915,0.44738056646893143
1,2,484979.2075907849,0.16239999,2.4440062,0.44760594725757474
1,2,484984.20778705925,0.16239999,2.4442735,0.44783132551655475
1,2,484989.2079833336,0.16239999,2.444216,0.4480567049058946
1,2,484994.208179608,0.16239999,2.4441779,0.4482820835578555
1,2,484999.20837588236,0.16239999,2.4442735,0.4485074629462011
1,2,485004.2085721567,0.16239999,2.444407,0.44873284496454785
1,2,485009.2087684311,0.16239999,2.4443116,0.44895822503156024
1,2,485014.20896470547,0.16239999,2.4444451,0.4491836067651011
1,2,485019.20916097984,0.16239999,2.444579,0.4494089881308275
1,2,485024.2093572542,0.16239999,2.4447315,0.44963437002738127
1,2,485029.2095535286,0.16239999,2.4447124,0.4498597526257433
1,2,485034.20974980295,0.16239999,2.4447696,0.45008513325538463
1,2,485039.2099460773,0.16239999,2.4449224,0.4503105137808511
1,2,485044.2101423517,0.16239999,2.4447505,0.4505358950589644
1,2,485049.21033862606,0.16239999,2.4449987,0.4507612756412126
1,2,485054.2105349004,0.16239999,2.4449987,0.45098665675870386
1,2,485059.2107311748,0.16239999,2.445037,0.4512120373209878
1,2,485064.21092744917,0.16239999,2.4453616,0.4514374174490759
1,2,485069.211123724,0.16239999,2.4453616,0.45166279767947454
1,2,485074.21131999884,0.16239999,2.4453807,0.4518881764886277
1,2,485079.2115162737,0.16239999,2.4455523,0.45211355470889614
1,2,485084.2117125485,0.16239999,2.4455333,0.45233893030589045
1,2,485089.21190882334,0.16239999,2.445438,0.4525643075847192
1,2,485094.2121050982,0.16239999,2.4455905,0.45278968650231477
1,2,485099.212301373,0.16239999,2.4459343,0.45301506357063814
1,2,485104.21249764785,0.16239999,2.4458768,0.45324044118138285
1,2,485109.2126939227,0.16239999,2.4460678,0.4534658210042256
1,2,485114.2128901975,0.16239999,2.446087,0.45369119971817695
1,2,485119.21308647236,0.16239999,2.4463923,0.4539165775473114
1,2,485124.2132827472,0.16239999,2.4463923,0.4541419562039901
1,2,485129.21347902203,0.16239999,2.4463923,0.4543673359299257
1,2,485134.21367529687,0.16239999,2.4463923,0.454592715511065
1,2,485139.2138715717,0.16239999,2.4465833,0.45481809212180435
1,2,485144.21406784654,0.16239999,2.4465451,0.4550434721244743
1,2,485149.2142641214,0.16239999,2.446488,0.4552688521935613
1,2,485154.2144603962,0.16239999,2.4465451,0.4554942319059633
1,2,485159.21465667104,0.16239999,2.4467742,0.4557196121382494
1,2,485164.21485294565,0.16239999,2.4467552,0.455944992689605
1,2,485169.21504922025,0.16239999,2.446736,0.45617037337432015
1,2,485174.21524549485,0.16239999,2.4468315,0.456395755129447
1,2,485179.2154417697,0.16239999,2.4469843,0.4566211351019695
1,2,485184.2156380443,0.16239999,2.4470415,0.45684651581011676
1,2,485189.2158343189,0.16239999,2.4469843,0.45707189609187476
1,2,485194.2160305935,0.16239999,2.4470415,0.4572972756809407
1,2,485199.2162268681,0.16239999,2.4471178,0.457522655860817
1,2,485204.2164231427,0.16239999,2.4471369,0.45774803682256376
1,2,485209.2166194173,0.16239999,2.4474041,0.4579734206348754
1,2,485214.216815692,0.16239999,2.4474423,0.45819880343338737
1,2,485219.21701196674,0.16239999,2.447538,0.4584241862800102
1,2,485224.21720824146,0.16239999,2.4476523,0.4586495693556233
1,2,485229.2174045162,0.16239999,2.4475951,0.4588749527546073
1,2,485234.2176007909,0.16239999,2.447576,0.4591003375774677
1,2,485239.2177970656,0.16239999,2.4476714,0.45932572473699157
1,2,485244.2179933402,0.16239999,2.4478815,0.4595511119530297
1,2,485249.21818961494,0.16239999,2.4477668,0.4597764953894546
1,2,485254.21838588966,0.16239999,2.4478815,0.4600018801953136
1,2,485259.2185821644,0.16239999,2.4479387,0.4602272639899127
1,2,485264.2187784391,0.16239999,2.448034,0.4604526457449667
1,2,485269.21897471376,0.16239999,2.448225,0.46067802505516153
1,2,485274.2191709885,0.16239999,2.4480915,0.4609034051412499
1,2,485279.2193672632,0.16239999,2.4482632,0.46112878632215304
1,2,485284.2195635379,0.16239999,2.4481678,0.46135416612407126
1,2,485289.2197598126,0.16239999,2.4484923,0.46157954565959236
1,2,485294.2199560873,0.16239999,2.4484541,0.4618049276150173
1,2,485299.220152362,0.16239999,2.4485495,0.46203030706963993
1,2,485304.22034863674,0.16239999,2.4485877,0.46225568456248
1,2,485309.22054491146,0.16239999,2.448607,0.46248106388990884
1,2,485314.22074118606,0.16239999,2.4487214,0.46270644334335015
1,2,485319.2209374602,0.16239999,2.4489124,0.4629318239011596
1,2,485324.2211337348,0.16239999,2.4488742,0.4631572033196172
1,2,485329.2213300094,0.16239999,2.4489505,0.4633825830952705
1,2,485334.221526284,0.16239999,2.4489124,0.46360796282391475
1,2,485339.2217225586,0.16239999,2.4489696,0.4638333428367581
1,2,485344.2219188332,0.16239999,2.4489696,0.4640587227081058
1,2,485349.2221151078,0.16239999,2.4492178,0.4642841034728799
1,2,485354.2223113824,0.16239999,2.4493704,0.46450948500683875
1,2,485359.222507657,0.16239999,2.4493322,0.46473486667914826
1,2,485364.22270393185,0.16239999,2.449275,0.4649602483051358
1,2,485369.2229002067,0.16239999,2.4494088,0.465185631235379
1,2,485374.2230964815,0.16239999,2.4494278,0.4654110148384667
1,2,485379.22329275636,0.16239999,2.4495041,0.46563639814744195
1,2,485384.2234890312,0.16239999,2.4497142,0.4658617775436703
1,2,485389.22368530603,0.16239999,2.4497142,0.4660871579460209
1,2,485394.22388158087,0.16239999,2.4497714,0.4663125367841908
1,2,485399.2240778557,0.16239999,2.449924,0.4665379155727564
1,2,485404.22427413054,0.16239999,2.4498477,0.4667632925547069
1,2,485409.2244704054,0.16239999,2.4500387,0.4669886716854296
1,2,485414.2246666802,0.16239999,2.450134,0.467214051063914
1,2,485419.22486295504,0.16239999,2.4501722,0.46743943109942615
1,2,485424.2250592299,0.16239999,2.4502869,0.46766481046273617
1,2,485429.2252555047,0.16239999,2.4502869,0.46789018794420006
1,2,485434.22545177955,0.16239999,2.4504395,0.46811556727941395
1,2,485439.2256480544,0.16239999,2.4504585,0.4683409506808616
1,2,485444.2258443292,0.16239999,2.4503632,0.4685663345706096
1,2,485449.22604060406,0.16239999,2.450516,0.4687917167704707
1,2,485454.2262368789,0.16239999,2.450497,0.469017099110089
1,2,485459.22643315373,0.16239999,2.4508595,0.46924248108908345
1,2,485464.22662942857,0.16239999,2.4507449,0.46946786466463386
1,2,485469.22682570294,0.16239999,2.4507258,0.46969324816809327
1,2,485474.2270219773,0.16239999,2.4507258,0.46991862978345134
1,2,485479.2272182517,0.16239999,2.450974,0.4701440129602607
1,2,485484.22741452605,0.16239999,2.4509358,0.4703693977909566
1,2,485489.2276108004,0.16239999,2.4510887,0.470594779418633
1,2,485494.2278070748,0.16239999,2.451146,0.470820157952897
1,2,485499.22800334916,0.16239999,2.4512222,0.47104553978160246
1,2,485504.2281996235,0.16239999,2.4514132,0.4712709205509223
1,2,485509.2283958979,0.16239999,2.4513178,0.47149630234286327
1,2,485514.22859217227,0.16239999,2.4513178,0.47172168269045295
1,2,485519.22878844664,0.16239999,2.4512794,0.47194706058747216
1,2,485524.228984721,0.16239999,2.4514132,0.47217243986473373
1,2,485529.2291809954,0.16239999,2.4516804,0.47239781982992235
1,2,485534.22937726974,0.16239999,2.4516041,0.4726231998113085
1,2,485539.2295735441,0.16239999,2.4516613,0.47284858034389937
1,2,485544.2297698185,0.16239999,2.4516423,0.4730739606886686
1,2,485549.22996609285,0.16239999,2.451814,0.47329933951083963
1,2,485554.2301623672,0.16239999,2.4519477,0.47352472027834647
1,2,485559.2303586416,0.16239999,2.452005,0.47375010312576155
1,2,485564.23055491596,0.16239999,2.452253,0.4739754850490273
1,2,485569.23075119033,0.16239999,2.4521003,0.4742008658905689
1,2,485574.2309474647,0.16239999,2.4521003,0.47442624657671545
1,2,485579.2311437391,0.16239999,2.4522913,0.47465162963696134
1,2,485584.23134001344,0.16239999,2.4523485,0.4748770130108924
1,2,485589.2315362878,0.16239999,2.4523675,0.47510239291863127
1,2,485594.2317325622,0.16239999,2.4523869,0.4753277749388481
1,2,485599.23192883655,0.16239999,2.452444,0.47555315750846083
1,2,485604.2321251109,0.16239999,2.4526923,0.47577853735882275
1,2,485609.2323213853,0.16239999,2.4526923,0.47600391612762777
1,2,485614.23251765966,0.16239999,2.452883,0.47622929777065565
1,2,485619.23271393403,0.16239999,2.452883,0.47645468050408346
1,2,485624.2329102084,0.16239999,2.4529405,0.4766800653156305
1,2,485629.2331064828,0.16239999,2.4529977,0.47690545196591383
1,2,485634.23330275714,0.16239999,2.4531884,0.4771308397599101
1,2,485639.2334990315,0.16239999,2.4531312,0.4773562271954805
1,2,485644.2336953059,0.16239999,2.453265,0.4775816133869628
1,2,485649.23389158025,0.16239999,2.4534557,0.4778069989943064
1,2,485654.2340878546,0.16239999,2.4533985,0.4780323822507079
1,2,485659.234284129,0.16239999,2.4533985,0.47825776363234207
1,2,485664.23448040336,0.16239999,2.4535704,0.4784831479933823
1,2,485669.23467667773,0.16239999,2.4536467,0.47870853172785605
1,2,485674.2348729521,0.16239999,2.4537039,0.47893391481187675
1,2,485679.2350692265,0.16239999,2.4536657,0.47915929756893033
1,2,485684.23526550084,0.16239999,2.4537804,0.47938468093744646
1,2,485689.2354617752,0.16239999,2.4537804,0.47961006123092836
1,2,485694.2356580496,0.16239999,2.4537804,0.4798354399084836
1,2,485699.23585432395,0.16239999,2.453933,0.4800608191467646
1,2,485704.2360505983,0.16239999,2.4541621,0.48028619935873545
1,2,485709.2362468727,0.16239999,2.454143,0.48051157714177567
1,2,485714.23644314706,0.16239999,2.4540477,0.4807369562448758
1,2,485719.23663942143,0.16239999,2.4544294,0.4809623373988972
1,2,485724.2368356958,0.16239999,2.4544103,0.48118771948087935
1,2,485729.2370319702,0.16239999,2.454353,0.48141309901889223
1,2,485734.23722824454,0.16239999,2.4545631,0.48163848083977623
1,2,485739.2374245189,0.16239999,2.4545631,0.48186386321231367
1,2,485744.2376207933,0.16239999,2.4545248,0.48208924536615255
1,2,485749.23781706765,0.16239999,2.4545822,0.48231462726344143
1,2,485754.238013342,0.16239999,2.4547157,0.48254000910424666
1,2,485759.2382096164,0.16239999,2.4548304,0.4827653932417521
1,2,485764.23840589076,0.16239999,2.454773,0.4829907747381542
1,2,485769.23860216513,0.16239999,2.4550211,0.48321615661848805
1,2,485774.2387984395,0.16239999,2.4550593,0.4834415383605234
1,2,485779.2389947139,0.16239999,2.4550593,0.4836669196887709
1,2,485784.23919098824,0.16239999,2.455193,0.4838923000604665
1,2,485789.2393872626,0.16239999,2.4551358,0.4841176790674227
1,2,485794.239583537,0.16239999,2.455384,0.4843430561028344
1,2,485799.23977981135,0.16239999,2.4552312,0.484568434882254
1,2,485804.2399760857,0.16239999,2.4553456,0.4847938137168385
1,2,485809.2401723601,0.16239999,2.455403,0.48501919208615746
1,2,485814.24036863446,0.16239999,2.4555366,0.4852445700188682
1,2,485819.24056490883,0.16239999,2.4554603,0.485469950442217
1,2,485824.2407611832,0.16239999,2.4554222,0.4856953316983363
1,2,485829.2409574576,0.16239999,2.4556513,0.4859207145649018
1,2,485834.24115373194,0.16239999,2.4556513,0.48614609847735174
1,2,485839.2413500063,0.16239999,2.4557467,0.48637148200623004
1,2,485844.2415462807,0.16239999,2.4557848,0.4865968659678289
1,2,485849.24174255505,0.16239999,2.4558992,0.4868222512814027
1,2,485854.2419388294,0.16239999,2.4559376,0.48704763701490783
1,2,485859.2421351038,0.16239999,2.4561474,0.4872730217590677
1,2,485864.2423313786,0.16239999,2.456014,0.48749840971688485
1,2,485869.24252765346,0.16239999,2.456224,0.48772379765593893
1,2,485874.2427239283,0.16239999,2.4562812,0.48794918746150173
1,2,485879.24292020313,0.16239999,2.456262,0.4881745774711674
1,2,485884.24311647797,0.16239999,2.4564722,0.48839996641184197
1,2,485889.2433127528,0.16239999,2.4565866,0.4886253541899594
1,2,485894.24350902764,0.16239999,2.4567776,0.4888507378596611
1,2,485899.2437053025,0.16239999,2.4567204,0.48907612295926994
1,2,485904.2439015773,0.16239999,2.456663,0.48930150751210966
1,2,485909.24409785215,0.16239999,2.456892,0.48952688910132947
1,2,485914.244294127,0.16239999,2.4569683,0.4897522728152661
1,2,485919.2444904018,0.16239999,2.457083,0.48997765800079923
1,2,485924.24468667665,0.16239999,2.4570067,0.4902030438865785
1,2,485929.2448829515,0.16239999,2.4570258,0.490428426874836
1,2,485934.2450792263,0.16239999,2.4571784,0.490653808390709
1,2,485939.24527550116,0.16239999,2.457102,0.4908791900527061
1,2,485944.245471776,0.16239999,2.4573693,0.49110456946057307
1,2,485949.24566805083,0.16239999,2.4573693,0.49132994809667163
1,2,485954.24586432567,0.16239999,2.4574838,0.49155532679813496
1,2,485959.2460606005,0.16239999,2.4575028,0.4917807036304281
1,2,485964.2462568751,0.16239999,2.4576175,0.49200607967429166
1,2,485969.2464531497,0.16239999,2.4575412,0.4922314515749569
1,2,485974.2466494243,0.16239999,2.45777,0.49245681589143364
1,2,485979.2468456989,0.16239999,2.4578466,0.4926821802108898
1,2,485984.2470419735,0.16239999,2.457923,0.4929075450628662
1,2,485989.2472382481,0.16239999,2.457923,0.493132909372423
1,2,485994.2474345227,0.16239999,2.4580374,0.4933582736534639
1,2,485999.2476307973,0.16239999,2.4581902,0.49358363750214435
1,2,486004.24782707193,0.16239999,2.4582093,0.493809002692397
1,2,486009.24802334653,0.16239999,2.4581902,0.4940343697373997
1,2,486014.24821962125,0.16239999,2.4583812,0.49425973547075003
1,2,486019.24841589597,0.16239999,2.4583237,0.49448510224585046
1,2,486024.2486121707,0.16239999,2.4582474,0.4947104699940373
1,2,486029.2488084454,0.16239999,2.4582283,0.4949358383031427
1,2,486034.2490047201,0.16239999,2.4584575,0.4951612196343241
1,2,486039.24920099485,0.16239999,2.4585528,0.4953866005819148
1,2,486044.24939726957,0.16239999,2.4585528,0.49561198294941483
1,2,486049.2495935443,0.16239999,2.4587057,0.4958373657494616
1,2,486054.249789819,0.16239999,2.4589539,0.4960627459310382
1,2,486059.24998609326,0.16239999,2.4589539,0.4962881272027648
1,2,486064.2501823679,0.16239999,2.458973,0.49651351138594396
1,2,486069.25037864264,0.16239999,2.459164,0.4967388937139799
1,2,486074.25057491736,0.16239999,2.459183,0.49696427591486503
1,2,486079.2507711921,0.16239999,2.4593165,0.4971896578731551
1,2,486084.2509674668,0.16239999,2.459202,0.49741503928421166
1,2,486089.25116374146,0.16239999,2.4593546,0.4976404193478713
1,2,486094.2513600162,0.16239999,2.4593737,0.4978658004169404
1,2,486099.2515562909,0.16239999,2.4594693,0.4980911775145537
1,2,486104.2517525656,0.16239999,2.459641,0.4983165511698009
1,2,486109.25194884033,0.16239999,2.459622,0.49854192861558644
1,2,486114.25214511505,0.16239999,2.45987,0.4987673068855643
1,2,486119.25234138966,0.16239999,2.4597747,0.49899268669926855
1,2,486124.25253766426,0.16239999,2.4597747,0.4992180675336642
1,2,486129.25273393886,0.16239999,2.4600039,0.49944345117066286
1,2,486134.25293021346,0.16239999,2.4600801,0.49966883410790214
1,2,486139.25312648807,0.16239999,2.4601564,0.4998942171714875
1,2,486144.25332276267,0.16239999,2.4601564,0.5001195984181669
1,2,486149.2535190373,0.16239999,2.4602711,0.500344980769096
1,2,486154.2537153119,0.16239999,2.460233,0.5005703630418684
1,2,486159.2539115865,0.16239999,2.4603474,0.5007957471178106
1,2,486164.2541078613,0.16239999,2.4603665,0.5010211280687284
1,2,486169.25430413615,0.16239999,2.4605384,0.5012465109787574
1,2,486174.254500411,0.16239999,2.4607482,0.5014718957626736
1,2,486179.2546966858,0.16239999,2.4607291,0.5016972785793145
1,2,486184.25489296066,0.16239999,2.4608057,0.5019226616546048
1,2,486189.2550892355,0.16239999,2.460882,0.5021480442227713
1,2,486194.2552855103,0.16239999,2.46092,0.5023734278231329
1,2,486199.25548178516,0.16239999,2.46092,0.5025988097594372
1,2,486204.25567806,0.16239999,2.4610155,0.5028241883915936
1,2,486209.25587433483,0.16239999,2.4611492,0.5030495685480477
1,2,486214.25607060967,0.16239999,2.4612255,0.5032749520242397
1,2,486219.2562668845,0.16239999,2.4611874,0.5035003356804202
1,2,486224.25646315934,0.16239999,2.4612255,0.5037257196084493
1,2,486229.2566594342,0.16239999,2.4613018,0.5039511042365821
1,2,486234.256855709,0.16239999,2.4613783,0.5041764907828892
1,2,486239.25705198385,0.16239999,2.46155,0.5044018772478442
1,2,486244.2572482587,0.16239999,2.4616075,0.5046272631932612
1,2,486249.2574445335,0.16239999,2.4616456,0.5048526479028438
1,2,486254.25764080836,0.16239999,2.461779,0.5050780328321017
1,2,486259.2578370832,0.16239999,2.46197,0.5053034167763275
1,2,486264.25803335756,0.16239999,2.4618173,0.5055287987051506
1,2,486269.25822963193,0.16239999,2.4619892,0.5057541808774321
1,2,486274.2584259063,0.16239999,2.4620082,0.5059795624439118
1,2,486279.25862218067,0.16239999,2.4622183,0.5062049443700949
1,2,486284.25881845504,0.16239999,2.4622183,0.5064303273101497
1,2,486289.2590147294,0.16239999,2.4623709,0.5066557112500881
1,2,486294.2592110038,0.16239999,2.4624283,0.5068810964879558
1,2,486299.25940727815,0.16239999,2.4625428,0.5071064831401754
1,2,486304.2596035525,0.16239999,2.4626,0.5073318686787998
1,2,486309.2597998269,0.16239999,2.4626572,0.5075572531581263
1,2,486314.25999610126,0.16239999,2.4627147,0.5077826379321531
1,2,486319.26019237563,0.16239999,2.462982,0.5080080250244967
1,2,486324.26038865,0.16239999,2.462829,0.5082334109414235
1,2,486329.26058492437,0.16239999,2.4631345,0.5084587964539519
1,2,486334.26078119874,0.16239999,2.463211,0.5086841831183896
1,2,486339.2609774731,0.16239999,2.4630773,0.5089095703957709
1,2,486344.2611737475,0.16239999,2.4632874,0.5091349584674835
1,2,486349.26137002185,0.16239999,2.46344,0.5093603471205607
1,2,486354.2615662962,0.16239999,2.463459,0.5095857342189558
1,2,486359.2617625706,0.16239999,2.463478,0.5098111217977918
1,2,486364.26195884496,0.16239999,2.4635546,0.5100365083610672
1,2,486369.26215511933,0.16239999,2.463478,0.5102618951131122
1,2,486374.2623513937,0.16239999,2.46365,0.5104872801970161
1,2,486379.26254766807,0.16239999,2.463841,0.510712666315616
1,2,486384.26274394244,0.16239999,2.46386,0.5109380519305377
1,2,486389.2629402168,0.16239999,2.4637072,0.5111634357578564
1,2,486394.2631364912,0.16239999,2.4637263,0.511388820911179
1,2,486399.26333276555,0.16239999,2.463841,0.5116142051658018
1,2,486404.2635290399,0.16239999,2.4639745,0.5118395859345165
1,2,486409.2637253143,0.16239999,2.4641654,0.5120649674165183
1,2,486414.26392158866,0.16239999,2.4643755,0.512290347926437
1,2,486419.26411786303,0.16239999,2.46428,0.5125157297063984
1,2,486424.2643141374,0.16239999,2.4643564,0.5127411085680061
1,2,486429.26451041177,0.16239999,2.4645855,0.5129664869797371
1,2,486434.26470668614,0.16239999,2.4645855,0.513191867282803
1,2,486439.2649029605,0.16239999,2.464681,0.5134172468105076
1,2,486444.2650992349,0.16239999,2.464719,0.5136426282985427
1,2,486449.26529550925,0.16239999,2.464681,0.513868008750149
1,2,486454.2654917836,0.16239999,2.464891,0.514093388538369
1,2,486459.265688058,0.16239999,2.4647572,0.5143187682136728
1,2,486464.26588433236,0.16239999,2.4649673,0.514544149968082
1,2,486469.2660806067,0.16239999,2.4651008,0.5147695317305989
1,2,486474.2662768811,0.16239999,2.4651964,0.5149949113684711
1,2,486479.26647315547,0.16239999,2.4652727,0.5152202923346617
1,2,486484.26666942984,0.16239999,2.465559,0.5154456739451173
1,2,486489.2668657042,0.16239999,2.465349,0.515671053622557
1,2,486494.2670619786,0.16239999,2.465559,0.515896435398981
1,2,486499.26725825295,0.16239999,2.4656928,0.516121816645537
1,2,486504.2674545273,0.16239999,2.4656353,0.5163471984587196
1,2,486509.2676508017,0.16239999,2.4658072,0.5165725770538275
1,2,486514.26784707606,0.16239999,2.4660363,0.5167979553484527
1,2,486519.2680433504,0.16239999,2.4661317,0.5170233350549116
1,2,486524.2682396248,0.16239999,2.4660745,0.5172487148387944
1,2,486529.26843589917,0.16239999,2.4660554,0.5174740942656173
1,2,486534.26863217354,0.16239999,2.4663608,0.5176994729092095
1,2,486539.2688284479,0.16239999,2.4662845,0.5179248519516222
1,2,486544.2690247223,0.16239999,2.4663227,0.5181502323441239
1,2,486549.26922099665,0.16239999,2.4663227,0.5183756108242081
1,2,486554.269417271,0.16239999,2.4665327,0.5186009881117715
1,2,486559.2696135454,0.16239999,2.46659,0.5188263674240665
1,2,486564.26980981976,0.16239999,2.46659,0.5190517471785329
1,2,486569.2700060941,0.16239999,2.46659,0.5192771263319154
1,2,486574.2702023685,0.16239999,2.4667428,0.5195025062654812
1,2,486579.27039864287,0.16239999,2.4668381,0.5197278870160603
1,2,486584.27059491724,0.16239999,2.4668572,0.5199532684250531
1,2,486589.2707911916,0.16239999,2.4669716,0.5201786511893047
1,2,486594.270987466,0.16239999,2.4671435,0.5204040331521413
1,2,486599.27118374035,0.16239999,2.4671435,0.5206294130958309
1,2,486604.2713800147,0.16239999,2.4673536,0.5208547906096046
1,2,486609.2715762891,0.16239999,2.467468,0.5210801698062145
1,2,486614.27177256346,0.16239999,2.4675446,0.521305548975532
1,2,486619.2719688378,0.16239999,2.467659,0.5215309269952441
1,2,486624.2721651122,0.16239999,2.46764,0.5217563070386191
1,2,486629.27236138657,0.16239999,2.4677925,0.521981688641533
1,2,486634.27255766094,0.16239999,2.4677353,0.5222070693846194
1,2,486639.2727539353,0.16239999,2.4677925,0.5224324510891435
1,2,486644.2729502097,0.16239999,2.4680407,0.5226578329886659
1,2,486649.27314648405,0.16239999,2.467831,0.5228832173427448
1,2,486654.2733427584,0.16239999,2.4680216,0.5231086015682938
1,2,486659.27353903325,0.16239999,2.4680982,0.5233339855769836
1,2,486664.2737353081,0.16239999,2.4681363,0.5235593710363023
1,2,486669.2739315829,0.16239999,2.468289,0.5237847557604194
1,2,486674.27412785776,0.16239999,2.468289,0.5240101406893661
1,2,486679.2743241326,0.16239999,2.4684227,0.5242355264585934
1,2,486684.27452040743,0.16239999,2.4683654,0.524460910691525
1,2,486689.27471668227,0.16239999,2.4686327,0.5246862952876071
1,2,486694.2749129571,0.16239999,2.468499,0.524911680344544
1,2,486699.27510923194,0.16239999,2.4688044,0.5251370639056726
1,2,486704.2753055068,0.16239999,2.4687662,0.5253624488007804
1,2,486709.2755017816,0.16239999,2.4688044,0.525587833883642
1,2,486714.27569805644,0.16239999,2.468938,0.5258132152701299
1,2,486719.2758943313,0.16239999,2.4688616,0.5260385949949065
1,2,486724.2760906061,0.16239999,2.4690144,0.5262639729169579
1,2,486729.27628688095,0.16239999,2.4691098,0.5264893506218018
1,2,486734.2764831558,0.16239999,2.4692626,0.5267147276465344
1,2,486739.2766794306,0.16239999,2.469377,0.5269401050198316
1,2,486744.27687570546,0.16239999,2.4691863,0.5271654854094715
1,2,486749.2770719803,0.16239999,2.469377,0.5273908670860957
1,2,486754.27726825513,0.16239999,2.4696062,0.5276162468774962
1,2,486759.27746452973,0.16239999,2.4696062,0.5278416279275026
1,2,486764.27766080434,0.16239999,2.4697208,0.5280670119403614
1,2,486769.27785707894,0.16239999,2.46974,0.5282923974489608
1,2,486774.27805335354,0.16239999,2.4699306,0.528517782296144
1,2,486779.27824962814,0.16239999,2.4698734,0.5287431652970319
1,2,486784.27844590275,0.16239999,2.4699497,0.5289685467900648
1,2,486789.27864217735,0.16239999,2.4700072,0.5291939290066086
1,2,486794.27883845195,0.16239999,2.4701407,0.5294193092993537
1,2,486799.2790347261,0.16239999,2.4702744,0.529644694041222
1,2,486804.2792310007,0.16239999,2.4703317,0.5298700782416965
1,2,486809.2794272754,0.16239999,2.4703698,0.5300954631268296
1,2,486814.27962355013,0.16239999,2.470618,0.5303208475996708
1,2,486819.27981982485,0.16239999,2.4705226,0.5305462293253554
1,2,486824.28001609957,0.16239999,2.4707706,0.5307716091581125
1,2,486829.2802123743,0.16239999,2.4707706,0.5309969880758431
1,2,486834.280408649,0.16239999,2.4707325,0.5312223664590441
1,2,486839.2806049237,0.16239999,2.4709425,0.531447743736819
1,2,486844.28080119845,0.16239999,2.4711525,0.5316731210591294
1,2,486849.28099747316,0.16239999,2.4711907,0.531898498182472
1,2,486854.2811937479,0.16239999,2.471248,0.532123875562531
1,2,486859.2813900226,0.16239999,2.471458,0.5323492526322013
1,2,486864.2815862973,0.16239999,2.4715152,0.5325746300013063
1,2,486869.281782572,0.16239999,2.471649,0.532800010748719
1,2,486874.2819788467,0.16239999,2.4717062,0.5330253930313775
1,2,486879.2821751214,0.16239999,2.471668,0.5332507745975734
1,2,486884.2823713961,0.16239999,2.471687,0.5334761549249886
1,2,486889.2825676708,0.16239999,2.4718206,0.5337015365247608
1,2,486894.2827639455,0.16239999,2.4718015,0.533926917264309
1,2,486899.28296022024,0.16239999,2.4717443,0.534152298204257
1,2,486904.28315649496,0.16239999,2.4720306,0.5343776777171829
1,2,486909.2833527697,0.16239999,2.4720306,0.534603058382116
1,2,486914.2835490443,0.16239999,2.472336,0.534828437435231
1,2,486919.2837453189,0.16239999,2.4723551,0.5350538158734927
1,2,486924.2839415937,0.16239999,2.4722598,0.5352791929410851
1,2,486929.2841378683,0.16239999,2.472546,0.5355045719783907
1,2,486934.2843341429,0.16239999,2.4726224,0.5357299495611718
1,2,486939.2845304175,0.16239999,2.4727752,0.5359553295357291
1,2,486944.28472669213,0.16239999,2.4727752,0.5361807067989084
1,2,486949.28492296673,0.16239999,2.4729087,0.5364060893928473
1,2,486954.28511924134,0.16239999,2.472947,0.5366314734393323
1,2,486959.28531551594,0.16239999,2.4730043,0.53685685449177
1,2,486964.2855117908,0.16239999,2.4730997,0.5370822341360472
1,2,486969.2857080656,0.16239999,2.4732335,0.5373076150871554
1,2,486974.28590434045,0.16239999,2.4732716,0.537532995726456
1,2,486979.2861006153,0.16239999,2.4733098,0.5377583760102984
1,2,486984.2862968901,0.16239999,2.4732716,0.5379837575410485
1,2,486989.28649316495,0.16239999,2.4734623,0.5382091363515338
1,2,486994.2866894398,0.16239999,2.4736152,0.5384345150739241
1,2,486999.2868857146,0.16239999,2.4736915,0.5386598931916469
1,2,487004.28708198946,0.16239999,2.4737678,0.5388852709719726
1,2,487009.2872782643,0.16239999,2.473787,0.5391106501900583
1,2,487014.28747453913,0.16239999,2.4738061,0.5393360299619193
1,2,487019.28767081397,0.16239999,2.4739778,0.5395614095495009
1,2,487024.2878670888,0.16239999,2.4739969,0.5397867859670856
1,2,487029.28806336364,0.16239999,2.4739587,0.5400121621844021
1,2,487034.2882596385,0.16239999,2.4740925,0.5402375382743483
1,2,487039.2884559133,0.16239999,2.4741497,0.5404629143981583
1,2,487044.28865218814,0.16239999,2.4743407,0.5406882914357009
1,2,487049.288848463,0.16239999,2.474417,0.540913669972811
1,2,487054.2890447378,0.16239999,2.4745123,0.5411390473084794
1,2,487059.2892410122,0.16239999,2.4745505,0.5413644258931549
1,2,487064.28943728656,0.16239999,2.4747796,0.54158980652738
1,2,487069.2896335609,0.16239999,2.4745696,0.541815185914031
1,2,487074.2898298353,0.16239999,2.4748368,0.5420405634144085
1,2,487079.29002610967,0.16239999,2.4747796,0.5422659409025631
1,2,487084.29022238404,0.16239999,2.4749897,0.5424913157972425
1,2,487089.2904186584,0.16239999,2.4749897,0.5427166901654631
1,2,487094.2906149328,0.16239999,2.4750469,0.5429420646663213
1,2,487099.29081120715,0.16239999,2.4751997,0.543167438615518
1,2,487104.2910074815,0.16239999,2.4751997,0.5433928129770471
1,2,487109.2912037559,0.16239999,2.475486,0.5436181888660844
1,2,487114.29140003026,0.16239999,2.4753523,0.5438435657008056
1,2,487119.2915963046,0.16239999,2.475467,0.544068944576485
1,2,487124.291792579,0.16239999,2.4756577,0.5442943242167331
1,2,487129.29198885337,0.16239999,2.4758105,0.5445197016795432
1,2,487134.29218512774,0.16239999,2.475906,0.5447450783470494
1,2,487139.2923814021,0.16239999,2.475906,0.5449704564619343
1,2,487144.2925776765,0.16239999,2.4760587,0.5451958332921893
1,2,487149.29277395085,0.16239999,2.4760587,0.5454212094758474
1,2,487154.2929702252,0.16239999,2.4762306,0.5456465882732983
1,2,487159.2931664996,0.16239999,2.476326,0.5458719678141258
1,2,487164.29336277395,0.16239999,2.4764788,0.5460973458833255
1,2,487169.2935590483,0.16239999,2.4764214,0.5463227230294577
1,2,487174.2937553227,0.16239999,2.476536,0.546548102482212
1,2,487179.29395159706,0.16239999,2.4765742,0.5467734818322707
1,2,487184.29414787143,0.16239999,2.4767652,0.54699886013859
1,2,487189.2943441458,0.16239999,2.4768414,0.5472242399235838
1,2,487194.2945404202,0.16239999,2.4768414,0.5474496198437834
1,2,487199.29473669454,0.16239999,2.4770706,0.5476749978164202
1,2,487204.2949329689,0.16239999,2.4770896,0.5479003773940933
1,2,487209.2951292433,0.16239999,2.4772613,0.5481257551383043
1,2,487214.29532551765,0.16239999,2.4773188,0.5483511339566085
1,2,487219.295521792,0.16239999,2.4772232,0.5485765153765627
1,2,487224.2957180664,0.16239999,2.4773378,0.5488018962064103
1,2,487229.29591434076,0.16239999,2.477395,0.5490272747246738
1,2,487234.29611061513,0.16239999,2.4774904,0.5492526539466969
1,2,487239.2963068895,0.16239999,2.4775476,0.5494780349831456
1,2,487244.2965031639,0.16239999,2.4777005,0.5497034162775426
1,2,487249.29669943824,0.16239999,2.4777386,0.549928797902829
1,2,487254.2968957126,0.16239999,2.4779677,0.5501541804134422
1,2,487259.297091987,0.16239999,2.4779868,0.5503795626794629
1,2,487264.29728826135,0.16239999,2.4781396,0.5506049446507824
1,2,487269.2974845357,0.16239999,2.4780822,0.5508303246371307
1,2,487274.2976808101,0.16239999,2.478216,0.5510557022175424
1,2,487279.29787708446,0.16239999,2.478235,0.5512810805498982
1,2,487284.29807335883,0.16239999,2.478445,0.5515064594386683
1,2,487289.2982696332,0.16239999,2.478655,0.5517318371958194
1,2,487294.2984659076,0.16239999,2.4787695,0.5519572155074585
1,2,487299.29866218194,0.16239999,2.4788458,0.552182592800993
1,2,487304.2988584563,0.16239999,2.478884,0.5524079709353861
1,2,487309.2990547307,0.16239999,2.4789796,0.5526333507270026
1,2,487314.29925100505,0.16239999,2.4789414,0.5528587289865322
1,2,487319.2994472794,0.16239999,2.4791896,0.5530841072799935
1,2,487324.2996435538,0.16239999,2.4791703,0.553309483805494
1,2,487329.29983982816,0.16239999,2.4793613,0.5535348622929684
1,2,487334.30003610253,0.16239999,2.4794185,0.5537602385629331
1,2,487339.3002323769,0.16239999,2.4795713,0.5539856153148361
1,2,487344.3004286513,0.16239999,2.4797432,0.5542109922022851
1,2,487349.30062492564,0.16239999,2.4797049,0.5544363699428992
1,2,487354.3008212,0.16239999,2.4798958,0.5546617480903274
1,2,487359.3010174744,0.16239999,2.4798577,0.5548871282107009
1,2,487364.30121374875,0.16239999,2.479915,0.5551125066617253
1,2,487369.3014100231,0.16239999,2.4800487,0.5553378851991774
1,2,487374.3016062975,0.16239999,2.4800105,0.5555632634593735
1,2,487379.30180257186,0.16239999,2.4801059,0.5557886418556387
1,2,487384.30199884623,0.16239999,2.480163,0.5560140209191117
1,2,487389.3021951206,0.16239999,2.4804113,0.5562393977142993
1,2,487394.302391395,0.16239999,2.4803731,0.5564647733297123
1,2,487399.30258766934,0.16239999,2.4804876,0.5566901486710119
1,2,487404.3027839437,0.16239999,2.480545,0.5569155223676744
1,2,487409.3029802181,0.16239999,2.480545,0.5571408937835627
1,2,487414.30317649245,0.16239999,2.4806213,0.5573662678768453
1,2,487419.3033727668,0.16239999,2.4808886,0.5575916402189798
1,2,487424.3035690412,0.16239999,2.4808886,0.5578170138781335
1,2,487429.30376531556,0.16239999,2.4810796,0.5580423885128059
1,2,487434.30396158993,0.16239999,2.4810412,0.5582677614960248
1,2,487439.3041578643,0.16239999,2.4813085,0.5584931329730211
1,2,487444.3043541387,0.16239999,2.4813275,0.5587185047299323
1,2,487449.30455041304,0.16239999,2.4813275,0.5589438774071873
1,2,487454.3047466879,0.16239999,2.4815376,0.5591692534988166
1,2,487459.3049429627,0.16239999,2.4815376,0.5593946294493336
1,2,487464.30513923755,0.16239999,2.4817286,0.559620003969382
1,2,487469.3053355124,0.16239999,2.4817286,0.559845379768721
1,2,487474.3055317872,0.16239999,2.4819386,0.5600707535502704
1,2,487479.30572806206,0.16239999,2.4819195,0.5602961267784858
1,2,487484.3059243369,0.16239999,2.481843,0.5605214992508971
1,2,487489.3061206117,0.16239999,2.482072,0.5607468720105911
1,2,487494.30631688656,0.16239999,2.4821484,0.5609722460249132
1,2,487499.3065131614,0.16239999,2.482225,0.5611976199622635
1,2,487504.30670943623,0.16239999,2.4822822,0.5614229934338265
1,2,487509.30690571107,0.16239999,2.4822822,0.5616483694412857
1,2,487514.3071019859,0.16239999,2.4823203,0.5618737453421255
1,2,487519.30729826074,0.16239999,2.4825494,0.5620991211132689
1,2,487524.3074945356,0.16239999,2.4824922,0.5623244984791163
1,2,487529.3076908104,0.16239999,2.4827976,0.5625498740769574
1,2,487534.3078870848,0.16239999,2.482702,0.5627752494292176
1,2,487539.3080833596,0.16239999,2.4828548,0.5630006255694429
1,2,487544.30827963445,0.16239999,2.482912,0.5632260022470835
1,2,487549.3084759093,0.16239999,2.482874,0.5634513791752946
1,2,487554.3086721839,0.16239999,2.483122,0.5636767561130475
1,2,487559.3088684585,0.16239999,2.4832175,0.5639021356404317
1,2,487564.3090647331,0.16239999,2.483275,0.5641275151557293
1,2,487569.3092610077,0.16239999,2.483275,0.5643528941923927
1,2,487574.3094572823,0.16239999,2.4834275,0.5645782740604753
1,2,487579.3096535569,0.16239999,2.4835613,0.5648036565189933
1,2,487584.3098498315,0.16239999,2.4835994,0.5650290364788142
1,2,487589.3100461061,0.16239999,2.483752,0.5652544179578349
1,2,487594.3102423807,0.16239999,2.4838285,0.56547979774779
1,2,487599.3104386553,0.16239999,2.4840002,0.5657051767206681
1,2,487604.31063493004,0.16239999,2.4839811,0.5659305555591824
1,2,487609.31083120476,0.16239999,2.483924,0.5661559342837996
1,2,487614.3110274795,0.16239999,2.4840193,0.5663813161149075
1,2,487619.3112237542,0.16239999,2.484363,0.5666066962597387
1,2,487624.3114200289,0.16239999,2.4843056,0.5668320794064452
1,2,487629.31161630363,0.16239999,2.4843247,0.5670574606822033
1,2,487634.31181257835,0.16239999,2.4846494,0.5672828392016498
1,2,487639.31200885307,0.16239999,2.4844584,0.5675082203775123
1,2,487644.3122051278,0.16239999,2.4844775,0.5677336014516212
1,2,487649.3124014025,0.16239999,2.484802,0.5679589820167521
1,2,487654.3125976772,0.16239999,2.4848976,0.5681843621764795
1,2,487659.31279395195,0.16239999,2.4849167,0.5684097434736548
1,2,487664.31299022684,0.16239999,2.4851265,0.5686351238948015
1,2,487669.31318650156,0.16239999,2.4850693,0.5688605031738347
1,2,487674.3133827763,0.16239999,2.4852602,0.5690858863222367
1,2,487679.31357905094,0.16239999,2.4853938,0.5693112670379231
1,2,487684.31377532566,0.16239999,2.4854321,0.5695366457737179
1,2,487689.3139716004,0.16239999,2.485642,0.5697620218746621
1,2,487694.3141678751,0.16239999,2.485642,0.5699874011894108
1,2,487699.3143641498,0.16239999,2.48568,0.5702127799537074
1,2,487704.31456042454,0.16239999,2.485833,0.5704381582437729
1,2,487709.31475669914,0.16239999,2.4861383,0.5706635371474632
1,2,487714.31495297374,0.16239999,2.4860811,0.5708889151168499
1,2,487719.31514924834,0.16239999,2.486253,0.5711142945698657
1,2,487724.3153455227,0.16239999,2.4863102,0.5713396718681563
1,2,487729.3155417973,0.16239999,2.4863102,0.571565049308291
1,2,487734.3157380719,0.16239999,2.4864438,0.5717904272247711
1,2,487739.3159343465,0.16239999,2.4865203,0.5720158029899118
1,2,487744.3161306211,0.16239999,2.4865012,0.5722411788421224
1,2,487749.3163268957,0.16239999,2.48673,0.5724665537698393
1,2,487754.31652317056,0.16239999,2.4868448,0.5726919270959074
1,2,487759.3167194454,0.16239999,2.4869401,0.5729173012479096
1,2,487764.31691572024,0.16239999,2.4871502,0.5731426763884814
1,2,487769.3171119951,0.16239999,2.4870358,0.5733680504478944
1,2,487774.3173082699,0.16239999,2.4872646,0.5735934228817621
1,2,487779.31750454474,0.16239999,2.4874175,0.5738187947919003
1,2,487784.3177008196,0.16239999,2.4873793,0.5740441658517055
1,2,487789.3178970944,0.16239999,2.4874938,0.5742695364976292
1,2,487794.31809336925,0.16239999,2.4876275,0.5744949067256806
1,2,487799.3182896441,0.16239999,2.4877038,0.574720277699953
1,2,487804.31848591845,0.16239999,2.487761,0.5749456491694839
1,2,487809.3186821933,0.16239999,2.4877992,0.5751710197938672
1,2,487814.3188784681,0.16239999,2.4880474,0.5753963931855128
1,2,487819.31907474296,0.16239999,2.4880664,0.5756217649155151
1,2,487824.3192710178,0.16239999,2.4882383,0.5758471363951199
1,2,487829.31946729263,0.16239999,2.4882383,0.5760725095988619
1,2,487834.31966356747,0.16239999,2.4883337,0.5762978802780326
1,2,487839.3198598423,0.16239999,2.4884102,0.5765232496494352
1,2,487844.32005611714,0.16239999,2.4885437,0.5767486200530247
1,2,487849.320252392,0.16239999,2.488582,0.5769739922678107
1,2,487854.3204486668,0.16239999,2.48883,0.5771993641942392
1,2,487859.3206449412,0.16239999,2.488792,0.5774247370848068
1,2,487864.32084121555,0.16239999,2.4888682,0.5776501100641837
1,2,487869.3210374899,0.16239999,2.4891164,0.5778754831858401
1,2,487874.3212337643,0.16239999,2.4890783,0.5781008568825274
1,2,487879.32143003866,0.16239999,2.4892693,0.5783262320971199
1,2,487884.32162631303,0.16239999,2.4893074,0.5785516084180755
1,2,487889.3218225874,0.16239999,2.4894218,0.5787769811020005
1,2,487894.32201886177,0.16239999,2.4895747,0.5790023548950097
1,2,487899.32221513614,0.16239999,2.489842,0.5792277300975323
1,2,487904.3224114105,0.16239999,2.489861,0.579453103259945
1,2,487909.3226076849,0.16239999,2.4899182,0.5796784774621385
1,2,487914.32280395925,0.16239999,2.4900138,0.5799038537216774
1,2,487919.3230002336,0.16239999,2.4901092,0.5801292288754756
1,2,487924.323196508,0.16239999,2.4901664,0.5803546060881565
1,2,487929.32339278236,0.16239999,2.4903002,0.5805799853345743
1,2,487934.32358905673,0.16239999,2.4902046,0.5808053647254614
1,2,487939.3237853311,0.16239999,2.490491,0.5810307411642869
1,2,487944.32398160547,0.16239999,2.4903574,0.5812561165929138
1,2,487949.32417787984,0.16239999,2.4905481,0.5814814923863898
1,2,487954.3243741542,0.16239999,2.490739,0.581706868757925
1,2,487959.3245704286,0.16239999,2.4907773,0.5819322449433546
1,2,487964.32476670295,0.16239999,2.4910064,0.5821576199244864
1,2,487969.3249629773,0.16239999,2.4911783,0.5823829967641184
1,2,487974.3251592517,0.16239999,2.4912355,0.5826083747152015
1,2,487979.32535552606,0.16239999,2.4913883,0.5828337509743075
1,2,487984.32555180043,0.16239999,2.4912927,0.5830591278848516
1,2,487989.3257480748,0.16239999,2.49135,0.5832845039999949
1,2,487994.32594434917,0.16239999,2.4915981,0.5835098787744054
1,2,487999.32614062354,0.16239999,2.49156,0.5837352529352638
1,2,488004.3263368979,0.16239999,2.4918463,0.5839606258367706
1,2,488009.3265331723,0.16239999,2.491961,0.5841860001653052
1,2,488014.32672944665,0.16239999,2.49177,0.5844113757380736
1,2,488019.326925721,0.16239999,2.4921517,0.5846367488476858
1,2,488024.3271219954,0.16239999,2.4922092,0.5848621199812294
1,2,488029.32731826976,0.16239999,2.4923046,0.585087490286107
1,2,488034.32751454413,0.16239999,2.4922855,0.5853128612614291
1,2,488039.3277108185,0.16239999,2.4922855,0.5855382333274699
1,2,488044.32790709287,0.16239999,2.492591,0.5857636042040073
1,2,488049.32810336724,0.16239999,2.4926863,0.5859889751032028
1,2,488054.3282996416,0.16239999,2.4927247,0.5862143462140162
1,2,488059.328495916,0.16239999,2.4929345,0.5864397168100625
1,2,488064.32869219035,0.16239999,2.4928963,0.5866650884533954
1,2,488069.3288884647,0.16239999,2.4929726,0.5868904622419848
1,2,488074.3290847391,0.16239999,2.4931445,0.5871158375241846
1,2,488079.32928101346,0.16239999,2.4932973,0.5873412128513024
1,2,488084.3294772878,0.16239999,2.4932208,0.5875665888103453
1,2,488089.3296735622,0.16239999,2.4934118,0.5877919639235047
1,2,488094.32986983657,0.16239999,2.4936218,0.5880173394943136
1,2,488099.33006611094,0.16239999,2.4935262,0.5882427146946655
1,2,488104.3302623853,0.16239999,2.4935646,0.588468090999412
1,2,488109.3304586597,0.16239999,2.493851,0.5886934672486989
1,2,488114.33065493405,0.16239999,2.4937172,0.5889188404304534
1,2,488119.3308512084,0.16239999,2.4937553,0.5891442154873054
1,2,488124.3310474828,0.16239999,2.4940608,0.5893695927681898
1,2,488129.33124375716,0.16239999,2.4940608,0.5895949730290861
1,2,488134.3314400315,0.16239999,2.4941945,0.589820351331455
1,2,488139.3316363059,0.16239999,2.4942708,0.5900457305821736
1,2,488144.33183258027,0.16239999,2.4942708,0.5902711069958508
1,2,488149.33202885464,0.16239999,2.494309,0.5904964828289582
1,2,488154.332225129,0.16239999,2.4944236,0.5907218583265766
1,2,488159.3324214034,0.16239999,2.4945571,0.5909472352871687
1,2,488164.33261767775,0.16239999,2.49471,0.5911726118514248
1,2,488169.3328139521,0.16239999,2.4947672,0.5913979876085288
1,2,488174.3330102265,0.16239999,2.4947863,0.5916233638849523
1,2,488179.33320650086,0.16239999,2.49492,0.5918487420292049
1,2,488184.3334027752,0.16239999,2.4949963,0.5920741196505228
1,2,488189.3335990496,0.16239999,2.4952254,0.5922994971299452
1,2,488194.33379532397,0.16239999,2.4955118,0.5925248746641998
1,2,488199.33399159834,0.16239999,2.4954162,0.592750252302082
1,2,488204.3341878727,0.16239999,2.49555,0.5929756327243282
1,2,488209.3343841471,0.16239999,2.4956453,0.5932010138825335
1,2,488214.33458042145,0.16239999,2.495798,0.5934263937085942
1,2,488219.3347766958,0.16239999,2.495798,0.5936517759714599
1,2,488224.3349729702,0.16239999,2.4958172,0.5938771579816541
1,2,488229.33516924456,0.16239999,2.4961035,0.5941025374585018
1,2,488234.3353655189,0.16239999,2.4960272,0.5943279178241517
1,2,488239.3355617933,0.16239999,2.4961607,0.5945532972542678
1,2,488244.33575806767,0.16239999,2.4963899,0.5947786770848624
1,2,488249.3359543425,0.16239999,2.4963326,0.5950040550493292
1,2,488254.33615061734,0.16239999,2.4965043,0.5952294305095143
1,2,488259.3363468922,0.16239999,2.4967334,0.595454807842368
1,2,488264.336543167,0.16239999,2.496619,0.5956801867038558
1,2,488269.33673944185,0.16239999,2.4969435,0.5959055661007042
1,2,488274.3369357162,0.16239999,2.4970388,0.5961309458655045
1,2,488279.33713199105,0.16239999,2.4971154,0.5963563256550208
1,2,488284.3373282659,0.16239999,2.4972107,0.5965817051594406
1,2,488289.3375245407,0.16239999,2.4972298,0.5968070838508639
1,2,488294.33772081556,0.16239999,2.4974399,0.5970324609644148
1,2,488299.3379170904,0.16239999,2.4974017,0.5972578389771547
1,2,488304.33811336523,0.16239999,2.4974399,0.5974832180257688
1,2,488309.33830964006,0.16239999,2.497669,0.5977085973882683
1,2,488314.3385059149,0.16239999,2.4976308,0.5979339760087496
1,2,488319.33870218974,0.16239999,2.4978216,0.5981593539297861
1,2,488324.3388984646,0.16239999,2.497898,0.5983847302660916
1,2,488329.3390947394,0.16239999,2.4980316,0.5986101066482091
1,2,488334.33929101424,0.16239999,2.498108,0.5988354853600031
1,2,488339.3394872891,0.16239999,2.4983752,0.59906086627763
1,2,488344.3396835639,0.16239999,2.498299,0.5992862480146759
1,2,488349.3398798385,0.16239999,2.498356,0.5995116277795208
1,2,488354.3400761131,0.16239999,2.4987571,0.599737007816836
1,2,488359.3402723877,0.16239999,2.498719,0.5999623862593644
1,2,488364.3404686623,0.16239999,2.4987571,0.6001877630066927
1,2,488369.3406649369,0.16239999,2.4988906,0.6004131390319283
1,2,488374.34086121153,0.16239999,2.4990625,0.6006385155554247
1,2,488379.34105748613,0.16239999,2.499158,0.6008638943189001
1,2,488384.34125376074,0.16239999,2.4993107,0.6010892761150465
1,2,488389.34145003534,0.16239999,2.499387,0.6013146569541062
1,2,488394.34164630994,0.16239999,2.4995208,0.6015400386529315
1,2,488399.3418425849,0.16239999,2.4994633,0.6017654214600132
1,2,488404.3420388596,0.16239999,2.4999025,0.6019908035254766
1,2,488409.34223513433,0.16239999,2.4998643,0.60221618550563
1,2,488414.34243140905,0.16239999,2.4997497,0.6024415675642083
1,2,488419.34262768377,0.16239999,2.4998643,0.6026669467784703
1,2,488424.3428239585,0.16239999,2.5000744,0.6028923276306356
1,2,488429.3430202332,0.16239999,2.4999788,0.6031177069991263
1,2,488434.3432165079,0.16239999,2.500017,0.6033430851259677
1,2,488439.34341278265,0.16239999,2.5001698,0.6035684622741713
1,2,488444.34360905737,0.16239999,2.5003798,0.6037938383120653
1,2,488449.3438053321,0.16239999,2.500609,0.6040192155890216
1,2,488454.3440016068,0.16239999,2.500456,0.6042445935158298
1,2,488459.3441978815,0.16239999,2.5006852,0.6044699661163496
1,2,488464.34439415607,0.16239999,2.5008378,0.6046953410074917
1,2,488469.3445904308,0.16239999,2.5009334,0.6049207160796423
1,2,488474.34478670545,0.16239999,2.5009525,0.6051460902350958
1,2,488479.34498298017,0.16239999,2.5012197,0.6053714636020279
1,2,488484.3451792549,0.16239999,2.501086,0.6055968384015369
1,2,488489.3453755296,0.16239999,2.5012197,0.6058222148198716
1,2,488494.3455718043,0.16239999,2.5013342,0.6060475938682142
1,2,488499.3457680789,0.16239999,2.5015633,0.6062729731129689
1,2,488504.34596435353,0.16239999,2.501678,0.6064983523294363
1,2,488509.34616062813,0.16239999,2.5017924,0.6067237315053956
1,2,488514.34635690274,0.16239999,2.5019643,0.6069491100446425
1,2,488519.34655317734,0.16239999,2.502155,0.6071744900245716
1,2,488524.34674945194,0.16239999,2.5020597,0.6073998673565263
1,2,488529.34694572655,0.16239999,2.5024223,0.6076252425169397
1,2,488534.34714200115,0.16239999,2.5024798,0.607850619758951
1,2,488539.34733827575,0.16239999,2.5026515,0.6080759983274323
1,2,488544.3475345499,0.16239999,2.502537,0.6083013786421078
1,2,488549.3477308247,0.16239999,2.5028234,0.6085267574933229
1,2,488554.34792709956,0.16239999,2.5029187,0.6087521380470162
1,2,488559.3481233744,0.16239999,2.5031288,0.608977516952705
1,2,488564.34831964923,0.16239999,2.5031478,0.6092028915724745
1,2,488569.34851592407,0.16239999,2.503377,0.6094282653228656
1,2,488574.3487121989,0.16239999,2.5035295,0.6096536413013355
1,2,488579.34890847374,0.16239999,2.5035486,0.6098790183316966
1,2,488584.3491047486,0.16239999,2.5038543,0.6101043962920465
1,2,488589.3493010234,0.16239999,2.5037205,0.61032977603463
1,2,488594.34949729824,0.16239999,2.5037777,0.6105551542509339
1,2,488599.3496935731,0.16239999,2.5038543,0.6107805322154147
1,2,488604.3498898479,0.16239999,2.5037968,0.61100591272862
1,2,488609.35008612275,0.16239999,2.5041788,0.6112312948163342
1,2,488614.3502823976,0.16239999,2.504255,0.6114566745691133
1,2,488619.3504786724,0.16239999,2.5042741,0.6116820565103913
1,2,488624.35067494726,0.16239999,2.5045033,0.6119074389891368
1,2,488629.3508712221,0.16239999,2.504637,0.6121328239711655
1,2,488634.35106749693,0.16239999,2.5046177,0.6123582081513843
1,2,488639.35126377176,0.16239999,2.5046177,0.6125835879224787
1,2,488644.3514600466,0.16239999,2.5048277,0.6128089691358796
1,2,488649.35165632144,0.16239999,2.5050378,0.6130343508058189
1,2,488654.3518525958,0.16239999,2.5051332,0.6132597334677833
1,2,488659.3520488702,0.16239999,2.505286,0.6134851163788744
1,2,488664.35224514455,0.16239999,2.5053432,0.6137104954343396
1,2,488669.3524414189,0.16239999,2.5055342,0.6139358752640014
1,2,488674.3526376933,0.16239999,2.505496,0.6141612548540897
1,2,488679.35283396766,0.16239999,2.5056105,0.6143866328192974
1,2,488684.353030242,0.16239999,2.5058396,0.6146120091303529
1,2,488689.3532265164,0.16239999,2.5060115,0.6148373872530518
1,2,488694.35342279077,0.16239999,2.5062213,0.6150627679668632
1,2,488699.35361906514,0.16239999,2.5061831,0.6152881490879158
1,2,488704.3538153395,0.16239999,2.506317,0.61551353081229
1,2,488709.3540116139,0.16239999,2.5064313,0.6157389126367941
1,2,488714.35420788825,0.16239999,2.506336,0.615964290302684
1,2,488719.3544041626,0.16239999,2.5063741,0.6161896692441272
1,2,488724.354600437,0.16239999,2.5063741,0.6164150523363311
1,2,488729.35479671136,0.16239999,2.5066032,0.6166404337684802
1,2,488734.3549929857,0.16239999,2.5066223,0.6168658150583233
1,2,488739.3551892601,0.16239999,2.506794,0.6170911972815246
1,2,488744.35538553447,0.16239999,2.5069659,0.617316578125972
1,2,488749.35558180884,0.16239999,2.5073285,0.6175419572309355
1,2,488754.3557780832,0.16239999,2.5070996,0.617767337191432
1,2,488759.3559743576,0.16239999,2.5072713,0.6179927190729041
1,2,488764.35617063195,0.16239999,2.5075195,0.6182181005895983
1,2,488769.3563669063,0.16239999,2.5074623,0.6184434807545559
1,2,488774.3565631807,0.16239999,2.5076342,0.6186688623827041
1,2,488779.35675945505,0.16239999,2.5076532,0.618894242659899
1,2,488784.3569557294,0.16239999,2.5080159,0.6191196241322854
1,2,488789.3571520038,0.16239999,2.5080159,0.6193450042101798
1,2,488794.35734827816,0.16239999,2.5081303,0.6195703857650591
1,2,488799.35754455253,0.16239999,2.5083213,0.6197957659593887
1,2,488804.3577408269,0.16239999,2.5084167,0.6200211488895896
1,2,488809.3579371013,0.16239999,2.5085695,0.6202465326353584
1,2,488814.35813337564,0.16239999,2.5087986,0.6204719178605369
1,2,488819.35832965,0.16239999,2.5089512,0.6206973032920005
1,2,488824.3585259244,0.16239999,2.5090277,0.6209226877124782
1,2,488829.35872219875,0.16239999,2.5091422,0.6211480740589053
1,2,488834.3589184731,0.16239999,2.5091803,0.6213734594776887
1,2,488839.3591147475,0.16239999,2.509276,0.621598844600613
1,2,488844.35931102186,0.16239999,2.5095048,0.6218242298017111
1,2,488849.35950729623,0.16239999,2.5095048,0.6220496150483399
1,2,488854.3597035706,0.16239999,2.5096576,0.6222749998729147
1,2,488859.359899845,0.16239999,2.5098486,0.6225003839718154
1,2,488864.36009611934,0.16239999,2.509944,0.6227257684991335
1,2,488869.3602923937,0.16239999,2.5099058,0.6229511541431993
1,2,488874.3604886681,0.16239999,2.5100203,0.6231765380383201
1,2,488879.36068494245,0.16239999,2.5102303,0.6234019215733443
1,2,488884.3608812168,0.16239999,2.5104403,0.6236273041665621
1,2,488889.3610774912,0.16239999,2.5105357,0.6238526877400189
1,2,488894.36127376556,0.16239999,2.5106122,0.6240780704701668
1,2,488899.36147003993,0.16239999,2.5107267,0.6243034532294399
1,2,488904.3616663143,0.16239999,2.5107648,0.6245288386749502
1,2,488909.3618625887,0.16239999,2.5111468,0.6247542225137677
1,2,488914.36205886304,0.16239999,2.511185,0.624979605798762
1,2,488919.3622551374,0.16239999,2.511223,0.6252049890229959
1,2,488924.3624514118,0.16239999,2.5113757,0.6254303729767808
1,2,488929.36264768615,0.16239999,2.511662,0.6256557539850168
1,2,488934.3628439605,0.16239999,2.5117576,0.6258811395077541
1,2,488939.3630402349,0.16239999,2.5117958,0.6261065254872716
1,2,488944.36323650926,0.16239999,2.5118911,0.6263319095309992
1,2,488949.36343278363,0.16239999,2.5119486,0.6265572862499954
1,2,488954.363629058,0.16239999,2.5120058,0.6267826576361567
1,2,488959.3638253324,0.16239999,2.5121584,0.6270080316246874
1,2,488964.36402160674,0.16239999,2.5121393,0.6272334041877176
1,2,488969.3642178811,0.16239999,2.512235,0.6274587747090511
1,2,488974.3644141555,0.16239999,2.512483,0.6276841437811622
1,2,488979.36461042985,0.16239999,2.5125213,0.6279095136384147
1,2,488984.3648067042,0.16239999,2.5128076,0.6281348825898463
1,2,488989.3650029786,0.16239999,2.5128648,0.6283602509245618
1,2,488994.36519925296,0.16239999,2.5128648,0.6285856182384667
1,2,488999.36539552733,0.16239999,2.5130367,0.6288109869135364
1,2,489004.3655918017,0.16239999,2.5131512,0.6290363575173942
1,2,489009.3657880761,0.16239999,2.5132465,0.6292617303945623
1,2,489014.36598435044,0.16239999,2.5133994,0.6294871153069331
1,2,489019.3661806248,0.16239999,2.5133803,0.6297124997203535
1,2,489024.3663768992,0.16239999,2.513781,0.6299378845363874
1,2,489029.36657317355,0.16239999,2.5137239,0.6301632677177913
1,2,489034.3667694479,0.16239999,2.513934,0.6303886477731311
1,2,489039.3669657223,0.16239999,2.5140865,0.6306140289726938
1,2,489044.36716199666,0.16239999,2.514182,0.6308394088008455
1,2,489049.3673582715,0.16239999,2.5142584,0.6310647883985102
1,2,489054.36755454633,0.16239999,2.514621,0.6312901681880505
1,2,489059.36775082117,0.16239999,2.5146976,0.6315155471070675
1,2,489064.367947096,0.16239999,2.5146785,0.6317409280923051
1,2,489069.36814337084,0.16239999,2.5147738,0.6319663103859574
1,2,489074.3683396457,0.16239999,2.5149457,0.6321916897803637
1,2,489079.3685359205,0.16239999,2.5150983,0.6324170666285887
1,2,489084.36873219535,0.16239999,2.5151174,0.6326424414224029
1,2,489089.3689284702,0.16239999,2.5152702,0.6328678169231026
1,2,489094.369124745,0.16239999,2.5153847,0.6330931937609472
1,2,489099.36932101985,0.16239999,2.515671,0.6333185725148419
1,2,489104.3695172947,0.16239999,2.5157282,0.6335439557528586
1,2,489109.3697135695,0.16239999,2.515843,0.6337693389546771
1,2,489114.36990984436,0.16239999,2.5159383,0.6339947235799697
1,2,489119.3701061192,0.16239999,2.516034,0.6342201073526318
1,2,489124.37030239403,0.16239999,2.5162246,0.6344454908822212
1,2,489129.37049866887,0.16239999,2.5163584,0.634670873693265
1,2,489134.3706949437,0.16239999,2.5164537,0.6348962576056247
1,2,489139.37089121854,0.16239999,2.51653,0.6351216408248528
1,2,489144.3710874934,0.16239999,2.516702,0.6353470218577973
1,2,489149.371283768,0.16239999,2.5167973,0.6355724058710545
1,2,489154.3714800426,0.16239999,2.516912,0.635797788299208
1,2,489159.3716763172,0.16239999,2.5169883,0.636023171897774
1,2,489164.3718725918,0.16239999,2.517103,0.636248553070138
1,2,489169.3720688664,0.16239999,2.5173893,0.6364739338070089
1,2,489174.372265141,0.16239999,2.5174274,0.6366993138955568
1,2,489179.3724614156,0.16239999,2.5176375,0.6369246947739217
1,2,489184.3726576902,0.16239999,2.5176756,0.6371500725226552
1,2,489189.3728539648,0.16239999,2.5177329,0.6373754531015713
1,2,489194.3730502395,0.16239999,2.5180001,0.6376008327492426
1,2,489199.3732465141,0.16239999,2.5182102,0.637826210338691
1,2,489204.37344278884,0.16239999,2.5183055,0.6380515877802413
1,2,489209.37363906356,0.16239999,2.5183246,0.6382769669064408
1,2,489214.3738353383,0.16239999,2.5184774,0.6385023456744734
1,2,489219.374031613,0.16239999,2.5187447,0.6387277238121488
1,2,489224.3742278877,0.16239999,2.519012,0.638953101004666
1,2,489229.37442416244,0.16239999,2.519012,0.6391784795124631
1,2,489234.37462043716,0.16239999,2.5191264,0.6394038574380453
1,2,489239.3748167119,0.16239999,2.5191455,0.6396292363282633
1,2,489244.3750129866,0.16239999,2.5193746,0.6398546140316071
1,2,489249.37520926126,0.16239999,2.5195847,0.6400799945769965
1,2,489254.375405536,0.16239999,2.5195847,0.640305374948024
1,2,489259.3756018107,0.16239999,2.5198328,0.6405307527211987
1,2,489264.3757980854,0.16239999,2.5199854,0.6407561329502464
1,2,489269.3759943601,0.16239999,2.5201573,0.6409815141233529
1,2,489274.3761906348,0.16239999,2.5202909,0.6412068956123665
1,2,489279.37638690905,0.16239999,2.52031,0.6414322744699535
1,2,489284.37658318377,0.16239999,2.5204628,0.6416576504463074
1,2,489289.3767794585,0.16239999,2.5206156,0.641883026268738
1,2,489294.3769757331,0.16239999,2.5206728,0.6421083992917861
1,2,489299.3771720077,0.16239999,2.52094,0.6423337710880092
1,2,489304.3773682823,0.16239999,2.5211308,0.6425591446226422
1,2,489309.3775645569,0.16239999,2.5211117,0.6427845168848063
1,2,489314.3777608315,0.16239999,2.5213027,0.6430098916285412
1,2,489319.3779571061,0.16239999,2.5215318,0.6432352679029034
1,2,489324.3781533807,0.16239999,2.521551,0.6434606442114663
1,2,489329.37834965554,0.16239999,2.5214555,0.6436860196757807
1,2,489334.37854593014,0.16239999,2.5218563,0.6439113945203127
1,2,489339.37874220475,0.16239999,2.52199,0.6441367700558008
1,2,489344.37893847935,0.16239999,2.5220091,0.6443621440054536
1,2,489349.3791347542,0.16239999,2.5223336,0.6445875170362461
1,2,489354.379331029,0.16239999,2.5225627,0.644812889551816
1,2,489359.37952730386,0.16239999,2.5227919,0.6450382616056073
1,2,489364.3797235787,0.16239999,2.5227344,0.6452636362047826
1,2,489369.3799198535,0.16239999,2.522811,0.6454890121956833
1,2,489374.38011612836,0.16239999,2.5230782,0.645714389654567
1,2,489379.3803124032,0.16239999,2.5232499,0.6459397659123475
1,2,489384.38050867803,0.16239999,2.5234027,0.6461651406648136
1,2,489389.38070495287,0.16239999,2.5235362,0.6463905132267013
1,2,489394.3809012277,0.16239999,2.523651,0.6466158870736768
1,2,489399.38109750254,0.16239999,2.523899,0.6468412615629039
1,2,489404.3812937774,0.16239999,2.5237272,0.6470666342690804
1,2,489409.3814900522,0.16239999,2.5239563,0.6472920068669892
1,2,489414.38168632705,0.16239999,2.5241854,0.6475173825702263
1,2,489419.3818826019,0.16239999,2.5242999,0.6477427571776502
1,2,489424.3820788767,0.16239999,2.524338,0.6479681324597639
1,2,489429.38227515155,0.16239999,2.5244908,0.648193506711984
1,2,489434.3824714264,0.16239999,2.5246053,0.6484188792129723
1,2,489439.3826677012,0.16239999,2.5249872,0.6486442513570099
1,2,489444.38286397606,0.16239999,2.5250254,0.648869626593142
1,2,489449.38306025043,0.16239999,2.5251207,0.6490950024757973
1,2,489454.3832565248,0.16239999,2.5252354,0.6493203751438286
1,2,489459.3834527992,0.16239999,2.5253499,0.6495457484957353
1,2,489464.38364907354,0.16239999,2.525407,0.6497711248886479
1,2,489469.3838453479,0.16239999,2.5256362,0.649996500794294
1,2,489474.3840416223,0.16239999,2.5257316,0.6502218777312886
1,2,489479.38423789665,0.16239999,2.5259416,0.6504472540276598
1,2,489484.384434171,0.16239999,2.5261707,0.6506726275625867
1,2,489489.3846304454,0.16239999,2.5261326,0.650898000022659
1,2,489494.38482671976,0.16239999,2.5263617,0.6511233728092422
1,2,489499.38502299413,0.16239999,2.526438,0.6513487442119702
1,2,489504.3852192685,0.16239999,2.5268197,0.6515741168825909
1,2,489509.38541554287,0.16239999,2.5267243,0.6517994886716987
1,2,489514.38561181724,0.16239999,2.5269725,0.6520248578277472
1,2,489519.3858080916,0.16239999,2.5271063,0.6522502273760464
1,2,489524.386004366,0.16239999,2.5271254,0.6524755968257728
1,2,489529.38620064035,0.16239999,2.527469,0.6527009675527722
1,2,489534.3863969147,0.16239999,2.5273542,0.6529263388983171
1,2,489539.3865931891,0.16239999,2.527679,0.6531517135485346
1,2,489544.38678946346,0.16239999,2.5277743,0.6533770865653822
1,2,489549.38698573783,0.16239999,2.5280416,0.6536024600723206
1,2,489554.3871820122,0.16239999,2.528137,0.6538278354885796
1,2,489559.38737828657,0.16239999,2.528366,0.6540532108587542
1,2,489564.38757456094,0.16239999,2.5284233,0.6542785826755111
1,2,489569.3877708353,0.16239999,2.528538,0.6545039559066133
1,2,489574.3879671097,0.16239999,2.5287097,0.6547293303066519
1,2,489579.38816338405,0.16239999,2.5287862,0.6549547062838759
1,2,489584.3883596584,0.16239999,2.5290725,0.6551800831082888
1,2,489589.3885559328,0.16239999,2.5292826,0.6554054602944936
1,2,489594.38875220716,0.16239999,2.529416,0.6556308352649836
1,2,489599.38894848153,0.16239999,2.5295498,0.6558562086991347
1,2,489604.3891447559,0.16239999,2.5296834,0.6560815840619714
1,2,489609.38934103027,0.16239999,2.529588,0.6563069586106086
1,2,489614.38953730464,0.16239999,2.5298743,0.6565323323210547
1,2,489619.389733579,0.16239999,2.5301607,0.6567577086146287
1,2,489624.3899298534,0.16239999,2.5301988,0.656983087095131
1,2,489629.39012612775,0.16239999,2.5304852,0.6572084651505785
1,2,489634.3903224021,0.16239999,2.5305042,0.6574338434841752
1,2,489639.3905186765,0.16239999,2.5307524,0.657659219414458
1,2,489644.39071495086,0.16239999,2.5308287,0.6578845977936962
1,2,489649.39091122523,0.16239999,2.5311916,0.6581099741451173
1,2,489654.3911074996,0.16239999,2.5312297,0.6583353494525522
1,2,489659.39130377397,0.16239999,2.5312488,0.6585607272432368
1,2,489664.39150004834,0.16239999,2.5313632,0.6587861058511473
1,2,489669.3916963227,0.16239999,2.5317261,0.6590114831214484
1,2,489674.3918925971,0.16239999,2.5318596,0.659236856261464
1,2,489679.39208887145,0.16239999,2.5317068,0.6594622310044189
1,2,489684.3922851458,0.16239999,2.5320506,0.6596876080210253
1,2,489689.3924814202,0.16239999,2.5322223,0.6599129899431412
1,2,489694.39267769456,0.16239999,2.5322797,0.660138369832901
1,2,489699.3928739689,0.16239999,2.5324705,0.6603637480079684
1,2,489704.3930702433,0.16239999,2.5324705,0.660589126420129
1,2,489709.39326651767,0.16239999,2.5327759,0.6608145040934056
1,2,489714.39346279204,0.16239999,2.533024,0.6610398830634756
1,2,489719.3936590664,0.16239999,2.5332532,0.6612652613804402
1,2,489724.3938553408,0.16239999,2.5335205,0.6614906401800285
1,2,489729.39405161515,0.16239999,2.5334823,0.6617160183811844
1,2,489734.3942478895,0.16239999,2.5336924,0.6619413948607141
1,2,489739.3944441639,0.16239999,2.5339024,0.6621667713072378
1,2,489744.39464043826,0.16239999,2.534074,0.6623921480383007
1,2,489749.3948367126,0.16239999,2.5341122,0.6626175232543344
1,2,489754.395032987,0.16239999,2.534227,0.6628428989115542
1,2,489759.39522926137,0.16239999,2.534456,0.6630682730746048
1,2,489764.39542553574,0.16239999,2.5346086,0.6632936460512027
1,2,489769.3956218101,0.16239999,2.5347805,0.6635190216818107
1,2,489774.3958180845,0.16239999,2.5349522,0.6637443960199259
1,2,489779.39601435885,0.16239999,2.5351813,0.663969769392176
1,2,489784.3962106332,0.16239999,2.535315,0.6641951440688291
1,2,489789.3964069076,0.16239999,2.5353913,0.6644205184565792
1,2,489794.39660318196,0.16239999,2.5358114,0.6646458930706466
1,2,489799.3967994563,0.16239999,2.5358877,0.6648712653233485
1,2,489804.3969957307,0.16239999,2.5360212,0.6650966392768913
1,2,489809.39719200507,0.16239999,2.5361168,0.6653220110218875
1,2,489814.39738827944,0.16239999,2.5362694,0.6655473831305224
1,2,489819.3975845538,0.16239999,2.5363076,0.6657727553255518
1,2,489824.3977808282,0.16239999,2.5365748,0.6659981310959517
1,2,489829.39797710255,0.16239999,2.5366323,0.6662235064342462
1,2,489834.3981733769,0.16239999,2.5368614,0.6664488798219231
1,2,489839.3983696513,0.16239999,2.5368996,0.6666742530985327
1,2,489844.3985659261,0.16239999,2.5370903,0.6668996289238368
1,2,489849.39876220096,0.16239999,2.537434,0.6671250056335943
1,2,489854.3989584758,0.16239999,2.5375104,0.6673503811821507
1,2,489859.39915475063,0.16239999,2.5375676,0.6675757554711096
1,2,489864.39935102547,0.16239999,2.5379877,0.6678011312027234
1,2,489869.3995473003,0.16239999,2.5379496,0.6680265043041168
1,2,489874.39974357514,0.16239999,2.5379303,0.6682518781087399
1,2,489879.39993985,0.16239999,2.5383122,0.6684772523456365
1,2,489884.4001361248,0.16239999,2.5383122,0.66870262736634
1,2,489889.40033239964,0.16239999,2.5383313,0.6689280011404463
1,2,489894.4005286745,0.16239999,2.5387704,0.6691533771553371
1,2,489899.4007249493,0.16239999,2.5388658,0.6693787500110137
1,2,489904.40092122415,0.16239999,2.5389802,0.6696041196502936
1,2,489909.401117499,0.16239999,2.5390377,0.6698294885752872
1,2,489914.4013137738,0.16239999,2.5392857,0.6700548579937428
1,2,489919.40151004866,0.16239999,2.5396104,0.6702802270495909
1,2,489924.4017063235,0.16239999,2.5398777,0.6705055969744798
1,2,489929.4019025983,0.16239999,2.5398011,0.6707309731402812
1,2,489934.40209887316,0.16239999,2.5398777,0.6709563464841338
1,2,489939.402295148,0.16239999,2.5400875,0.6711817220383403
1,2,489944.4024914226,0.16239999,2.5402212,0.6714070957714088
1,2,489949.4026876972,0.16239999,2.5404694,0.671632468848837
1,2,489954.4028839718,0.16239999,2.540622,0.6718578420225391
1,2,489959.4030802464,0.16239999,2.540832,0.6720832141429691
1,2,489964.403276521,0.16239999,2.541004,0.6723085871411364
1,2,489969.4034727956,0.16239999,2.541233,0.672533959510194
1,2,489974.4036690702,0.16239999,2.5413094,0.6727593341519329
1,2,489979.4038653448,0.16239999,2.5413666,0.672984711711353
1,2,489984.4040616194,0.16239999,2.5416338,0.6732100858770742
1,2,489989.404257894,0.16239999,2.5419393,0.673435456243448
1,2,489994.40445416875,0.16239999,2.5417867,0.6736608280666736
1,2,489999.40465044347,0.16239999,2.5421493,0.6738861993232991
1,2,490004.4048467182,0.16239999,2.5423784,0.6741115677482312
1,2,490009.4050429929,0.16239999,2.5424929,0.6743369374341402
1,2,490014.4052392676,0.16239999,2.5428367,0.6745623079092429
1,2,490019.4054355419,0.16239999,2.542951,0.6747876782193367
1,2,490024.4056318166,0.16239999,2.5430465,0.6750130502522788
1,2,490029.4058280913,0.16239999,2.543142,0.6752384238349117
1,2,490034.40602436604,0.16239999,2.5434284,0.6754637979648578
1,2,490039.40622064075,0.16239999,2.5436,0.6756891718847016
1,2,490044.4064169154,0.16239999,2.5436957,0.6759145457073169
1,2,490049.40661319013,0.16239999,2.5438864,0.6761399189960717
1,2,490054.40680946485,0.16239999,2.543963,0.6763652916150608
1,2,490059.4070057396,0.16239999,2.5441346,0.6765906615134288
1,2,490064.4072020143,0.16239999,2.5442874,0.676816031933297
1,2,490069.40739828895,0.16239999,2.5447457,0.6770414038948823
1,2,490074.4075945637,0.16239999,2.5448983,0.6772667754625141
1,2,490079.4077908384,0.16239999,2.5449748,0.6774921481243273
1,2,490084.4079871131,0.16239999,2.5452418,0.6777175183389875
1,2,490089.40818338783,0.16239999,2.5452037,0.6779428886658071
1,2,490094.40837966255,0.16239999,2.545509,0.6781682564999065
1,2,490099.40857593715,0.16239999,2.5456238,0.6783936257982421
1,2,490104.40877221175,0.16239999,2.5457957,0.6786189937016527
1,2,490109.40896848636,0.16239999,2.5460436,0.6788443631283005
1,2,490114.40916476096,0.16239999,2.5462155,0.679069730980745
1,2,490119.40936103556,0.16239999,2.5464828,0.6792950994209335
1,2,490124.40955731017,0.16239999,2.5464256,0.6795204696022903
1,2,490129.40975358477,0.16239999,2.5466166,0.6797458384054917
1,2,490134.4099498594,0.16239999,2.5468454,0.6799712094385054
1,2,490139.410146134,0.16239999,2.5470936,0.6801965795285678
1,2,490144.4103424088,0.16239999,2.547151,0.6804219498504303
1,2,490149.41053868365,0.16239999,2.5473037,0.6806473192775309
1,2,490154.4107349585,0.16239999,2.5473228,0.680872690669338
1,2,490159.4109312333,0.16239999,2.547609,0.6810980620374341
1,2,490164.41112750815,0.16239999,2.5478573,0.6813234342625432
1,2,490169.411323783,0.16239999,2.547953,0.6815488064756162
1,2,490174.4115200578,0.16239999,2.5480483,0.681774179394188
1,2,490179.41171633266,0.16239999,2.5483155,0.6819995529146807
1,2,490184.4119126075,0.16239999,2.5485828,0.6822249243771517
1,2,490189.41210888233,0.16239999,2.54885,0.6824502963414912
1,2,490194.41230515717,0.16239999,2.54906,0.6826756686514476
1,2,490199.412501432,0.16239999,2.5493274,0.6829010403870982
1,2,490204.41269770684,0.16239999,2.5496328,0.6831264126206877
1,2,490209.4128939817,0.16239999,2.5498235,0.6833517834443004
1,2,490214.4130902565,0.16239999,2.5497854,0.6835771546690191
1,2,490219.41328653134,0.16239999,2.5499573,0.6838025251153204
1,2,490224.4134828062,0.16239999,2.5501673,0.6840278989555779
1,2,490229.413679081,0.16239999,2.5503964,0.6842532725216599
1,2,490234.41387535585,0.16239999,2.5506253,0.6844786476912947
1,2,490239.4140716307,0.16239999,2.5508735,0.6847040252506611
1,2,490244.41426790506,0.16239999,2.5509882,0.6849294017316155
1,2,490249.4144641794,0.16239999,2.5510836,0.6851547779408331
1,2,490254.4146604538,0.16239999,2.5513127,0.6853801542822613
1,2,490259.41485672817,0.16239999,2.551408,0.685605529898772
1,2,490264.41505300254,0.16239999,2.5517325,0.6858309069595728
1,2,490269.4152492769,0.16239999,2.5517519,0.6860562857216508
1,2,490274.4154455513,0.16239999,2.5519044,0.6862816654442742
1,2,490279.41564182565,0.16239999,2.5519235,0.6865070451617318
1,2,490284.4158381,0.16239999,2.5521526,0.6867324248769783
1,2,490289.4160343744,0.16239999,2.552439,0.6869578046287541
1,2,490294.41623064876,0.16239999,2.552458,0.6871831849473014
1,2,490299.4164269231,0.16239999,2.55284,0.6874085661893953
1,2,490304.4166231975,0.16239999,2.5529354,0.6876339436312916
1,2,490309.41681947187,0.16239999,2.5531073,0.6878593194827456
1,2,490314.41701574624,0.16239999,2.5533936,0.6880846963058
1,2,490319.4172120206,0.16239999,2.55347,0.6883100740712105
1,2,490324.417408295,0.16239999,2.5536418,0.6885354491166251
1,2,490329.41760456935,0.16239999,2.5537562,0.6887608251315854
1,2,490334.4178008437,0.16239999,2.5540426,0.6889862043282011
1,2,490339.4179971181,0.16239999,2.5540807,0.6892115834309345
1,2,490344.41819339246,0.16239999,2.5544434,0.6894369602578267
1,2,490349.4183896668,0.16239999,2.554539,0.689662335735645
1,2,490354.4185859412,0.16239999,2.5548062,0.6898877134994924
1,2,490359.41878221557,0.16239999,2.5550354,0.6901130915507916
1,2,490364.41897848994,0.16239999,2.5552835,0.6903384706474784
1,2,490369.4191747643,0.16239999,2.5552835,0.6905638483218287
1,2,490374.4193710387,0.16239999,2.5553026,0.6907892270760719
1,2,490379.41956731305,0.16239999,2.5556843,0.6910146052945969
1,2,490384.4197635874,0.16239999,2.5559134,0.6912399852475922
1,2,490389.4199598618,0.16239999,2.5561807,0.6914653664599981
1,2,490394.42015613616,0.16239999,2.5562952,0.6916907439020386
1,2,490399.4203524105,0.16239999,2.5565052,0.6919161216709739
1,2,490404.4205486849,0.16239999,2.556677,0.692141501863195
1,2,490409.42074495926,0.16239999,2.5567725,0.6923668805434772
1,2,490414.42094123363,0.16239999,2.557097,0.6925922589325443
1,2,490419.421137508,0.16239999,2.557135,0.6928176376677223
1,2,490424.4213337824,0.16239999,2.5574598,0.6930430156439511
1,2,490429.42153005674,0.16239999,2.5576315,0.6932683955028207
1,2,490434.4217263311,0.16239999,2.5578988,0.693493774796669
1,2,490439.4219226055,0.16239999,2.5580134,0.6937191553211519
1,2,490444.42211887985,0.16239999,2.5581088,0.6939445356372694
1,2,490449.4223151542,0.16239999,2.5584524,0.6941699127186728
1,2,490454.4225114286,0.16239999,2.5586052,0.6943952902593514
1,2,490459.42270770296,0.16239999,2.5587578,0.694620667503848
1,2,490464.42290397733,0.16239999,2.5588343,0.6948460439611964
1,2,490469.4231002517,0.16239999,2.5591207,0.6950714209473366
1,2,490474.4232965261,0.16239999,2.5592732,0.6952967984706654
1,2,490479.42349280044,0.16239999,2.559636,0.6955221754582269
1,2,490484.4236890748,0.16239999,2.5599034,0.6957475523845853
1,2,490489.4238853492,0.16239999,2.5599034,0.6959729296326754
1,2,490494.42408162355,0.16239999,2.5605142,0.6961983064139942
1,2,490499.4242778979,0.16239999,2.5605333,0.6964236832909196
1,2,490504.4244741723,0.16239999,2.5608387,0.6966490585001767
1,2,490509.42467044666,0.16239999,2.561087,0.6968744351289771
1,2,490514.42486672103,0.16239999,2.561297,0.6970998098576294
1,2,490519.4250629954,0.16239999,2.561297,0.6973251827287155
1,2,490524.4252592698,0.16239999,2.561526,0.6975505545949533
1,2,490529.42545554414,0.16239999,2.5617933,0.6977759292635721
1,2,490534.4256518185,0.16239999,2.5620031,0.6980013029743377
1,2,490539.4258480929,0.16239999,2.5620987,0.6982266764081098
1,2,490544.42604436725,0.16239999,2.562385,0.6984520489423401
1,2,490549.4262406416,0.16239999,2.562366,0.698677422007984
1,2,490554.426436916,0.16239999,2.5625377,0.698902797846431
1,2,490559.42663319036,0.16239999,2.562824,0.6991281750640292
1,2,490564.42682946473,0.16239999,2.5630913,0.6993535502104546
1,2,490569.4270257391,0.16239999,2.5631678,0.6995789272589462
1,2,490574.4272220135,0.16239999,2.5634732,0.6998043040013614
1,2,490579.42741828784,0.16239999,2.5635686,0.7000296806085352
1,2,490584.4276145622,0.16239999,2.5639696,0.7002550560608732
1,2,490589.4278108366,0.16239999,2.564065,0.7004804316085522
1,2,490594.42800711095,0.16239999,2.5643132,0.7007058077331503
1,2,490599.4282033853,0.16239999,2.5644276,0.7009311835309237
1,2,490604.4283996597,0.16239999,2.5645804,0.7011565591839057
1,2,490609.42859593406,0.16239999,2.5647714,0.7013819335928015
1,2,490614.42879220843,0.16239999,2.5650768,0.7016073085409298
1,2,490619.4289884828,0.16239999,2.5654776,0.7018326825538529
1,2,490624.4291847572,0.16239999,2.565802,0.7020580568328328
1,2,490629.42938103154,0.16239999,2.5658786,0.7022834299802849
1,2,490634.4295773059,0.16239999,2.565993,0.7025088024491828
1,2,490639.42977358075,0.16239999,2.566203,0.7027341723877591
1,2,490644.4299698556,0.16239999,2.5664513,0.7029595451283573
1,2,490649.4301661304,0.16239999,2.5664513,0.7031849180809618
1,2,490654.43036240526,0.16239999,2.5666995,0.7034102900056362
1,2,490659.4305586801,0.16239999,2.566814,0.7036356633339113
1,2,490664.4307549549,0.16239999,2.5671194,0.7038610378156265
1,2,490669.43095122976,0.16239999,2.5673866,0.7040864113622566
1,2,490674.4311475046,0.16239999,2.5674248,0.7043117856748503
1,2,490679.43134377943,0.16239999,2.5675967,0.704537160564638
1,2,490684.43154005427,0.16239999,2.567654,0.7047625343773102
1,2,490689.4317363291,0.16239999,2.5680358,0.7049879088990358
1,2,490694.43193260394,0.16239999,2.5683794,0.7052132801563518
1,2,490699.4321288788,0.16239999,2.5684748,0.7054386516606825
1,2,490704.4323251536,0.16239999,2.568761,0.7056640202983014
1,2,490709.43252142845,0.16239999,2.569105,0.7058893957906176
1,2,490714.4327177033,0.16239999,2.5691621,0.7061147681948585
1,2,490719.4329139781,0.16239999,2.5693338,0.7063401377293668
1,2,490724.43311025295,0.16239999,2.569563,0.7065655082894458
1,2,490729.4333065278,0.16239999,2.5696585,0.7067908784022109
1,2,490734.4335028026,0.16239999,2.5700402,0.7070162488051049
1,2,490739.4336990772,0.16239999,2.5700974,0.707241620316556
1,2,490744.43389535183,0.16239999,2.5703838,0.7074669940064625
1,2,490749.43409162643,0.16239999,2.570613,0.7076923692582515
1,2,490754.43428790104,0.16239999,2.5707085,0.7079177447505942
1,2,490759.4344841752,0.16239999,2.570823,0.7081431196821466
1,2,490764.4346804498,0.16239999,2.571052,0.7083684950442151
1,2,490769.4348767244,0.16239999,2.5712621,0.7085938702170578
1,2,490774.435072999,0.16239999,2.5715294,0.7088192454451192
1,2,490779.4352692736,0.16239999,2.5717773,0.7090446241638969
1,2,490784.4354655482,0.16239999,2.572102,0.7092700030907735
1,2,490789.4356618229,0.16239999,2.5721784,0.7094953810845765
1,2,490794.4358580976,0.16239999,2.5723312,0.7097207606890792
1,2,490799.43605437235,0.16239999,2.572541,0.7099461405755962
1,2,490804.43625064706,0.16239999,2.572751,0.71017152364407
1,2,490809.4364469218,0.16239999,2.5730374,0.7103969026715533
1,2,490814.4366431965,0.16239999,2.5731711,0.7106222824193547
1,2,490819.4368394712,0.16239999,2.5733047,0.7108476617859769
1,2,490824.43703574594,0.16239999,2.5735338,0.7110730423970514
1,2,490829.43723202066,0.16239999,2.57361,0.711298417468158
1,2,490834.4374282954,0.16239999,2.573801,0.7115237952271204
1,2,490839.4376245701,0.16239999,2.5740302,0.711749169910335
1,2,490844.4378208448,0.16239999,2.5742211,0.7119745445700802
1,2,490849.4380171195,0.16239999,2.5743356,0.7121999219291154
1,2,490854.4382133942,0.16239999,2.5745456,0.7124253017819608
1,2,490859.4384096689,0.16239999,2.574832,0.7126506791534898
1,2,490864.4386059436,0.16239999,2.57487,0.7128760587377649
1,2,490869.4388022183,0.16239999,2.5750227,0.7131014363136715
1,2,490874.438998493,0.16239999,2.5753093,0.7133268148117273
1,2,490879.43919476774,0.16239999,2.5756147,0.7135521938679343
1,2,490884.4393910427,0.16239999,2.575672,0.7137775719464587
1,2,490889.4395873174,0.16239999,2.5761874,0.7140029495543797
1,2,490894.439783592,0.16239999,2.5761874,0.7142283277330109
1,2,490899.4399798666,0.16239999,2.5765119,0.714453704814723
1,2,490904.4401761412,0.16239999,2.5765882,0.7146790806393715
1,2,490909.4403724158,0.16239999,2.5768745,0.7149044589088891
1,2,490914.4405686904,0.16239999,2.5772755,0.7151298373408815
1,2,490919.440764965,0.16239999,2.5775237,0.7153552166674991
1,2,490924.4409612396,0.16239999,2.5777144,0.7155805947931427
1,2,490929.44115751423,0.16239999,2.5779054,0.7158059718887138
1,2,490934.44135378883,0.16239999,2.5780773,0.7160313509777033
1,2,490939.44155006343,0.16239999,2.5784209,0.7162567302804086
1,2,490944.44174633827,0.16239999,2.5785546,0.7164821100915673
1,2,490949.4419426131,0.16239999,2.5785928,0.7167074880497425
1,2,490954.44213888794,0.16239999,2.578879,0.7169328676478873
1,2,490959.4423351628,0.16239999,2.5791273,0.7171582455820601
1,2,490964.4425314376,0.16239999,2.57928,0.7173836228450514
1,2,490969.44272771245,0.16239999,2.5795472,0.7176090009511852
1,2,490974.4429239873,0.16239999,2.579681,0.717834378337972
1,2,490979.4431202621,0.16239999,2.5799482,0.7180597558266447
1,2,490984.44331653696,0.16239999,2.5802727,0.7182851358985977
1,2,490989.4435128118,0.16239999,2.5806544,0.7185105146237671
1,2,490994.4437090866,0.16239999,2.5806735,0.7187358929187334
1,2,490999.44390536146,0.16239999,2.58075,0.7189612730335636
1,2,491004.4441016363,0.16239999,2.5810173,0.7191866500662029
1,2,491009.44429791113,0.16239999,2.58138,0.7194120269045202
1,2,491014.44449418597,0.16239999,2.5817044,0.7196374056840259
1,2,491019.4446904608,0.16239999,2.5819907,0.7198627857095667
1,2,491024.4448867352,0.16239999,2.5822198,0.7200881636139919
1,2,491029.44508301,0.16239999,2.5823536,0.7203135393805878
1,2,491034.44527928485,0.16239999,2.582487,0.7205389147640286
1,2,491039.4454755597,0.16239999,2.5828116,0.7207642905382996
1,2,491044.44567183405,0.16239999,2.5829453,0.7209896673211714
1,2,491049.4458681084,0.16239999,2.5831745,0.7212150445187798
1,2,491054.4460643828,0.16239999,2.5832698,0.7214404230865781
1,2,491059.44626065716,0.16239999,2.5835562,0.7216658029232392
1,2,491064.44645693153,0.16239999,2.5836134,0.7218911842088462
1,2,491069.4466532059,0.16239999,2.5838044,0.7221165675214607
1,2,491074.4468494803,0.16239999,2.5842435,0.7223419511960947
1,2,491079.44704575464,0.16239999,2.5845108,0.722567333708386
1,2,491084.447242029,0.16239999,2.5844533,0.7227927173056623
1,2,491089.4474383034,0.16239999,2.5847971,0.7230181006742571
1,2,491094.44763457775,0.16239999,2.5849879,0.7232434810695876
1,2,491099.4478308521,0.16239999,2.5853124,0.7234688606360352
1,2,491104.4480271265,0.16239999,2.5854843,0.7236942410660623
1,2,491109.44822340086,0.16239999,2.5857706,0.7239196237839821
1,2,491114.44841967523,0.16239999,2.5858853,0.7241450042786463
1,2,491119.4486159496,0.16239999,2.5859997,0.7243703844149573
1,2,491124.44881222397,0.16239999,2.5864007,0.7245957657083121
1,2,491129.44900849834,0.16239999,2.5866678,0.7248211480136643
1,2,491134.4492047727,0.16239999,2.5867443,0.7250465309360984
1,2,491139.4494010471,0.16239999,2.587145,0.7252719089112394
1,2,491144.44959732145,0.16239999,2.5872407,0.7254972873425943
1,2,491149.4497935958,0.16239999,2.5876415,0.7257226662885393
1,2,491154.4499898702,0.16239999,2.5876987,0.7259480431614886
1,2,491159.45018614456,0.16239999,2.5880997,0.7261734230596643
1,2,491164.45038241893,0.16239999,2.5882905,0.7263988015347094
1,2,491169.4505786933,0.16239999,2.5884624,0.726624179065838
1,2,491174.45077496767,0.16239999,2.5886343,0.7268495579536411
1,2,491179.45097124204,0.16239999,2.589016,0.7270749369612878
1,2,491184.4511675164,0.16239999,2.5893595,0.7273003149838368
1,2,491189.4513637908,0.16239999,2.5895123,0.7275256956353001
1,2,491194.45156006515,0.16239999,2.5897224,0.7277510774508992
1,2,491199.4517563395,0.16239999,2.5900278,0.7279764579851764
1,2,491204.4519526139,0.16239999,2.5903141,0.7282018386448038
1,2,491209.45214888826,0.16239999,2.590486,0.7284272158075178
1,2,491214.45234516263,0.16239999,2.5907533,0.7286525914073806
1,2,491219.452541437,0.16239999,2.590944,0.728877968258849
1,2,491224.45273771137,0.16239999,2.5912495,0.7291033467456777
1,2,491229.45293398574,0.16239999,2.5916314,0.7293287235340736
1,2,491234.4531302601,0.16239999,2.5917077,0.7295541002368318
1,2,491239.4533265345,0.16239999,2.592166,0.7297794790526433
1,2,491244.45352280885,0.16239999,2.592376,0.7300048607239296
1,2,491249.4537190832,0.16239999,2.5924714,0.7302302398947554
1,2,491254.4539153576,0.16239999,2.5927196,0.7304556197316923
1,2,491259.45411163196,0.16239999,2.5930822,0.7306810007940269
1,2,491264.45430790633,0.16239999,2.5934832,0.7309063802148107
1,2,491269.4545041807,0.16239999,2.5934258,0.7311317609233321
1,2,491274.45470045507,0.16239999,2.5937505,0.7313571401655892
1,2,491279.45489672944,0.16239999,2.5939796,0.7315825185635564
1,2,491284.4550930038,0.16239999,2.5943995,0.7318078952910745
1,2,491289.4552892782,0.16239999,2.5945523,0.7320332737078022
1,2,491294.45548555255,0.16239999,2.5946286,0.7322586519192011
1,2,491299.4556818269,0.16239999,2.5948768,0.7324840310765333
1,2,491304.4558781013,0.16239999,2.595106,0.732709408592668
1,2,491309.45607437566,0.16239999,2.595144,0.7329347855689667
1,2,491314.45627065003,0.16239999,2.5954113,0.7331601604613472
1,2,491319.4564669244,0.16239999,2.5956786,0.7333855361677261
1,2,491324.45666319877,0.16239999,2.5960221,0.7336109077994676
1,2,491329.45685947314,0.16239999,2.5963085,0.7338362678928989
1,2,491334.4570557475,0.16239999,2.5965948,0.7340616268628787
1,2,491339.4572520219,0.16239999,2.5967476,0.7342869857200426
1,2,491344.45744829625,0.16239999,2.5969384,0.7345123460006325
1,2,491349.4576445706,0.16239999,2.5971484,0.7347377059051436
1,2,491354.457840845,0.16239999,2.597473,0.7349630635815669
1,2,491359.45803711936,0.16239999,2.5974348,0.7351884226995236
1,2,491364.4582333937,0.16239999,2.5977976,0.7354137835749802
1,2,491369.4584296681,0.16239999,2.5981603,0.7356391476599334
1,2,491374.45862594247,0.16239999,2.5982747,0.7358645122915084
1,2,491379.45882221684,0.16239999,2.5986757,0.7360898761351646
1,2,491384.4590184912,0.16239999,2.5986757,0.7363152399659985
1,2,491389.4592147656,0.16239999,2.5990956,0.7365406026711199
1,2,491394.45941103995,0.16239999,2.5991912,0.736765965623925
1,2,491399.4596073143,0.16239999,2.5995157,0.7369913276809975
1,2,491404.4598035887,0.16239999,2.5997448,0.7372166892419896
1,2,491409.45999986306,0.16239999,2.599974,0.7374420496765457
1,2,491414.4601961374,0.16239999,2.6003175,0.7376674230943943
1,2,491419.4603924118,0.16239999,2.600451,0.737892798904087
1,2,491424.46058868617,0.16239999,2.600852,0.7381181743291683
1,2,491429.46078496054,0.16239999,2.6009665,0.738343550081878
1,2,491434.4609812354,0.16239999,2.6010811,0.7385689265476283
1,2,491439.4611775102,0.16239999,2.6015582,0.7387943049527953
1,2,491444.46137378504,0.16239999,2.601902,0.7390196801238118
1,2,491449.4615700599,0.16239999,2.6019783,0.7392450553125673
1,2,491454.4617663347,0.16239999,2.6026273,0.739470432834805
1,2,491459.46196260955,0.16239999,2.6026082,0.7396958119194799
1,2,491464.4621588844,0.16239999,2.602933,0.7399211896461879
1,2,491469.4623551592,0.16239999,2.6029902,0.7401465670346884
1,2,491474.46255143406,0.16239999,2.6032765,0.7403719455420169
1,2,491479.4627477089,0.16239999,2.6037729,0.7405973240524764
1,2,491484.46294398373,0.16239999,2.6039255,0.7408227039605472
1,2,491489.46314025857,0.16239999,2.6042883,0.7410480839864464
1,2,491494.46333653294,0.16239999,2.60446,0.7412734650109577
1,2,491499.4635328078,0.16239999,2.6047654,0.7414988457399285
1,2,491504.4637290826,0.16239999,2.6049945,0.7417242266504394
1,2,491509.46392535744,0.16239999,2.6052809,0.7419496057342351
1,2,491514.4641216323,0.16239999,2.6054718,0.742174985412429
1,2,491519.4643179071,0.16239999,2.60572,0.7424003646093973
1,2,491524.46451418195,0.16239999,2.6060636,0.7426257455790872
1,2,491529.4647104568,0.16239999,2.6060636,0.7428511269475124
1,2,491534.4649067314,0.16239999,2.6064456,0.7430765071715789
1,2,491539.465103006,0.16239999,2.606789,0.7433018855462556
1,2,491544.4652992806,0.16239999,2.6070373,0.7435272613527363
1,2,491549.4654955552,0.16239999,2.607228,0.7437526375901925
1,2,491554.4656918298,0.16239999,2.6074572,0.74397801586111
1,2,491559.4658881044,0.16239999,2.60761,0.7442033950795368
1,2,491564.466084379,0.16239999,2.60782,0.7444287727953446
1,2,491569.4662806536,0.16239999,2.607839,0.7446541499846927
1,2,491574.4664769282,0.16239999,2.6083927,0.7448795266159767
1,2,491579.4666732028,0.16239999,2.6084118,0.7451049035858729
1,2,491584.46686947753,0.16239999,2.6089463,0.745330280397662
1,2,491589.46706575225,0.16239999,2.6088126,0.7455556579665725
1,2,491594.46726202697,0.16239999,2.6091754,0.7457810340115065
1,2,491599.4674583017,0.16239999,2.6095572,0.7460064128200173
1,2,491604.4676545764,0.16239999,2.6097863,0.7462317936864099
1,2,491609.4678508511,0.16239999,2.6103017,0.746457174653589
1,2,491614.46804712585,0.16239999,2.610397,0.746682553797029
1,2,491619.4682434008,0.16239999,2.6108553,0.7469079332586328
1,2,491624.4684396755,0.16239999,2.6109698,0.7471333122174557
1,2,491629.46863595024,0.16239999,2.6113327,0.7473586919522202
1,2,491634.46883222496,0.16239999,2.6116953,0.7475840703969397
1,2,491639.4690284997,0.16239999,2.6119816,0.747809449119686
1,2,491644.4692247744,0.16239999,2.612249,0.7480348274388021
1,2,491649.46942104906,0.16239999,2.6126306,0.7482602028448596
1,2,491654.4696173238,0.16239999,2.6126306,0.7484855776897129
1,2,491659.46981359844,0.16239999,2.6130698,0.7487109522981319
1,2,491664.47000987316,0.16239999,2.6134899,0.7489363260284014
1,2,491669.4702061479,0.16239999,2.6137571,0.749161697501482
1,2,491674.4704024226,0.16239999,2.6140244,0.7493870720537302
1,2,491679.4705986973,0.16239999,2.614196,0.7496124454966425
1,2,491684.4707949718,0.16239999,2.6146162,0.7498378205020789
1,2,491689.4709912464,0.16239999,2.6147115,0.7500631968489047
1,2,491694.471187521,0.16239999,2.6149597,0.7502885737722356
1,2,491699.4713837956,0.16239999,2.615456,0.7505139486535503
1,2,491704.4715800702,0.16239999,2.6156662,0.7507393238649522
1,2,491709.4717763448,0.16239999,2.6157806,0.7509646989777673
1,2,491714.4719726194,0.16239999,2.6161816,0.7511900753734166
1,2,491719.472168894,0.16239999,2.6162388,0.7514154488920881
1,2,491724.4723651686,0.16239999,2.6166587,0.7516408230389767
1,2,491729.4725614432,0.16239999,2.6168878,0.7518661970119771
1,2,491734.47275771806,0.16239999,2.6170216,0.7520915688850934
1,2,491739.4729539929,0.16239999,2.6173842,0.7523169402333023
1,2,491744.47315026773,0.16239999,2.6175942,0.7525423101067573
1,2,491749.47334654257,0.16239999,2.6177278,0.7527676784900159
1,2,491754.4735428174,0.16239999,2.6178424,0.7529930474078669
1,2,491759.47373909224,0.16239999,2.6181288,0.7532184185141471
1,2,491764.4739353666,0.16239999,2.6182623,0.7534437890740224
1,2,491769.47413164144,0.16239999,2.6186633,0.753669157172067
1,2,491774.4743279163,0.16239999,2.618835,0.7538945277910875
1,2,491779.4745241911,0.16239999,2.619064,0.7541199013630951
1,2,491784.47472046595,0.16239999,2.6193886,0.75434527041668
1,2,491789.4749167408,0.16239999,2.619465,0.7545706285086942
1,2,491794.4751130156,0.16239999,2.6197705,0.7547959870163853
1,2,491799.47530929046,0.16239999,2.6197324,0.7550213501054203
1,2,491804.4755055653,0.16239999,2.6200187,0.7552467230876955
1,2,491809.4757018401,0.16239999,2.6205342,0.7554720947260879
1,2,491814.47589811496,0.16239999,2.620725,0.7556974695258419
1,2,491819.4760943898,0.16239999,2.6212785,0.7559228440259014
1,2,491824.47629066464,0.16239999,2.6213932,0.7561482184638428
1,2,491829.4764869395,0.16239999,2.6214504,0.7563735957099785
1,2,491834.4766832143,0.16239999,2.6216033,0.7565989737484072
1,2,491839.4768794887,0.16239999,2.6216986,0.7568243529282749
1,2,491844.47707576305,0.16239999,2.6218321,0.7570497322553593
1,2,491849.4772720374,0.16239999,2.6222713,0.7572751108245632
1,2,491854.4774683118,0.16239999,2.6225576,0.7575004867046912
1,2,491859.47766458616,0.16239999,2.6227105,0.7577258620579538
1,2,491864.4778608605,0.16239999,2.6228821,0.7579512373439526
1,2,491869.4780571349,0.16239999,2.6230159,0.7581766124958949
1,2,491874.47825340927,0.16239999,2.6230922,0.7584019862364006
1,2,491879.47844968364,0.16239999,2.623474,0.7586273604378689
1,2,491884.478645958,0.16239999,2.623684,0.7588527348255752
1,2,491889.4788422324,0.16239999,2.6240468,0.7590781086134817
1,2,491894.47903850675,0.16239999,2.624123,0.759303482166766
1,2,491899.4792347811,0.16239999,2.6246004,0.7595288545496478
1,2,491904.4794310555,0.16239999,2.6250012,0.7597542277235643
1,2,491909.47962732986,0.16239999,2.6252685,0.7599795995502154
1,2,491914.4798236042,0.16239999,2.6254785,0.7602049720230397
1,2,491919.4800198786,0.16239999,2.625822,0.760430345582431
1,2,491924.48021615297,0.16239999,2.6262994,0.7606557173942133
1,2,491929.48041242734,0.16239999,2.626452,0.7608810929771609
1,2,491934.4806087017,0.16239999,2.6267767,0.7611064687931492
1,2,491939.4808049761,0.16239999,2.627082,0.7613318442921726
1,2,491944.48100125045,0.16239999,2.6272728,0.7615572197023478
1,2,491949.4811975248,0.16239999,2.627731,0.7617825960997795
1,2,491954.4813937992,0.16239999,2.6280365,0.7620079696895212
1,2,491959.48159007356,0.16239999,2.6282656,0.7622333447940297
1,2,491964.4817863479,0.16239999,2.628743,0.7624587172498171
1,2,491969.4819826223,0.16239999,2.6291056,0.7626840879543454
1,2,491974.48217889667,0.16239999,2.6293347,0.7629094593160746
1,2,491979.48237517104,0.16239999,2.6299264,0.7631348346509434
1,2,491984.4825714454,0.16239999,2.629831,0.7633602121373736
1,2,491989.4827677198,0.16239999,2.6303084,0.7635855884537297
1,2,491994.48296399415,0.16239999,2.6306138,0.7638109666042797
1,2,491999.4831602685,0.16239999,2.6308239,0.764036344656314
1,2,492004.4833565429,0.16239999,2.631091,0.7642617218030779
1,2,492009.48355281726,0.16239999,2.6316447,0.7644870997571082
1,2,492014.4837490916,0.16239999,2.631702,0.764712478493287
1,2,492019.483945366,0.16239999,2.6321027,0.764937857354105
1,2,492024.48414164037,0.16239999,2.6321983,0.7651632350581657
1,2,492029.48433791474,0.16239999,2.6326945,0.7653886109353888
1,2,492034.4845341891,0.16239999,2.6328664,0.7656139864808268
1,2,492039.4847304635,0.16239999,2.6332483,0.7658393608847199
1,2,492044.48492673784,0.16239999,2.6333818,0.7660647336925928
1,2,492049.4851230122,0.16239999,2.6337254,0.7662901070703505
1,2,492054.4853192866,0.16239999,2.63384,0.7665154786648871
1,2,492059.48551556095,0.16239999,2.6342218,0.7667408482705376
1,2,492064.4857118353,0.16239999,2.6342027,0.7669662164719084
1,2,492069.4859081097,0.16239999,2.6346037,0.7671915858766474
1,2,492074.48610438406,0.16239999,2.6350236,0.7674169588897166
1,2,492079.48630065843,0.16239999,2.6352527,0.7676423324079716
1,2,492084.4864969328,0.16239999,2.6355772,0.7678677072974431
1,2,492089.4866932072,0.16239999,2.6358254,0.768093083312824
1,2,492094.48688948154,0.16239999,2.6359973,0.7683184601090133
1,2,492099.4870857559,0.16239999,2.6363218,0.7685438357461174
1,2,492104.4872820303,0.16239999,2.63678,0.7687692125133107
1,2,492109.48747830465,0.16239999,2.6370664,0.7689945912823731
1,2,492114.487674579,0.16239999,2.6373718,0.7692199696268353
1,2,492119.4878708534,0.16239999,2.637639,0.7694453464076308
1,2,492124.48806712776,0.16239999,2.6379063,0.7696707215744841
1,2,492129.48826340213,0.16239999,2.6382499,0.7698960961528897
1,2,492134.4884596765,0.16239999,2.6385934,0.7701214726210597
1,2,492139.4886559509,0.16239999,2.638918,0.7703468499483007
1,2,492144.48885222524,0.16239999,2.6390326,0.77057222765309
1,2,492149.4890484996,0.16239999,2.6392999,0.7707976046221907
1,2,492154.489244774,0.16239999,2.6397963,0.7710229807188872
1,2,492159.48944104835,0.16239999,2.6400826,0.7712483543235731
1,2,492164.4896373227,0.16239999,2.6404452,0.7714737288131968
1,2,492169.4898335971,0.16239999,2.6406744,0.7716991036208294
1,2,492174.49002987146,0.16239999,2.6409225,0.7719244762725943
1,2,492179.49022614583,0.16239999,2.641037,0.7721498520865512
1,2,492184.4904224202,0.16239999,2.641419,0.7723752296972545
1,2,492189.4906186946,0.16239999,2.6415334,0.7726006069649182
1,2,492194.49081496894,0.16239999,2.6418197,0.7728259822378519
1,2,492199.4910112433,0.16239999,2.642316,0.7730513563639816
1,2,492204.4912075177,0.16239999,2.642507,0.7732767313125146
1,2,492209.49140379205,0.16239999,2.6427362,0.7735021060593099
1,2,492214.4916000664,0.16239999,2.6428888,0.7737274822734937
1,2,492219.4917963408,0.16239999,2.643137,0.7739528594918238
1,2,492224.49199261516,0.16239999,2.6434805,0.7741782369323136
1,2,492229.49218889,0.16239999,2.6438816,0.7744036118032439
1,2,492234.49238516437,0.16239999,2.6441298,0.7746289836398615
1,2,492239.4925814392,0.16239999,2.644397,0.7748543569412534
1,2,492244.49277771404,0.16239999,2.6447215,0.7750797315826388
1,2,492249.4929739889,0.16239999,2.645027,0.7753051059766624
1,2,492254.4931702637,0.16239999,2.6450841,0.7755304789705852
1,2,492259.49336653855,0.16239999,2.645428,0.7757558485204119
1,2,492264.4935628134,0.16239999,2.645924,0.7759812188925848
1,2,492269.4937590882,0.16239999,2.645924,0.7762065863647921
1,2,492274.49395536305,0.16239999,2.6463633,0.7764319562184833
1,2,492279.4941516379,0.16239999,2.6466877,0.7766573241519561
1,2,492284.4943479127,0.16239999,2.6468596,0.7768826924661785
1,2,492289.49454418756,0.16239999,2.6472604,0.7771080651321268
1,2,492294.4947404624,0.16239999,2.6475277,0.7773334354290927
1,2,492299.49493673723,0.16239999,2.6479669,0.7775588065526715
1,2,492304.49513301207,0.16239999,2.6485205,0.7777841778114535
1,2,492309.4953292869,0.16239999,2.6485968,0.7780095471991331
1,2,492314.49552556174,0.16239999,2.6489787,0.7782349155090705
1,2,492319.4957218366,0.16239999,2.6491504,0.7784602832525684
1,2,492324.4959181114,0.16239999,2.6494749,0.7786856523454526
1,2,492329.496114386,0.16239999,2.6496086,0.77891102011792
1,2,492334.4963106606,0.16239999,2.650086,0.7791363878027405
1,2,492339.4965069352,0.16239999,2.6502194,0.7793617573913673
1,2,492344.4967032098,0.16239999,2.6504867,0.7795871287460457
1,2,492349.4968994844,0.16239999,2.650964,0.7798124997560985
1,2,492354.497095759,0.16239999,2.6512122,0.7800378713636918
1,2,492359.49729203386,0.16239999,2.6515558,0.7802632435047095
1,2,492364.49748830847,0.16239999,2.651823,0.7804886123659709
1,2,492369.49768458307,0.16239999,2.652014,0.7807139824453434
1,2,492374.49788085767,0.16239999,2.6523767,0.7809393530130824
1,2,492379.4980771324,0.16239999,2.6527011,0.7811647228636608
1,2,492384.4982734071,0.16239999,2.653045,0.78139009273158
1,2,492389.4984696818,0.16239999,2.6533694,0.7816154644440395
1,2,492394.49866595655,0.16239999,2.653522,0.7818408351713575
1,2,492399.49886223127,0.16239999,2.653942,0.782066206247799
1,2,492404.499058506,0.16239999,2.6540565,0.7822915785984553
1,2,492409.4992547807,0.16239999,2.654553,0.7825169510466911
1,2,492414.4994510554,0.16239999,2.6550112,0.7827423198439908
1,2,492419.49964733014,0.16239999,2.655183,0.7829676811145385
1,2,492424.49984360475,0.16239999,2.6554694,0.7831930467881907
1,2,492429.50003987947,0.16239999,2.655832,0.7834184211787978
1,2,492434.5002361541,0.16239999,2.6562328,0.7836437957029366
1,2,492439.50043242885,0.16239999,2.6563094,0.783869170152828
1,2,492444.50062870356,0.16239999,2.6569583,0.7840945459667923
1,2,492449.5008249783,0.16239999,2.6571493,0.7843199210728331
1,2,492454.50102125295,0.16239999,2.657512,0.7845452941669663
1,2,492459.50121752766,0.16239999,2.657913,0.7847706660703708
1,2,492464.5014138024,0.16239999,2.6581612,0.7849960374122467
1,2,492469.5016100771,0.16239999,2.6585429,0.785221407815077
1,2,492474.5018063518,0.16239999,2.6586764,0.7854467762689372
1,2,492479.5020026264,0.16239999,2.6591728,0.7856721477410666
1,2,492484.502198901,0.16239999,2.6595356,0.7858975196256692
1,2,492489.50239517563,0.16239999,2.6599936,0.7861228880170812
1,2,492494.50259145023,0.16239999,2.6603756,0.7863482581793306
1,2,492499.50278772484,0.16239999,2.6606429,0.7865736276323452
1,2,492504.502983999,0.16239999,2.6611392,0.7867989970139443
1,2,492509.5031802736,0.16239999,2.661311,0.7870243669738203
1,2,492514.5033765482,0.16239999,2.661731,0.7872497372659996
1,2,492519.5035728228,0.16239999,2.6622465,0.7874751091843865
1,2,492524.5037690974,0.16239999,2.662399,0.7877004810723013
1,2,492529.5039653722,0.16239999,2.6628,0.7879258530217852
1,2,492534.50416164706,0.16239999,2.6631055,0.788151225411711
1,2,492539.5043579219,0.16239999,2.6633537,0.7883765977632059
1,2,492544.5045541967,0.16239999,2.6637926,0.7886019701043014
1,2,492549.50475047156,0.16239999,2.6640027,0.7888273424545289
1,2,492554.5049467464,0.16239999,2.664289,0.7890527137386901
1,2,492559.50514302123,0.16239999,2.6645944,0.7892780860196181
1,2,492564.50533929607,0.16239999,2.6650717,0.7895034583339297
1,2,492569.5055355709,0.16239999,2.6656253,0.7897288309196924
1,2,492574.50573184574,0.16239999,2.6660645,0.7899542025369674
1,2,492579.5059281206,0.16239999,2.666389,0.7901795766323667
1,2,492584.5061243954,0.16239999,2.6667898,0.7904049513972355
1,2,492589.50632067025,0.16239999,2.6671526,0.7906303269112155
1,2,492594.5065169451,0.16239999,2.6674771,0.7908557035919697
1,2,492599.5067132199,0.16239999,2.667878,0.7910810806542208
1,2,492604.50690949475,0.16239999,2.6681836,0.7913064572679578
1,2,492609.5071057696,0.16239999,2.6684315,0.7915318353241214
1,2,492614.5073020444,0.16239999,2.6688898,0.7917572150195062
1,2,492619.50749831926,0.16239999,2.6692142,0.7919825940084685
1,2,492624.5076945941,0.16239999,2.6696153,0.7922079719977342
1,2,492629.50789086893,0.16239999,2.6699207,0.7924333488405525
1,2,492634.5080871433,0.16239999,2.6702642,0.7926587267438848
1,2,492639.5082834177,0.16239999,2.670398,0.7928841074524096
1,2,492644.50847969204,0.16239999,2.6707606,0.7931094865668561
1,2,492649.5086759664,0.16239999,2.671257,0.7933348631878052
1,2,492654.5088722408,0.16239999,2.6713715,0.7935602410295154
1,2,492659.50906851515,0.16239999,2.6718488,0.7937856209383569
1,2,492664.5092647895,0.16239999,2.671925,0.7940110009487499
1,2,492669.5094610639,0.16239999,2.6721542,0.7942363790370826
1,2,492674.50965733826,0.16239999,2.6725743,0.7944617521565775
1,2,492679.50985361263,0.16239999,2.6729941,0.7946871270703727
1,2,492684.510049887,0.16239999,2.6734524,0.7949124998633642
1,2,492689.5102461614,0.16239999,2.6736624,0.7951378733325174
1,2,492694.51044243574,0.16239999,2.674006,0.7953632467358447
1,2,492699.5106387101,0.16239999,2.6742542,0.795588625406687
1,2,492704.5108349845,0.16239999,2.6748269,0.7958140018685315
1,2,492709.51103125885,0.16239999,2.6751704,0.7960393804699558
1,2,492714.5112275332,0.16239999,2.6754568,0.7962647598890193
1,2,492719.5114238076,0.16239999,2.6758769,0.7964901372832609
1,2,492724.51162008196,0.16239999,2.6763923,0.796715516344377
1,2,492729.51181635633,0.16239999,2.6766596,0.7969408942158481
1,2,492734.5120126307,0.16239999,2.676984,0.7971662703932137
1,2,492739.5122089051,0.16239999,2.6773086,0.7973916469626157
1,2,492744.51240517944,0.16239999,2.6776714,0.7976170239824283
1,2,492749.5126014538,0.16239999,2.678034,0.7978423987826906
1,2,492754.5127977282,0.16239999,2.6783013,0.7980677735007276
1,2,492759.51299400255,0.16239999,2.6786258,0.798293150151157
1,2,492764.5131902769,0.16239999,2.6789694,0.7985185261423127
1,2,492769.5133865513,0.16239999,2.679294,0.7987439005512225
1,2,492774.51358282566,0.16239999,2.6794848,0.7989692740879069
1,2,492779.51377910003,0.16239999,2.6800385,0.7991946468706753
1,2,492784.5139753744,0.16239999,2.6802294,0.7994200204923303
1,2,492789.51417164877,0.16239999,2.6804013,0.7996453935007719
1,2,492794.51436792314,0.16239999,2.6808977,0.799870766367698
1,2,492799.5145641975,0.16239999,2.6812985,0.8000961408347091
1,2,492804.5147604719,0.16239999,2.681623,0.8003215161845404
1,2,492809.51495674625,0.16239999,2.6819475,0.8005468924060234
1,2,492814.5151530206,0.16239999,2.6823294,0.8007722693036142
1,2,492819.515349295,0.16239999,2.6826158,0.8009976463963507
1,2,492824.51554556936,0.16239999,2.683074,0.8012230262776375
1,2,492829.51574184373,0.16239999,2.6833794,0.8014484052732167
1,2,492834.5159381181,0.16239999,2.6837611,0.8016737833247601
1,2,492839.51613439247,0.16239999,2.6840093,0.8018991641011721
1,2,492844.51633066684,0.16239999,2.6845438,0.8021245470491386
1,2,492849.5165269412,0.16239999,2.6848683,0.8023499307719423
1,2,492854.5167232156,0.16239999,2.6850784,0.8025753119481813
1,2,492859.51691948995,0.16239999,2.6852884,0.8028006943843856
1,2,492864.5171157643,0.16239999,2.6858802,0.8030260749446091
1,2,492869.5173120387,0.16239999,2.686052,0.8032514544356834
1,2,492874.51750831306,0.16239999,2.6863575,0.8034768308511637
1,2,492879.51770458743,0.16239999,2.686854,0.8037022047728528
1,2,492884.5179008618,0.16239999,2.6871784,0.8039275796077935
1,2,492889.51809713617,0.16239999,2.6874647,0.8041529562514685
1,2,492894.51829341054,0.16239999,2.6877892,0.804378332469823
1,2,492899.5184896849,0.16239999,2.6881137,0.8046037075329643
1,2,492904.5186859593,0.16239999,2.6884573,0.8048290837605435
1,2,492909.51888223365,0.16239999,2.6886864,0.8050544596788938
1,2,492914.519078508,0.16239999,2.6892974,0.8052798350434756
1,2,492919.5192747824,0.16239999,2.6895072,0.8055052101840978
1,2,492924.51947105676,0.16239999,2.6898127,0.8057305871127551
1,2,492929.51966733113,0.16239999,2.6899846,0.8059559649771773
1,2,492934.5198636055,0.16239999,2.6903665,0.806181341780861
1,2,492939.52005987987,0.16239999,2.6907291,0.8064067183367094
1,2,492944.52025615424,0.16239999,2.6910727,0.806632095630715
1,2,492949.5204524286,0.16239999,2.691378,0.8068574719099673
1,2,492954.520648703,0.16239999,2.6919508,0.8070828469628034
1,2,492959.52084497735,0.16239999,2.6922371,0.807308219465661
1,2,492964.5210412517,0.16239999,2.69281,0.8075335924079381
1,2,492969.5212375261,0.16239999,2.6930199,0.8077589631437224
1,2,492974.52143380046,0.16239999,2.6935735,0.8079843342864758
1,2,492979.5216300748,0.16239999,2.6939554,0.808209705609284
1,2,492984.5218263492,0.16239999,2.6942418,0.8084350751513032
1,2,492989.52202262357,0.16239999,2.6944134,0.8086604429591658
1,2,492994.52221889794,0.16239999,2.6947954,0.8088858119417789
1,2,492999.5224151723,0.16239999,2.695158,0.8091111807356688
1,2,493004.5226114467,0.16239999,2.6954634,0.8093365497642561
1,2,493009.52280772105,0.16239999,2.6957498,0.8095619194152566
1,2,493014.5230039954,0.16239999,2.6961126,0.8097872902457601
1,2,493019.5232002698,0.16239999,2.696628,0.8100126603182243
1,2,493024.52339654416,0.16239999,2.6969144,0.8102380305707019
1,2,493029.523592819,0.16239999,2.6973915,0.810463401880897
1,2,493034.52378909383,0.16239999,2.6977544,0.8106887728930541
1,2,493039.52398536867,0.16239999,2.6982124,0.8109141443149094
1,2,493044.5241816435,0.16239999,2.6987853,0.811139516112197
1,2,493049.52437791834,0.16239999,2.698976,0.8113648884213933
1,2,493054.5245741932,0.16239999,2.6991289,0.8115902597092194
1,2,493059.524770468,0.16239999,2.6994534,0.811815632431144
1,2,493064.52496674284,0.16239999,2.7000642,0.8120410054271
1,2,493069.5251630177,0.16239999,2.700427,0.8122663771140537
1,2,493074.5253592925,0.16239999,2.7006943,0.8124917487840324
1,2,493079.52555556735,0.16239999,2.701057,0.8127171187916806
1,2,493084.5257518422,0.16239999,2.7013814,0.8129424904025473
1,2,493089.525948117,0.16239999,2.7020116,0.8131678648171279
1,2,493094.52614439186,0.16239999,2.7024887,0.8133932391280758
1,2,493099.5263406667,0.16239999,2.7030232,0.8136186113326213
1,2,493104.5265369415,0.16239999,2.7032332,0.8138439844819781
1,2,493109.52673321636,0.16239999,2.7036724,0.8140693608110044
1,2,493114.5269294912,0.16239999,2.7039397,0.8142947377812417
1,2,493119.52712576604,0.16239999,2.7042642,0.8145201170181038
1,2,493124.52732204087,0.16239999,2.7047224,0.8147454943850555
1,2,493129.5275183155,0.16239999,2.7050087,0.81497087290379
1,2,493134.5277145901,0.16239999,2.705295,0.8151962514756166
1,2,493139.5279108647,0.16239999,2.7057722,0.8154216290456721
1,2,493144.5281071393,0.16239999,2.7063258,0.8156470069712659
1,2,493149.5283034139,0.16239999,2.706574,0.815872385227327
1,2,493154.5284996885,0.16239999,2.7068796,0.8160977646999859
1,2,493159.5286959631,0.16239999,2.7074904,0.816323144440099
1,2,493164.5288922377,0.16239999,2.707853,0.8165485231649953
1,2,493169.5290885123,0.16239999,2.7083113,0.8167739007384962
1,2,493174.5292847869,0.16239999,2.7085214,0.816999277589155
1,2,493179.5294810616,0.16239999,2.7086549,0.8172246562467601
1,2,493184.52967733634,0.16239999,2.7090366,0.817450034619296
1,2,493189.52987361106,0.16239999,2.7093232,0.8176754116783898
1,2,493194.5300698858,0.16239999,2.709762,0.8179007880489952
1,2,493199.5302661605,0.16239999,2.7101247,0.8181261649409791
1,2,493204.5304624352,0.16239999,2.7106402,0.8183515450114792
1,2,493209.53065870993,0.16239999,2.7109458,0.8185769240615536
1,2,493214.53085498465,0.16239999,2.7113276,0.8188023027305332
1,2,493219.5310512594,0.16239999,2.7117667,0.8190276807066817
1,2,493224.5312475341,0.16239999,2.712282,0.819253057260521
1,2,493229.53144380875,0.16239999,2.7127402,0.8194784348245945
1,2,493234.53164008347,0.16239999,2.7130456,0.8197038110284038
1,2,493239.5318363577,0.16239999,2.7132556,0.8199291863919649
1,2,493244.53203263244,0.16239999,2.7136374,0.8201545627638361
1,2,493249.5322289071,0.16239999,2.7142484,0.8203799391892779
1,2,493254.5324251818,0.16239999,2.7144966,0.8206053186419294
1,2,493259.53262145654,0.16239999,2.715012,0.8208306967065577
1,2,493264.53281773126,0.16239999,2.7155082,0.8210560734068597
1,2,493269.533014006,0.16239999,2.7157755,0.8212814506424155
1,2,493274.5332102806,0.16239999,2.7162337,0.821506827167003
1,2,493279.5334065552,0.16239999,2.7166538,0.8217322043926777
1,2,493284.53360283,0.16239999,2.7170546,0.821957576369867
1,2,493289.5337991046,0.16239999,2.7175891,0.8221829494749848
1,2,493294.5339953792,0.16239999,2.7178755,0.8224083235905372
1,2,493299.53419165383,0.16239999,2.7183146,0.8226336974414648
1,2,493304.53438792843,0.16239999,2.7187536,0.8228590730190561
1,2,493309.53458420304,0.16239999,2.7190208,0.8230844470363238
1,2,493314.53478047764,0.16239999,2.719479,0.8233098200603545
1,2,493319.53497675224,0.16239999,2.7198417,0.8235351940309152
1,2,493324.53517302684,0.16239999,2.7202618,0.8237605675608668
1,2,493329.5353693017,0.16239999,2.720529,0.8239859436069059
1,2,493334.5355655765,0.16239999,2.721178,0.8242113215629577
1,2,493339.53576185135,0.16239999,2.7218654,0.8244366986088739
1,2,493344.5359581262,0.16239999,2.7221327,0.8246620779795311
1,2,493349.536154401,0.16239999,2.7225525,0.8248874557438248
1,2,493354.53635067586,0.16239999,2.723087,0.8251128349860952
1,2,493359.5365469507,0.16239999,2.7235262,0.8253382154565077
1,2,493364.53674322553,0.16239999,2.7237363,0.8255635947871924
1,2,493369.53693950037,0.16239999,2.724099,0.8257889753510427
1,2,493374.5371357752,0.16239999,2.7244425,0.8260143559484983
1,2,493379.53733205004,0.16239999,2.7250345,0.8262397382827621
1,2,493384.5375283249,0.16239999,2.725397,0.8264651206460716
1,2,493389.5377245997,0.16239999,2.7256835,0.826690499755503
1,2,493394.53792087454,0.16239999,2.7261798,0.8269158786303703
1,2,493399.5381171494,0.16239999,2.7266762,0.8271412575998459
1,2,493404.5383134242,0.16239999,2.7271152,0.8273666358160455
1,2,493409.53850969905,0.16239999,2.7277453,0.8275920155723431
1,2,493414.5387059739,0.16239999,2.7282033,0.8278173995689978
1,2,493419.5389022487,0.16239999,2.7286043,0.8280427856582591
1,2,493424.53909852356,0.16239999,2.7290816,0.8282681698102998
1,2,493429.5392947979,0.16239999,2.7294443,0.8284935543929195
1,2,493434.5394910723,0.16239999,2.729807,0.8287189406625121
1,2,493439.53968734667,0.16239999,2.7303987,0.8289443271979091
1,2,493444.53988362104,0.16239999,2.730857,0.8291697144515421
1,2,493449.5400798954,0.16239999,2.731258,0.8293951009599846
1,2,493454.5402761698,0.16239999,2.731735,0.8296204871549182
1,2,493459.54047244415,0.16239999,2.7323077,0.829845870518935
1,2,493464.5406687185,0.16239999,2.7328613,0.8300712538464845
1,2,493469.5408649929,0.16239999,2.7330713,0.8302966376756733
1,2,493474.54106126726,0.16239999,2.733835,0.8305220211366611
1,2,493479.5412575416,0.16239999,2.7341404,0.8307474049631413
1,2,493484.541453816,0.16239999,2.7345033,0.8309727916236956
1,2,493489.54165009037,0.16239999,2.735114,0.8311981762537184
1,2,493494.54184636474,0.16239999,2.7353048,0.831423563232314
1,2,493499.5420426391,0.16239999,2.7360113,0.8316489465742846
1,2,493504.5422389135,0.16239999,2.7363932,0.8318743283584157
1,2,493509.54243518785,0.16239999,2.7368321,0.8320997092986411
1,2,493514.5426314622,0.16239999,2.7371376,0.8323250903433095
1,2,493519.5428277366,0.16239999,2.7376149,0.8325504696032874
1,2,493524.54302401096,0.16239999,2.7381303,0.8327758485687571
1,2,493529.5432202853,0.16239999,2.7388558,0.8330012266341453
1,2,493534.5434165597,0.16239999,2.7390847,0.8332266069069743
1,2,493539.54361283407,0.16239999,2.7394857,0.833451988542439
1,2,493544.54380910844,0.16239999,2.739944,0.8336773705594496
1,2,493549.5440053828,0.16239999,2.7404401,0.8339027515265616
1,2,493554.5442016572,0.16239999,2.740822,0.8341281325531699
1,2,493559.54439793155,0.16239999,2.7412803,0.8343535126269134
1,2,493564.5445942059,0.16239999,2.7417955,0.8345788908012697
1,2,493569.5447904803,0.16239999,2.7421966,0.8348042679643992
1,2,493574.54498675466,0.16239999,2.7426357,0.8350296445734531
1,2,493579.545183029,0.16239999,2.7432084,0.8352550222091523
1,2,493584.5453793034,0.16239999,2.7436283,0.8354803977043038
1,2,493589.54557557777,0.16239999,2.74422,0.8357057738632168
1,2,493594.54577185214,0.16239999,2.7443347,0.8359311474444855
1,2,493599.5459681265,0.16239999,2.7446973,0.836156522645287
1,2,493604.5461644009,0.16239999,2.7453847,0.8363818976754254
1,2,493609.54636067525,0.16239999,2.7457855,0.8366072720378965
1,2,493614.5465569496,0.16239999,2.746129,0.8368326467959993
1,2,493619.546753224,0.16239999,2.746492,0.8370580256522385
1,2,493624.54694949836,0.16239999,2.7468545,0.837283405570159
1,2,493629.5471457727,0.16239999,2.7474463,0.8375087866221274
1,2,493634.5473420471,0.16239999,2.7479618,0.8377341667889469
1,2,493639.54753832147,0.16239999,2.7485154,0.8379595486618715
1,2,493644.54773459584,0.16239999,2.7488782,0.8381849296315044
1,2,493649.5479308702,0.16239999,2.749298,0.8384103116807015
1,2,493654.5481271446,0.16239999,2.749661,0.8386356921991172
1,2,493659.54832341895,0.16239999,2.7502527,0.838861072579477
1,2,493664.5485196933,0.16239999,2.7505581,0.8390864509873726
1,2,493669.5487159677,0.16239999,2.7510545,0.8393118283595778
1,2,493674.54891224205,0.16239999,2.7516654,0.839537206605675
1,2,493679.5491085164,0.16239999,2.7519135,0.8397625837720009
1,2,493684.5493047908,0.16239999,2.7523334,0.8399879637695109
1,2,493689.54950106516,0.16239999,2.7529635,0.8402133424519239
1,2,493694.54969733953,0.16239999,2.7532308,0.8404387200513189
1,2,493699.5498936139,0.16239999,2.7538989,0.840664096945894
1,2,493704.5500898883,0.16239999,2.754319,0.8408894731904943
1,2,493709.55028616264,0.16239999,2.7547197,0.8411148514369656
1,2,493714.550482437,0.16239999,2.755369,0.8413402301608701
1,2,493719.5506787114,0.16239999,2.7557507,0.8415656078206992
1,2,493724.55087498575,0.16239999,2.7559988,0.8417909851132164
1,2,493729.5510712601,0.16239999,2.7563996,0.8420163629609011
1,2,493734.5512675345,0.16239999,2.7569532,0.8422417414214308
1,2,493739.55146380886,0.16239999,2.757316,0.8424671195618406
1,2,493744.55166008323,0.16239999,2.757755,0.8426924967237798
1,2,493749.5518563576,0.16239999,2.7582324,0.8429178743638607
1,2,493754.552052632,0.16239999,2.758576,0.843143250149454
1,2,493759.55224890634,0.16239999,2.7592251,0.8433686265175536
1,2,493764.5524451807,0.16239999,2.7596068,0.8435940017607397
1,2,493769.5526414551,0.16239999,2.7604086,0.8438193774529831
1,2,493774.55283772945,0.16239999,2.7604086,0.8440447552031646
1,2,493779.5530340038,0.16239999,2.7610579,0.8442701332628779
1,2,493784.5532302782,0.16239999,2.7614968,0.8444955119552987
1,2,493789.55342655256,0.16239999,2.7621076,0.8447208877767526
1,2,493794.55362282693,0.16239999,2.7625086,0.8449462624077418
1,2,493799.5538191013,0.16239999,2.7630622,0.845171632343588
1,2,493804.5540153757,0.16239999,2.7635205,0.8453970058013767
1,2,493809.55421165004,0.16239999,2.7639976,0.8456223801359927
1,2,493814.5544079244,0.16239999,2.7643223,0.8458477533195651
1,2,493819.5546041988,0.16239999,2.7645705,0.8460731280444168
1,2,493824.5548004736,0.16239999,2.7652576,0.8462985079563321
1,2,493829.55499674845,0.16239999,2.765563,0.8465238837648973
1,2,493834.5551930233,0.16239999,2.765926,0.8467492602408233
1,2,493839.5553892981,0.16239999,2.7665367,0.8469746385552588
1,2,493844.55558557296,0.16239999,2.7669756,0.8472000199529258
1,2,493849.5557818478,0.16239999,2.7674148,0.8474254036700174
1,2,493854.55597812263,0.16239999,2.7680066,0.8476507896170089
1,2,493859.55617439747,0.16239999,2.768331,0.8478761758289878
1,2,493864.5563706723,0.16239999,2.7686176,0.8481015608799832
1,2,493869.55656694714,0.16239999,2.7690566,0.8483269429094206
1,2,493874.556763222,0.16239999,2.769553,0.8485523266728531
1,2,493879.5569594968,0.16239999,2.7698774,0.8487777087293923
1,2,493884.55715577165,0.16239999,2.7704883,0.8490030905622941
1,2,493889.5573520465,0.16239999,2.7709656,0.849228472460501
1,2,493894.5575483213,0.16239999,2.771443,0.8494538535259682
1,2,493899.55774459615,0.16239999,2.7719202,0.8496792339226895
1,2,493904.557940871,0.16239999,2.7722065,0.8499046130585574
1,2,493909.5581371458,0.16239999,2.7726645,0.8501299928631164
1,2,493914.55833342066,0.16239999,2.773199,0.8503553735291746
1,2,493919.5585296955,0.16239999,2.773562,0.8505807541120651
1,2,493924.5587259701,0.16239999,2.7740965,0.8508061351276845
1,2,493929.5589222447,0.16239999,2.77465,0.8510315162954457
1,2,493934.5591185193,0.16239999,2.7751274,0.8512568976740873
1,2,493939.5593147939,0.16239999,2.7755663,0.8514822777404366
1,2,493944.5595110685,0.16239999,2.776139,0.8517076588816398
1,2,493949.5597073431,0.16239999,2.776559,0.8519330397599277
1,2,493954.5599036177,0.16239999,2.77696,0.8521584219354578
1,2,493959.5600998923,0.16239999,2.7774754,0.8523838030232899
1,2,493964.5602961669,0.16239999,2.7776663,0.8526091836292177
1,2,493969.5604924415,0.16239999,2.7782962,0.8528345643218164
1,2,493974.56068871624,0.16239999,2.77864,0.8530599430767773
1,2,493979.5608849905,0.16239999,2.7792509,0.8532853241536389
1,2,493984.5610812652,0.16239999,2.7795181,0.8535107080711949
1,2,493989.56127753993,0.16239999,2.7799761,0.8537360909959744
1,2,493994.56147381465,0.16239999,2.7804344,0.8539614698666561
1,2,493999.5616700894,0.16239999,2.7808354,0.8541868468652131
1,2,494004.5618663641,0.16239999,2.7812934,0.8544122193807764
1,2,494009.5620626388,0.16239999,2.7819235,0.8546375898318492
1,2,494014.56225891353,0.16239999,2.7820952,0.8548629628802541
1,2,494019.56245518825,0.16239999,2.7825534,0.8550883341838372
1,2,494024.56265146297,0.16239999,2.7829542,0.8553137085048906
1,2,494029.5628477377,0.16239999,2.7834315,0.8555390860971926
1,2,494034.56304401235,0.16239999,2.7839088,0.8557644632752672
1,2,494039.56324028707,0.16239999,2.7842715,0.8559898398641077
1,2,494044.5634365618,0.16239999,2.784787,0.8562152163727568
1,2,494049.56363283645,0.16239999,2.785188,0.8564405949250057
1,2,494054.56382911117,0.16239999,2.7857225,0.8566659734726385
1,2,494059.5640253859,0.16239999,2.7859707,0.8568913541814894
1,2,494064.5642216606,0.16239999,2.7865052,0.8571167344335775
1,2,494069.5644179353,0.16239999,2.787078,0.857342113862513
1,2,494074.56461421004,0.16239999,2.7876506,0.8575674931305376
1,2,494079.56481048465,0.16239999,2.7879179,0.8577928731306943
1,2,494084.56500675925,0.16239999,2.7883377,0.8580182530532506
1,2,494089.56520303385,0.16239999,2.788796,0.858243634472983
1,2,494094.56539930846,0.16239999,2.7892923,0.8584690151744305
1,2,494099.56559558306,0.16239999,2.7898269,0.8586943979372517
1,2,494104.5657918579,0.16239999,2.7904186,0.8589197774969018
1,2,494109.5659881325,0.16239999,2.790896,0.8591451536925776
1,2,494114.5661844071,0.16239999,2.7912967,0.8593705307770638
1,2,494119.5663806817,0.16239999,2.7916405,0.8595959128254836
1,2,494124.5665769563,0.16239999,2.791984,0.8598212926996038
1,2,494129.56677323114,0.16239999,2.7924995,0.8600466714160329
1,2,494134.566969506,0.16239999,2.7929194,0.8602720517470152
1,2,494139.5671657808,0.16239999,2.7931294,0.8604974338956353
1,2,494144.56736205565,0.16239999,2.7937784,0.8607228158506587
1,2,494149.5675583305,0.16239999,2.7941985,0.8609481965477145
1,2,494154.5677546053,0.16239999,2.794714,0.8611735777324622
1,2,494159.56795088015,0.16239999,2.7951338,0.8613989586683902
1,2,494164.568147155,0.16239999,2.795764,0.8616243385216645
1,2,494169.5683434298,0.16239999,2.7961075,0.861849720323076
1,2,494174.56853970466,0.16239999,2.7965848,0.8620751035841209
1,2,494179.5687359795,0.16239999,2.7971003,0.8623004847695606
1,2,494184.56893225433,0.16239999,2.7975776,0.8625258668508408
1,2,494189.56912852917,0.16239999,2.798112,0.8627512486463067
1,2,494194.569324804,0.16239999,2.7986848,0.8629766288632802
1,2,494199.56952107884,0.16239999,2.7989902,0.8632020080095457
1,2,494204.5697173537,0.16239999,2.7994673,0.8634273882123532
1,2,494209.5699136285,0.16239999,2.7999256,0.8636527679835238
1,2,494214.57010990335,0.16239999,2.8001928,0.8638781472320046
1,2,494219.5703061782,0.16239999,2.800651,0.8641035236595872
1,2,494224.57050245255,0.16239999,2.801262,0.864328902302749
1,2,494229.5706987269,0.16239999,2.8015673,0.8645542816579387
1,2,494234.5708950013,0.16239999,2.8022165,0.8647796587042986
1,2,494239.57109127566,0.16239999,2.80256,0.8650050356706368
1,2,494244.57128755003,0.16239999,2.8030946,0.8652304116887396
1,2,494249.5714838244,0.16239999,2.8035145,0.865455789120398
1,2,494254.5716800988,0.16239999,2.8039536,0.865681169764534
1,2,494259.57187637314,0.16239999,2.804412,0.8659065484552089
1,2,494264.5720726475,0.16239999,2.8049655,0.8661319280703924
1,2,494269.5722689219,0.16239999,2.8054428,0.8663573089241853
1,2,494274.57246519625,0.16239999,2.8057292,0.8665826889809275
1,2,494279.5726614706,0.16239999,2.806149,0.8668080677652984
1,2,494284.572857745,0.16239999,2.80655,0.8670334441199067
1,2,494289.57305401936,0.16239999,2.8070846,0.8672588208431126
1,2,494294.57325029373,0.16239999,2.8072944,0.8674841988027464
1,2,494299.5734465681,0.16239999,2.8077908,0.8677095753737087
1,2,494304.5736428425,0.16239999,2.808249,0.867934952818827
1,2,494309.57383911684,0.16239999,2.8087263,0.8681603327757662
1,2,494314.5740353912,0.16239999,2.809089,0.8683857085140434
1,2,494319.5742316656,0.16239999,2.809509,0.8686110832643968
1,2,494324.57442793995,0.16239999,2.8097954,0.8688364599710748
1,2,494329.5746242143,0.16239999,2.8104253,0.8690618367672318
1,2,494334.5748204887,0.16239999,2.8107688,0.86928721198649
1,2,494339.57501676306,0.16239999,2.8110743,0.8695125904220206
1,2,494344.57521303743,0.16239999,2.8114562,0.8697379690582392
1,2,494349.5754093118,0.16239999,2.812048,0.8699633499656324
1,2,494354.5756055862,0.16239999,2.8125062,0.8701887319543532
1,2,494359.57580186054,0.16239999,2.8127735,0.8704141126161131
1,2,494364.5759981349,0.16239999,2.8130598,0.8706394944363448
1,2,494369.5761944093,0.16239999,2.8135943,0.8708648759165551
1,2,494374.57639068365,0.16239999,2.814167,0.8710902579698865
1,2,494379.576586958,0.16239999,2.8146634,0.8713156412036481
1,2,494384.5767832324,0.16239999,2.815007,0.8715410246702429
1,2,494389.57697950676,0.16239999,2.8152933,0.8717664049077875
1,2,494394.57717578113,0.16239999,2.8157516,0.8719917844600309
1,2,494399.5773720555,0.16239999,2.8162286,0.8722171628487884
1,2,494404.57756832987,0.16239999,2.8164768,0.8724425434217365
1,2,494409.57776460424,0.16239999,2.8168397,0.8726679268669606
1,2,494414.5779608786,0.16239999,2.8172214,0.8728933070011151
1,2,494419.578157153,0.16239999,2.8176606,0.8731186881932711
1,2,494424.57835342735,0.16239999,2.818176,0.8733440658585325
1,2,494429.5785497017,0.16239999,2.8184814,0.8735694421986925
1,2,494434.5787459761,0.16239999,2.8190732,0.8737948181394417
1,2,494439.57894225046,0.16239999,2.819493,0.8740201948740238
1,2,494444.57913852483,0.16239999,2.8199704,0.8742455744191859
1,2,494449.5793347992,0.16239999,2.8201613,0.8744709555975344
1,2,494454.57953107357,0.16239999,2.8206387,0.8746963361620311
1,2,494459.57972734794,0.16239999,2.8213067,0.8749217145540586
1,2,494464.5799236223,0.16239999,2.8213449,0.8751470943620864
1,2,494469.5801198967,0.16239999,2.821784,0.8753724764831311
1,2,494474.58031617105,0.16239999,2.8222423,0.875597858401679
1,2,494479.5805124454,0.16239999,2.822643,0.8758232379938229
1,2,494484.5807087198,0.16239999,2.8233495,0.8760486204230377
1,2,494489.58090499416,0.16239999,2.8236167,0.876273998267354
1,2,494494.58110126853,0.16239999,2.8240938,0.8764993747433661
1,2,494499.5812975429,0.16239999,2.8244567,0.8767247490927823
1,2,494504.58149381727,0.16239999,2.8247812,0.8769501244152906
1,2,494509.58169009164,0.16239999,2.8252013,0.8771755011672566
1,2,494514.581886366,0.16239999,2.8258502,0.87740087767299
1,2,494519.5820826404,0.16239999,2.826251,0.8776262513936657
1,2,494524.58227891475,0.16239999,2.8265374,0.8778516263510285
1,2,494529.5824751891,0.16239999,2.8269193,0.8780770000831036
1,2,494534.5826714635,0.16239999,2.8272629,0.8783023750800861
1,2,494539.58286773786,0.16239999,2.827473,0.878527750793581
1,2,494544.58306401223,0.16239999,2.828122,0.8787531262585776
1,2,494549.5832602866,0.16239999,2.8284082,0.878978503915626
1,2,494554.58345656097,0.16239999,2.8287902,0.8792038811714019
1,2,494559.58365283534,0.16239999,2.8292675,0.8794292594829929
1,2,494564.5838491097,0.16239999,2.8295155,0.8796546344317304
1,2,494569.5840453841,0.16239999,2.8299165,0.8798800087961272
1,2,494574.58424165845,0.16239999,2.830661,0.8801053828519076
1,2,494579.5844379328,0.16239999,2.8308902,0.8803307575262262
1,2,494584.5846342072,0.16239999,2.831329,0.8805561322015084
1,2,494589.58483048156,0.16239999,2.8318446,0.8807815084376086
1,2,494594.5850267559,0.16239999,2.8322837,0.8810068838740007
1,2,494599.5852230303,0.16239999,2.8327227,0.8812322587563718
1,2,494604.58541930467,0.16239999,2.8331237,0.8814576351466683
1,2,494609.58561557904,0.16239999,2.8335054,0.8816830107525337
1,2,494614.5858118534,0.16239999,2.8339827,0.8819083855086299
1,2,494619.58600812824,0.16239999,2.8344982,0.8821337594568563
1,2,494624.5862044031,0.16239999,2.8348417,0.8823591333665185
1,2,494629.5864006779,0.16239999,2.8351853,0.8825845075412724
1,2,494634.58659695275,0.16239999,2.8356626,0.8828098805616921
1,2,494639.5867932276,0.16239999,2.8361208,0.8830352559694515
1,2,494644.5869895024,0.16239999,2.8366363,0.8832606278052678
1,2,494649.58718577726,0.16239999,2.836789,0.8834859883941363
1,2,494654.5873820521,0.16239999,2.837228,0.8837113567169881
1,2,494659.58757832693,0.16239999,2.8377817,0.8839367306413155
1,2,494664.58777460176,0.16239999,2.8380108,0.8841621025411877
1,2,494669.5879708766,0.16239999,2.8385262,0.8843874760224895
1,2,494674.58816715144,0.16239999,2.838946,0.8846128483101312
1,2,494679.5883634263,0.16239999,2.8392706,0.8848382206159193
1,2,494684.5885597011,0.16239999,2.8398244,0.885063595329187
1,2,494689.58875597594,0.16239999,2.840359,0.8852889693176696
1,2,494694.5889522508,0.16239999,2.840836,0.8855143451493631
1,2,494699.5891485256,0.16239999,2.8413897,0.8857397217354046
1,2,494704.58934480045,0.16239999,2.841886,0.8859650975776712
1,2,494709.5895410753,0.16239999,2.8423061,0.88619047316758
1,2,494714.58973734966,0.16239999,2.8426688,0.8864158511073457
1,2,494719.58993362426,0.16239999,2.8433561,0.8866412266135141
1,2,494724.59012989886,0.16239999,2.8438141,0.8868666007821874
1,2,494729.59032617346,0.16239999,2.844158,0.8870919748695185
1,2,494734.59052244807,0.16239999,2.8444633,0.8873173507050266
1,2,494739.59071872267,0.16239999,2.8451123,0.8875427277444782
1,2,494744.5909149973,0.16239999,2.8453033,0.8877681041752488
1,2,494749.5911112719,0.16239999,2.8460479,0.8879934801637596
1,2,494754.5913075465,0.16239999,2.8463724,0.8882188585436509
1,2,494759.5915038211,0.16239999,2.8468878,0.8884442345798553
1,2,494764.5917000957,0.16239999,2.8472314,0.8886696123777081
1,2,494769.5918963704,0.16239999,2.847766,0.8888949914382572
1,2,494774.5920926451,0.16239999,2.8481286,0.8891203695956021
1,2,494779.59228891984,0.16239999,2.8487968,0.8893457487375239
1,2,494784.59248519456,0.16239999,2.8492167,0.8895711292967382
1,2,494789.5926814693,0.16239999,2.849503,0.8897965092139599
1,2,494794.592877744,0.16239999,2.8498275,0.890021886970414
1,2,494799.5930740187,0.16239999,2.850324,0.8902472636961887
1,2,494804.59327029344,0.16239999,2.8507059,0.8904726409830939
1,2,494809.59346656816,0.16239999,2.8512404,0.8906980185249008
1,2,494814.5936628429,0.16239999,2.8516412,0.8909233957416878
1,2,494819.5938591176,0.16239999,2.8521566,0.8911487747415145
1,2,494824.5940553923,0.16239999,2.8527484,0.8913741535187835
1,2,494829.594251667,0.16239999,2.8531113,0.8915995283993225
1,2,494834.5944479417,0.16239999,2.853493,0.8918249038746365
1,2,494839.5946442164,0.16239999,2.8541038,0.8920502801524409
1,2,494844.5948404913,0.16239999,2.8543139,0.8922756566927607
1,2,494849.595036766,0.16239999,2.854772,0.8925010349552002
1,2,494854.59523304075,0.16239999,2.8550394,0.8927264118462768
1,2,494859.59542931546,0.16239999,2.855574,0.892951790525554
1,2,494864.5956255902,0.16239999,2.856032,0.8931771696775788
1,2,494869.5958218649,0.16239999,2.8565474,0.893402549059555
1,2,494874.5960181395,0.16239999,2.85712,0.8936279291113707
1,2,494879.5962144141,0.16239999,2.857521,0.8938533071739094
1,2,494884.5964106887,0.16239999,2.8580174,0.8940786816040841
1,2,494889.5966069633,0.16239999,2.8586092,0.8943040559371288
1,2,494894.5968032379,0.16239999,2.8590484,0.8945294312911606
1,2,494899.5969995125,0.16239999,2.8593729,0.8947548044032936
1,2,494904.5971957869,0.16239999,2.8597736,0.8949801796610051
1,2,494909.5973920615,0.16239999,2.8604038,0.8952055539602812
1,2,494914.5975883361,0.16239999,2.8610337,0.8954309295708629
1,2,494919.59778461093,0.16239999,2.8616445,0.895656305495855
1,2,494924.59798088577,0.16239999,2.861988,0.8958816822004476
1,2,494929.5981771606,0.16239999,2.862561,0.8961070592958456
1,2,494934.59837343544,0.16239999,2.8629045,0.8963324359497676
1,2,494939.5985697103,0.16239999,2.8636298,0.8965578136450839
1,2,494944.5987659851,0.16239999,2.864069,0.8967831925567123
1,2,494949.59896225994,0.16239999,2.8645082,0.8970085710777773
1,2,494954.5991585348,0.16239999,2.8651,0.8972339530222119
1,2,494959.5993548096,0.16239999,2.8656154,0.8974593334809874
1,2,494964.59955108445,0.16239999,2.8662262,0.8976847131419489
1,2,494969.5997473593,0.16239999,2.8667226,0.8979100925143503
1,2,494974.5999436341,0.16239999,2.8670661,0.8981354722171915
1,2,494979.60013990896,0.16239999,2.8676007,0.89836085039084
1,2,494984.6003361833,0.16239999,2.8682306,0.8985862269467629
1,2,494989.60053245816,0.16239999,2.8684978,0.8988116059780535
1,2,494994.600728733,0.16239999,2.868937,0.8990369874178569
1,2,494999.60092500784,0.16239999,2.8695097,0.8992623663529017
1,2,495004.60112128267,0.16239999,2.8699489,0.899487745722144
1,2,495009.6013175575,0.16239999,2.8707125,0.8997131259572572
1,2,495014.60151383234,0.16239999,2.871018,0.8999385066092295
1,2,495019.6017101072,0.16239999,2.871476,0.9001638867041799
1,2,495024.60190638155,0.16239999,2.8718007,0.9003892664282636
1,2,495029.6021026559,0.16239999,2.8724687,0.900614650228088
1,2,495034.6022989303,0.16239999,2.8727741,0.9008400320879211
1,2,495039.60249520466,0.16239999,2.8734043,0.9010654110591277
1,2,495044.602691479,0.16239999,2.874015,0.9012907885592876
1,2,495049.6028877534,0.16239999,2.8744159,0.9015161678293908
1,2,495054.60308402777,0.16239999,2.8747787,0.9017415451010364
1,2,495059.60328030214,0.16239999,2.8753896,0.9019669229633699
1,2,495064.6034765765,0.16239999,2.8756378,0.9021923011822434
1,2,495069.6036728509,0.16239999,2.876096,0.9024176796814442
1,2,495074.60386912525,0.16239999,2.876917,0.9026430575561637
1,2,495079.6040653996,0.16239999,2.8772223,0.9028684335838587
1,2,495084.604261674,0.16239999,2.8776422,0.9030938084141469
1,2,495089.60445794836,0.16239999,2.8780622,0.903319183357328
1,2,495094.6046542227,0.16239999,2.8785396,0.9035445581047516
1,2,495099.6048504971,0.16239999,2.8790357,0.9037699324546554
1,2,495104.60504677147,0.16239999,2.8794749,0.9039953080747954
1,2,495109.60524304584,0.16239999,2.879914,0.9042206835904203
1,2,495114.6054393202,0.16239999,2.880544,0.9044460603388108
1,2,495119.6056355946,0.16239999,2.8810022,0.9046714370642113
1,2,495124.60583186895,0.16239999,2.8814983,0.9048968136562489
1,2,495129.6060281433,0.16239999,2.881613,0.9051221912208761
1,2,495134.6062244177,0.16239999,2.8823192,0.9053475680428634
1,2,495139.60642069206,0.16239999,2.8826249,0.9055729452180571
1,2,495144.6066169664,0.16239999,2.8831785,0.9057983204116894
1,2,495149.6068132408,0.16239999,2.883503,0.9060236959489631
1,2,495154.60700951517,0.16239999,2.8836365,0.9062490730165184
1,2,495159.60720578954,0.16239999,2.8845148,0.9064744503467048
1,2,495164.6074020639,0.16239999,2.884591,0.9066998290844086
1,2,495169.6075983383,0.16239999,2.8848584,0.9069252053897843
1,2,495174.60779461265,0.16239999,2.885431,0.9071505825125424
1,2,495179.607990887,0.16239999,2.8857174,0.9073759598296076
1,2,495184.6081871614,0.16239999,2.8861947,0.9076013375553321
1,2,495189.60838343576,0.16239999,2.8867102,0.9078267155311536
1,2,495194.6085797101,0.16239999,2.8872447,0.9080520923821427
1,2,495199.6087759845,0.16239999,2.8877027,0.9082774724129469
1,2,495204.60897225887,0.16239999,2.8880274,0.9085028522255103
1,2,495209.60916853324,0.16239999,2.8884091,0.9087282339391342
1,2,495214.6093648076,0.16239999,2.8889627,0.908953616479789
1,2,495219.609561082,0.16239999,2.8892682,0.9091789983918904
1,2,495224.60975735635,0.16239999,2.8899555,0.9094043803833621
1,2,495229.6099536307,0.16239999,2.8903372,0.9096297601064466
1,2,495234.6101499051,0.16239999,2.8908336,0.9098551424107689
1,2,495239.61034617946,0.16239999,2.8912728,0.9100805195441085
1,2,495244.6105424538,0.16239999,2.8916926,0.9103058983239106
1,2,495249.6107387282,0.16239999,2.8921318,0.9105312789810197
1,2,495254.61093500257,0.16239999,2.8926854,0.9107566588810232
1,2,495259.61113127694,0.16239999,2.8931434,0.9109820357298682
1,2,495264.6113275513,0.16239999,2.893449,0.911207412870295
1,2,495269.6115238257,0.16239999,2.8940027,0.9114327895656564
1,2,495274.61172010005,0.16239999,2.8946135,0.9116581666653873
1,2,495279.6119163744,0.16239999,2.894766,0.9118835473858677
1,2,495284.6121126488,0.16239999,2.8952434,0.912108928519223
1,2,495289.61230892316,0.16239999,2.8956254,0.9123343079928976
1,2,495294.6125051975,0.16239999,2.8959308,0.9125596862659625
1,2,495299.6127014719,0.16239999,2.8965607,0.912785064339053
1,2,495304.61289774626,0.16239999,2.897038,0.9130104441262646
1,2,495309.61309402063,0.16239999,2.8974388,0.9132358255593624
1,2,495314.613290295,0.16239999,2.8978207,0.9134612064967988
1,2,495319.6134865694,0.16239999,2.8982596,0.913686588455411
1,2,495324.61368284374,0.16239999,2.8988707,0.9139119722920438
1,2,495329.6138791181,0.16239999,2.899138,0.9141373546783846
1,2,495334.6140753925,0.16239999,2.8997679,0.9143627382907169
1,2,495339.61427166685,0.16239999,2.9000733,0.9145881200280294
1,2,495344.6144679412,0.16239999,2.9006078,0.9148134984811773
1,2,495349.6146642156,0.16239999,2.9009895,0.9150388745169811
1,2,495354.61486048996,0.16239999,2.9016578,0.9152642528703367
1,2,495359.61505676433,0.16239999,2.9021733,0.9154896323772435
1,2,495364.6152530387,0.16239999,2.9024405,0.9157150097422779
1,2,495369.6154493131,0.16239999,2.9030514,0.9159403874874452
1,2,495374.61564558744,0.16239999,2.9034524,0.9161657656002233
1,2,495379.6158418618,0.16239999,2.9038723,0.9163911431861667
1,2,495384.6160381362,0.16239999,2.9043305,0.916616519657562
1,2,495389.61623441055,0.16239999,2.9049032,0.9168418958921224
1,2,495394.6164306849,0.16239999,2.9049413,0.9170672725283444
1,2,495399.6166269593,0.16239999,2.9056287,0.9172926497158423
1,2,495404.61682323366,0.16239999,2.905934,0.9175180239624007
1,2,495409.61701950803,0.16239999,2.906373,0.917743399191862
1,2,495414.61721578287,0.16239999,2.9066403,0.9179687733926944
1,2,495419.6174120577,0.16239999,2.9072514,0.9181941466272711
1,2,495424.61760833254,0.16239999,2.9077666,0.9184195174883303
1,2,495429.6178046074,0.16239999,2.9081295,0.9186448873098954
1,2,495434.6180008822,0.16239999,2.9085877,0.9188702565583153
1,2,495439.61819715705,0.16239999,2.9092176,0.9190956239270806
1,2,495444.6183934319,0.16239999,2.9096375,0.9193209896142787
1,2,495449.6185897067,0.16239999,2.9098856,0.9195463551682281
1,2,495454.6187859811,0.16239999,2.9105158,0.9197717198394221
1,2,495459.6189822559,0.16239999,2.9107256,0.9199970856135717
1,2,495464.61917853076,0.16239999,2.911394,0.9202224535225338
1,2,495469.6193748056,0.16239999,2.9115465,0.9204478251387359
1,2,495474.61957108043,0.16239999,2.9121194,0.920673195048366
1,2,495479.61976735527,0.16239999,2.9127493,0.9208985640903801
1,2,495484.6199636301,0.16239999,2.9128828,0.9211239345923611
1,2,495489.62015990494,0.16239999,2.9134557,0.9213493052601721
1,2,495494.6203561798,0.16239999,2.9137993,0.9215746768964809
1,2,495499.6205524546,0.16239999,2.9140475,0.921800047110737
1,2,495504.62074872945,0.16239999,2.9146774,0.9220254166997537
1,2,495509.6209450043,0.16239999,2.91504,0.9222507891367655
1,2,495514.6211412789,0.16239999,2.9153454,0.9224761593244736
1,2,495519.6213375535,0.16239999,2.9157274,0.922701528648084
1,2,495524.6215338281,0.16239999,2.916071,0.9229268999507615
1,2,495529.6217301027,0.16239999,2.91651,0.9231522727818743
1,2,495534.6219263773,0.16239999,2.9167392,0.9233776410288319
1,2,495539.6221226519,0.16239999,2.9173691,0.9236030103079623
1,2,495544.6223189265,0.16239999,2.9176364,0.9238283798669366
1,2,495549.6225152011,0.16239999,2.9182472,0.9240537513980911
1,2,495554.6227114757,0.16239999,2.9187055,0.9242791218532668
1,2,495559.6229077503,0.16239999,2.9189918,0.9245044948961052
1,2,495564.623104025,0.16239999,2.919431,0.9247298675411323
1,2,495569.62330029975,0.16239999,2.92008,0.9249552415969078
1,2,495574.62349657447,0.16239999,2.9203281,0.9251806155405545
1,2,495579.6236928494,0.16239999,2.9206908,0.9254059905764498
1,2,495584.62388912414,0.16239999,2.9212635,0.9256313678411241
1,2,495589.62408539886,0.16239999,2.9216835,0.9258567446988063
1,2,495594.6242816736,0.16239999,2.9218745,0.9260821222037362
1,2,495599.6244779483,0.16239999,2.9223707,0.9263075014635958
1,2,495604.624674223,0.16239999,2.9229052,0.9265328805330955
1,2,495609.62487049773,0.16239999,2.923039,0.9267582591284601
1,2,495614.62506677245,0.16239999,2.9234781,0.9269836398527842
1,2,495619.6252630472,0.16239999,2.923879,0.9272090218227055
1,2,495624.6254593219,0.16239999,2.9244707,0.9274344023327625
1,2,495629.62565559655,0.16239999,2.9248142,0.9276597832835694
1,2,495634.6258518713,0.16239999,2.9251962,0.9278851638494288
1,2,495639.62604814593,0.16239999,2.925635,0.9281105451499112
1,2,495644.62624442053,0.16239999,2.9260552,0.9283359261156432
1,2,495649.62644069525,0.16239999,2.9264944,0.9285613078363558
1,2,495654.62663697,0.16239999,2.9269142,0.9287866897389495
1,2,495659.6268332447,0.16239999,2.927506,0.9290120707368473
1,2,495664.6270295193,0.16239999,2.927735,0.9292374538880839
1,2,495669.6272257939,0.16239999,2.9279451,0.9294628340991482
1,2,495674.6274220685,0.16239999,2.9283462,0.9296882155458202
1,2,495679.6276183431,0.16239999,2.9286325,0.929913598499334
1,2,495684.6278146177,0.16239999,2.9293768,0.9301389827669588
1,2,495689.6280108923,0.16239999,2.929816,0.9303643681293331
1,2,495694.6282071669,0.16239999,2.9299495,0.9305897540345236
1,2,495699.6284034415,0.16239999,2.930465,0.9308151404573382
1,2,495704.6285997161,0.16239999,2.9308279,0.9310405271116778
1,2,495709.6287959907,0.16239999,2.9311333,0.9312659139905988
1,2,495714.62899226556,0.16239999,2.931515,0.9314912999935119
1,2,495719.6291885404,0.16239999,2.9320304,0.9317166851019273
1,2,495724.62938481476,0.16239999,2.9324124,0.9319420684421552
1,2,495729.6295810896,0.16239999,2.9328895,0.9321674526635865
1,2,495734.62977736443,0.16239999,2.9331758,0.9323928365555101
1,2,495739.62997363927,0.16239999,2.9336722,0.9326182203717217
1,2,495744.6301699141,0.16239999,2.9339013,0.9328436047851131
1,2,495749.63036618894,0.16239999,2.9345503,0.9330689871024989
1,2,495754.6305624638,0.16239999,2.9350848,0.9332943701374161
1,2,495759.6307587386,0.16239999,2.9354858,0.9335197558307352
1,2,495764.63095501345,0.16239999,2.9358675,0.9337451426491749
1,2,495769.6311512883,0.16239999,2.9359822,0.9339705301176321
1,2,495774.6313475631,0.16239999,2.9362304,0.934195916388266
1,2,495779.63154383795,0.16239999,2.9365358,0.9344213045504187
1,2,495784.6317401128,0.16239999,2.9369938,0.9346466922321282
1,2,495789.6319363876,0.16239999,2.9373949,0.9348720787236627
1,2,495794.63213266246,0.16239999,2.937834,0.9350974670721031
1,2,495799.6323289373,0.16239999,2.9380057,0.9353228547704712
1,2,495804.63252521213,0.16239999,2.9383686,0.9355482428949512
1,2,495809.63272148697,0.16239999,2.9387121,0.9357736318405887
1,2,495814.6329177618,0.16239999,2.939132,0.9359990185599579
1,2,495819.6331140362,0.16239999,2.9396474,0.9362244049405227
1,2,495824.63331031054,0.16239999,2.9401438,0.9364497901218545
1,2,495829.6335065849,0.16239999,2.940602,0.9366751748555621
1,2,495834.6337028593,0.16239999,2.9410985,0.9369005558245401
1,2,495839.63389913365,0.16239999,2.941442,0.9371259396440068
1,2,495844.634095408,0.16239999,2.9419193,0.9373513234782828
1,2,495849.6342916824,0.16239999,2.9420147,0.9375767094327936
1,2,495854.63448795676,0.16239999,2.9428546,0.9378020926821559
1,2,495859.63468423113,0.16239999,2.9429119,0.9380274762386965
1,2,495864.6348805055,0.16239999,2.9434273,0.938252858050836
1,2,495869.6350767799,0.16239999,2.9441147,0.9384782392128777
1,2,495874.63527305424,0.16239999,2.9442673,0.9387036193004247
1,2,495879.6354693286,0.16239999,2.9449546,0.9389290017865644
1,2,495884.635665603,0.16239999,2.9447064,0.9391543847061127
1,2,495889.63586187735,0.16239999,2.9455464,0.939379769195971
1,2,495894.6360581517,0.16239999,2.9458709,0.9396051525101791
1,2,495899.6362544261,0.16239999,2.9462337,0.9398305372814251
1,2,495904.63645070046,0.16239999,2.9469209,0.9400559209075301
1,2,495909.63664697483,0.16239999,2.94715,0.9402813070976291
1,2,495914.6368432492,0.16239999,2.947379,0.9405066927574008
1,2,495919.6370395236,0.16239999,2.9478946,0.9407320799126804
1,2,495924.63723579794,0.16239999,2.9481428,0.9409574678732658
1,2,495929.6374320723,0.16239999,2.9487917,0.9411828539082653
1,2,495934.6376283467,0.16239999,2.949231,0.9414082422945322
1,2,495939.63782462105,0.16239999,2.9497654,0.9416336289037082
1,2,495944.6380208954,0.16239999,2.95009,0.9418590138995437
1,2,495949.6382171698,0.16239999,2.9504335,0.9420843978619117
1,2,495954.63841344416,0.16239999,2.9510252,0.9423097822488435
1,2,495959.63860971853,0.16239999,2.9514072,0.9425351653555885
1,2,495964.6388059929,0.16239999,2.9520562,0.9427605489701145
1,2,495969.6390022673,0.16239999,2.9522662,0.9429859311091929
1,2,495974.63919854164,0.16239999,2.9527435,0.9432113133144979
1,2,495979.639394816,0.16239999,2.9531443,0.9434366955568182
1,2,495984.6395910904,0.16239999,2.9536598,0.9436620807327293
1,2,495989.63978736475,0.16239999,2.9542706,0.9438874640033489
1,2,495994.6399836391,0.16239999,2.9547098,0.9441128457517147
1,2,495999.6401799135,0.16239999,2.954996,0.9443382294590659
1,2,496004.64037618786,0.16239999,2.9553015,0.9445636123001712
1,2,496009.64057246223,0.16239999,2.9558933,0.9447889958428372
1,2,496014.6407687366,0.16239999,2.956008,0.9450143790089484
1,2,496019.64096501097,0.16239999,2.9567523,0.9452397625289837
1,2,496024.64116128534,0.16239999,2.9572487,0.9454651460745488
1,2,496029.6413575597,0.16239999,2.9574397,0.945690531724104
1,2,496034.6415538341,0.16239999,2.957726,0.9459159152250112
1,2,496039.64175010845,0.16239999,2.9580505,0.9461412986763588
1,2,496044.6419463828,0.16239999,2.9581842,0.9463666819866171
1,2,496049.6421426572,0.16239999,2.9584897,0.9465920661234313
1,2,496054.64233893156,0.16239999,2.9592533,0.9468174510675341
1,2,496059.64253520593,0.16239999,2.9596922,0.9470428338238791
1,2,496064.6427314803,0.16239999,2.960036,0.9472682147379703
1,2,496069.64292775467,0.16239999,2.9603415,0.9474935940966146
1,2,496074.64312402904,0.16239999,2.960895,0.9477189727462211
1,2,496079.6433203034,0.16239999,2.9612768,0.9479443503422078
1,2,496084.6435165778,0.16239999,2.961716,0.9481697300139876
1,2,496089.64371285215,0.16239999,2.9622123,0.9483951110132987
1,2,496094.6439091265,0.16239999,2.962575,0.948620491264558
1,2,496099.6441054009,0.16239999,2.9630523,0.9488458701932194
1,2,496104.64430167526,0.16239999,2.9636822,0.949071249526016
1,2,496109.64449794963,0.16239999,2.963835,0.9492966283973352
1,2,496114.644694224,0.16239999,2.9643695,0.9495220071445517
1,2,496119.64489049837,0.16239999,2.9648466,0.9497473850245555
1,2,496124.64508677274,0.16239999,2.9652667,0.9499727629249713
1,2,496129.6452830471,0.16239999,2.9658775,0.9501981409393471
1,2,496134.6454793215,0.16239999,2.966565,0.9504235217344426
1,2,496139.64567559585,0.16239999,2.966813,0.9506489025620872
1,2,496144.6458718702,0.16239999,2.967233,0.9508742826959404
1,2,496149.6460681446,0.16239999,2.9677866,0.9510996624338109
1,2,496154.64626441896,0.16239999,2.9683402,0.9513250432119986
1,2,496159.64646069333,0.16239999,2.9688747,0.9515504270435311
1,2,496164.6466569677,0.16239999,2.9692183,0.9517758093537229
1,2,496169.64685324207,0.16239999,2.9696193,0.95200118845476
1,2,496174.64704951644,0.16239999,2.970192,0.9522265706388101
1,2,496179.6472457908,0.16239999,2.9704974,0.9524519526823398
1,2,496184.6474420652,0.16239999,2.9707837,0.9526773314454609
1,2,496189.64763833955,0.16239999,2.9707456,0.9529027101866904
1,2,496194.6478346139,0.16239999,2.9715474,0.9531280922928166
1,2,496199.6480308883,0.16239999,2.971929,0.9533534743223856
1,2,496204.64822716266,0.16239999,2.9721773,0.9535788552647352
1,2,496209.64842343703,0.16239999,2.9727693,0.9538042371033044
1,2,496214.64861971186,0.16239999,2.973151,0.954029623843527
1,2,496219.6488159867,0.16239999,2.9737236,0.9542550062684403
1,2,496224.64901226154,0.16239999,2.9743536,0.9544803868562276
1,2,496229.6492085364,0.16239999,2.9745255,0.954705766979179
1,2,496234.6494048112,0.16239999,2.97506,0.9549311482998939
1,2,496239.64960108604,0.16239999,2.975461,0.9551565278460346
1,2,496244.6497973609,0.16239999,2.9760528,0.9553819054086244
1,2,496249.6499936357,0.16239999,2.9763772,0.9556072843578999
1,2,496254.65018991055,0.16239999,2.9766636,0.9558326614437925
1,2,496259.6503861854,0.16239999,2.9771981,0.9560580377778843
1,2,496264.6505824602,0.16239999,2.9777517,0.9562834171597885
1,2,496269.65077873506,0.16239999,2.9780953,0.9565087932802101
1,2,496274.6509750099,0.16239999,2.9787636,0.9567341703993978
1,2,496279.6511712847,0.16239999,2.97926,0.9569595487429476
1,2,496284.65136755956,0.16239999,2.979718,0.957184928501828
1,2,496289.6515638344,0.16239999,2.9800808,0.9574103099146926
1,2,496294.65176010923,0.16239999,2.9806917,0.9576356916690992
1,2,496299.65195638407,0.16239999,2.9811115,0.9578610696987255
1,2,496304.6521526589,0.16239999,2.9817607,0.958086446318755
1,2,496309.6523489335,0.16239999,2.9822187,0.9583118240107491
1,2,496314.6525452081,0.16239999,2.9825816,0.9585372019508583
1,2,496319.65274148295,0.16239999,2.9832497,0.9587625795321376
1,2,496324.65293775755,0.16239999,2.9834597,0.958987954722644
1,2,496329.65313403215,0.16239999,2.9841661,0.9592133334288094
1,2,496334.65333030676,0.16239999,2.9844906,0.9594387128298781
1,2,496339.65352658136,0.16239999,2.9851968,0.9596640943089668
1,2,496344.65372285596,0.16239999,2.9855978,0.9598894732444314
1,2,496349.65391913056,0.16239999,2.9863424,0.9601148524101454
1,2,496354.65411540517,0.16239999,2.9868195,0.9603402316060881
1,2,496359.6543116799,0.16239999,2.9874115,0.9605656109614706
1,2,496364.6545079546,0.16239999,2.9879076,0.9607909900006854
1,2,496369.6547042293,0.16239999,2.988385,0.9610163676004959
1,2,496374.65490050404,0.16239999,2.988767,0.9612417439390656
1,2,496379.65509677865,0.16239999,2.9890723,0.9614671217609216
1,2,496384.65529305337,0.16239999,2.989645,0.9616924988663381
1,2,496389.6554893281,0.16239999,2.9899886,0.9619178745561311
1,2,496394.6556856028,0.16239999,2.990485,0.9621432482981345
1,2,496399.6558818775,0.16239999,2.9909623,0.9623686214255138
1,2,496404.65607815224,0.16239999,2.991554,0.9625939956450507
1,2,496409.65627442696,0.16239999,2.9918785,0.9628193682767454
1,2,496414.6564707016,0.16239999,2.992585,0.9630447401999528
1,2,496419.65666697634,0.16239999,2.992585,0.9632701127768013
1,2,496424.65686325106,0.16239999,2.9931576,0.963495484692684
1,2,496429.6570595258,0.16239999,2.993635,0.9637208557567633
1,2,496434.65725580044,0.16239999,2.994284,0.9639462242676528
1,2,496439.65745207516,0.16239999,2.9944558,0.9641715957071908
1,2,496444.6576483499,0.16239999,2.9949138,0.964396964370765
1,2,496449.6578446246,0.16239999,2.9953911,0.9646223341486647
1,2,496454.6580408993,0.16239999,2.9958303,0.9648477050030168
1,2,496459.65823717345,0.16239999,2.9964793,0.9650730754632182
1,2,496464.65843344806,0.16239999,2.9971857,0.9652984470100231
1,2,496469.65862972266,0.16239999,2.9976437,0.9655238194328988
1,2,496474.65882599726,0.16239999,2.9982357,0.965749187446972
1,2,496479.65902227187,0.16239999,2.9988275,0.9659745563017597
1,2,496484.65921854647,0.16239999,2.9994574,0.9661999255409012
1,2,496489.6594148211,0.16239999,2.9998965,0.966425292727873
1,2,496489.86381466314,0.16239999,2.999992,0.9664345054079728
1,2,496489.8640146628,0.16239999,2.999992,0.9664345144228136
2,1,496489.8648146624,-0.16239999,2.9731429,-1.7922481728924646e-08
2,1,496494.8650109377,-0.16239999,2.8620646,-0.00022580892236199644
2,1,496499.86520721205,-0.16239999,2.828752,-0.0004515989856562681
2,1,496504.8654034864,-0.16239999,2.8047554,-0.0006773852310329676
2,1,496509.8655997608,-0.16239999,2.784157,-0.0009031719519802266
2,1,496514.86579603516,-0.16239999,2.7647803,-0.0011289611313616236
2,1,496519.8659923095,-0.16239999,2.744602,-0.001354748251426551
2,1,496524.8661885839,-0.16239999,2.7229154,-0.001580535794408785
2,1,496529.86638485827,-0.16239999,2.6988235,-0.0018063231992613937
2,1,496534.86658113264,-0.16239999,2.6743495,-0.002032108510515756
2,1,496539.866777407,-0.16239999,2.6499522,-0.002257894511402481
2,1,496544.8669736814,-0.16239999,2.626433,-0.0024836804845929147
2,1,496549.86716995575,-0.16239999,2.6041546,-0.002709463732923071
2,1,496554.8673662306,-0.16239999,2.5828497,-0.002935244110302793
2,1,496559.8675625054,-0.16239999,2.5626714,-0.0031610264025222928
2,1,496564.86775878025,-0.16239999,2.543791,-0.0033868093992968406
2,1,496569.8679550551,-0.16239999,2.5256743,-0.003612590494876935
2,1,496574.8681513299,-0.16239999,2.5084932,-0.003838375249519117
2,1,496579.86834760476,-0.16239999,2.4919991,-0.004064160723859238
2,1,496584.8685438796,-0.16239999,2.4764214,-0.0042899431590131595
2,1,496589.86874015443,-0.16239999,2.4614165,-0.004515725411682494
2,1,496594.86893642927,-0.16239999,2.4471178,-0.004741507133944167
2,1,496599.8691327041,-0.16239999,2.4334302,-0.004967288201225301
2,1,496604.86932897894,-0.16239999,2.4203913,-0.005193066135715279
2,1,496609.8695252538,-0.16239999,2.4078681,-0.005418843641209933
2,1,496614.8697215286,-0.16239999,2.3959558,-0.0056446212380851304
2,1,496619.86991780344,-0.16239999,2.3845398,-0.005870398129416008
2,1,496624.8701140783,-0.16239999,2.3736393,-0.006096176141297651
2,1,496629.8703103531,-0.16239999,2.363216,-0.006321955901463825
2,1,496634.87050662795,-0.16239999,2.3532126,-0.0065477369383929495
2,1,496639.8707029028,-0.16239999,2.3435912,-0.006773518496884239
2,1,496644.8708991776,-0.16239999,2.334275,-0.006999299173619183
2,1,496649.8710954522,-0.16239999,2.3254745,-0.00722507843669835
2,1,496654.87129172706,-0.16239999,2.3170557,-0.00745085818486909
2,1,496659.87148800166,-0.16239999,2.3091905,-0.007676638211519353
2,1,496664.87168427627,-0.16239999,2.3012297,-0.007902418608956038
2,1,496669.87188055087,-0.16239999,2.2937846,-0.008128202108548746
2,1,496674.8720768255,-0.16239999,2.2867403,-0.00835398524224344
2,1,496679.8722731001,-0.16239999,2.2798295,-0.008579771140492623
2,1,496684.8724693747,-0.16239999,2.2730525,-0.00880555643223557
2,1,496689.8726656493,-0.16239999,2.266848,-0.009031341774990986
2,1,496694.8728619239,-0.16239999,2.26114,-0.00925712425664481
2,1,496699.8730581986,-0.16239999,2.2554893,-0.00948290636881689
2,1,496704.8732544733,-0.16239999,2.2500105,-0.009708685085907576
2,1,496709.87345074804,-0.16239999,2.2451997,-0.0099344649140098
2,1,496714.87364702276,-0.16239999,2.240618,-0.010160246352851388
2,1,496719.87384329736,-0.16239999,2.236151,-0.01038603025970525
2,1,496724.8740395721,-0.16239999,2.2320085,-0.010611815165030456
2,1,496729.8742358468,-0.16239999,2.2284384,-0.010837598632712327
2,1,496734.8744321215,-0.16239999,2.2249258,-0.011063384523910777
2,1,496739.87462839624,-0.16239999,2.2215278,-0.011289169147187634
2,1,496744.87482467096,-0.16239999,2.2187023,-0.01151495497581528
2,1,496749.8750209457,-0.16239999,2.2155335,-0.011740738212469548
2,1,496754.87521722034,-0.16239999,2.2127461,-0.011966522449474364
2,1,496759.87541349506,-0.16239999,2.2102072,-0.012192305354907278
2,1,496764.8756097698,-0.16239999,2.2079356,-0.01241808901169068
2,1,496769.8758060445,-0.16239999,2.205473,-0.01264387214154667
2,1,496774.87600231916,-0.16239999,2.2034302,-0.012869653846039537
2,1,496779.8761985939,-0.16239999,2.201311,-0.013095437565367251
2,1,496784.8763948686,-0.16239999,2.1994975,-0.013321220453078543
2,1,496789.8765911433,-0.16239999,2.197493,-0.01354700515539033
2,1,496794.87678741757,-0.16239999,2.1958323,-0.013772789245482114
2,1,496799.8769836922,-0.16239999,2.1942477,-0.013998572038465898
2,1,496804.8771799668,-0.16239999,2.1924915,-0.014224354508082893
2,1,496809.8773762414,-0.16239999,2.1910787,-0.01445013696918222
2,1,496814.877572516,-0.16239999,2.1895897,-0.014675916264266597
2,1,496819.8777687906,-0.16239999,2.1880624,-0.014901695128244652
2,1,496824.8779650652,-0.16239999,2.1868026,-0.015127473977693246
2,1,496829.8781613398,-0.16239999,2.1854854,-0.015353252745818754
2,1,496834.8783576144,-0.16239999,2.1842444,-0.015579032166687972
2,1,496839.878553889,-0.16239999,2.182889,-0.01580481141534447
2,1,496844.8787501638,-0.16239999,2.1817627,-0.01603059025064855
2,1,496849.87894643843,-0.16239999,2.1806936,-0.016256370695869122
2,1,496854.87914271327,-0.16239999,2.1795673,-0.016482149441736434
2,1,496859.8793389881,-0.16239999,2.1782691,-0.01670792647598352
2,1,496864.87953526294,-0.16239999,2.1771429,-0.016933703140911124
2,1,496869.8797315378,-0.16239999,2.176131,-0.017159479737550016
2,1,496874.8799278126,-0.16239999,2.1748712,-0.01738525573366052
2,1,496879.88012408745,-0.16239999,2.1739929,-0.017611030066057205
2,1,496884.8803203623,-0.16239999,2.1726947,-0.017836808090075842
2,1,496889.8805166371,-0.16239999,2.1717784,-0.018062585561966722
2,1,496894.88071291195,-0.16239999,2.1708047,-0.018288360758373298
2,1,496899.8809091868,-0.16239999,2.1696022,-0.01851413811791439
2,1,496904.8811054616,-0.16239999,2.1685903,-0.018739914725775512
2,1,496909.88130173646,-0.16239999,2.1674259,-0.018965689771191105
2,1,496914.8814980113,-0.16239999,2.1665096,-0.019191464106721175
2,1,496919.88169428613,-0.16239999,2.1654596,-0.019417241371043018
2,1,496924.88189056097,-0.16239999,2.1642568,-0.019643015549911384
2,1,496929.8820868358,-0.16239999,2.1631687,-0.01986878882207224
2,1,496934.88228311064,-0.16239999,2.1621761,-0.020094560283375276
2,1,496939.8824793855,-0.16239999,2.160916,-0.020320332370383037
2,1,496944.8826756603,-0.16239999,2.159866,-0.020546105455730518
2,1,496949.88287193514,-0.16239999,2.1587398,-0.020771878247887718
2,1,496954.8830682095,-0.16239999,2.1574035,-0.020997651336498554
2,1,496959.8832644839,-0.16239999,2.1565635,-0.021223423653134864
2,1,496964.88346075825,-0.16239999,2.15538,-0.02144920045247011
2,1,496969.8836570326,-0.16239999,2.1542153,-0.02167497600985235
2,1,496974.883853307,-0.16239999,2.15286,-0.021900749133484224
2,1,496979.88404958136,-0.16239999,2.151848,-0.02212652379782166
2,1,496984.88424585573,-0.16239999,2.1503973,-0.02235229842315531
2,1,496989.8844421301,-0.16239999,2.14929,-0.022578075486770103
2,1,496994.8846384045,-0.16239999,2.1478584,-0.0228038519322185
2,1,496999.88483467884,-0.16239999,2.1467512,-0.023029629203932974
2,1,497004.8850309532,-0.16239999,2.1453001,-0.02325540734931826
2,1,497009.8852272276,-0.16239999,2.1440976,-0.023481184877180386
2,1,497014.88542350195,-0.16239999,2.1426275,-0.02370695960787021
2,1,497019.8856197763,-0.16239999,2.1412148,-0.023932735757877424
2,1,497024.8858160507,-0.16239999,2.139726,-0.024158509802860512
2,1,497029.88601232506,-0.16239999,2.138523,-0.024384281923442244
2,1,497034.88620859943,-0.16239999,2.136996,-0.02461005575049171
2,1,497039.8864048738,-0.16239999,2.1354878,-0.024835831813136727
2,1,497044.8866011482,-0.16239999,2.1341133,-0.025061607691134833
2,1,497049.88679742254,-0.16239999,2.132567,-0.025287383336552303
2,1,497054.8869936969,-0.16239999,2.1311162,-0.02551315911581366
2,1,497059.8871899713,-0.16239999,2.129608,-0.025738935635291855
2,1,497064.88738624565,-0.16239999,2.1278708,-0.025964714706559134
2,1,497069.88758252,-0.16239999,2.1264007,-0.026190495072441783
2,1,497074.8877787944,-0.16239999,2.124778,-0.026416273246814795
2,1,497079.88797506876,-0.16239999,2.12327,-0.02664204734247425
2,1,497084.88817134313,-0.16239999,2.1215136,-0.02686781847979872
2,1,497089.8883676175,-0.16239999,2.1197956,-0.027093595372171025
2,1,497094.8885638919,-0.16239999,2.1183066,-0.027319373923720573
2,1,497099.88876016624,-0.16239999,2.116474,-0.02754515120006186
2,1,497104.8889564406,-0.16239999,2.114775,-0.027770927518236958
2,1,497109.889152715,-0.16239999,2.112904,-0.02799670588005085
2,1,497114.88934898935,-0.16239999,2.1112049,-0.02822248019824259
2,1,497119.8895452637,-0.16239999,2.1094677,-0.02844825607464462
2,1,497124.8897415381,-0.16239999,2.107654,-0.028674033831140228
2,1,497129.88993781246,-0.16239999,2.105936,-0.02889980990688668
2,1,497134.89013408683,-0.16239999,2.1038551,-0.029125587047315302
2,1,497139.8903303612,-0.16239999,2.102137,-0.029351360155060884
2,1,497144.8905266356,-0.16239999,2.100209,-0.029577134092537063
2,1,497149.89072290994,-0.16239999,2.0983763,-0.02980290698020574
2,1,497154.8909191843,-0.16239999,2.0967727,-0.030028682375235687
2,1,497159.8911154587,-0.16239999,2.0948827,-0.030254456951830946
2,1,497164.89131173305,-0.16239999,2.0928783,-0.030480229930691417
2,1,497169.8915080074,-0.16239999,2.090702,-0.03070600329323692
2,1,497174.8917042818,-0.16239999,2.0888312,-0.030931778853395743
2,1,497179.89190055616,-0.16239999,2.0869985,-0.03115755692858497
2,1,497184.89209683053,-0.16239999,2.0851467,-0.03138333527843571
2,1,497189.8922931049,-0.16239999,2.0831614,-0.03160911374580446
2,1,497194.8924893793,-0.16239999,2.0812142,-0.03183489200885759
2,1,497199.89268565364,-0.16239999,2.0792668,-0.03206066786421007
2,1,497204.892881928,-0.16239999,2.0772243,-0.032286443872657083
2,1,497209.8930782024,-0.16239999,2.0751815,-0.032512220120676685
2,1,497214.89327447675,-0.16239999,2.0734062,-0.032737991987137324
2,1,497219.8934707511,-0.16239999,2.0713634,-0.03296376507581107
2,1,497224.8936670255,-0.16239999,2.0696454,-0.033189538604909335
2,1,497229.89386329986,-0.16239999,2.0675454,-0.033415311142196244
2,1,497234.89405957423,-0.16239999,2.0656173,-0.03364108483589853
2,1,497239.8942558486,-0.16239999,2.0635936,-0.03386685784601998
2,1,497244.894452123,-0.16239999,2.0614173,-0.034092632608237354
2,1,497249.89464839734,-0.16239999,2.0596993,-0.03431840457342315
2,1,497254.8948446717,-0.16239999,2.0574467,-0.034544180433288205
2,1,497259.8950409461,-0.16239999,2.0555377,-0.03476995771989639
2,1,497264.89523722045,-0.16239999,2.0536668,-0.0349957325214669
2,1,497269.8954334948,-0.16239999,2.051796,-0.0352215049491922
2,1,497274.8956297692,-0.16239999,2.0497916,-0.0354472772589301
2,1,497279.89582604356,-0.16239999,2.0476534,-0.0356730505347467
2,1,497284.89602231793,-0.16239999,2.0455153,-0.03589883067077397
2,1,497289.8962185923,-0.16239999,2.0436635,-0.0361246164827653
2,1,497294.8964148667,-0.16239999,2.0413344,-0.03635040636877632
2,1,497299.89661114104,-0.16239999,2.0394635,-0.036576196947915675
2,1,497304.8968074154,-0.16239999,2.0372682,-0.036801972601559416
2,1,497309.8970036898,-0.16239999,2.0353973,-0.03702774477620422
2,1,497314.89719996415,-0.16239999,2.0332592,-0.037253514506205905
2,1,497319.8973962385,-0.16239999,2.0311785,-0.03747928237780927
2,1,497324.8975925129,-0.16239999,2.029193,-0.03770505189725259
2,1,497329.89778878726,-0.16239999,2.0272648,-0.0379308248910879
2,1,497334.89798506163,-0.16239999,2.0254896,-0.03815659990284839
2,1,497339.898181336,-0.16239999,2.023485,-0.038382373683604094
2,1,497344.89837761037,-0.16239999,2.0213852,-0.03860814862885574
2,1,497349.8985738852,-0.16239999,2.0194378,-0.038833923695022025
2,1,497354.89877016004,-0.16239999,2.0176625,-0.039059700221902784
2,1,497359.8989664349,-0.16239999,2.0157344,-0.03928547482847835
2,1,497364.8991627097,-0.16239999,2.0138063,-0.03951124957095002
2,1,497369.89935898455,-0.16239999,2.0118017,-0.0397370211069948
2,1,497374.8995552594,-0.16239999,2.0100074,-0.0399627936182113
2,1,497379.8997515342,-0.16239999,2.0081174,-0.04018856689854958
2,1,497384.89994780906,-0.16239999,2.0059218,-0.04041434030206334
2,1,497389.9001440839,-0.16239999,2.0039175,-0.04064011370365734
2,1,497394.9003403587,-0.16239999,2.0020466,-0.04086588871042677
2,1,497399.90053663356,-0.16239999,2.0002713,-0.04109166262239547
2,1,497404.9007329084,-0.16239999,1.9982476,-0.04131743744583012
2,1,497409.90092918323,-0.16239999,1.9963958,-0.04154321180690989
2,1,497414.90112545807,-0.16239999,1.9945632,-0.041768983013546285
2,1,497419.9013217329,-0.16239999,1.9926541,-0.04199475319819482
2,1,497424.90151800774,-0.16239999,1.9908215,-0.04222052162362054
2,1,497429.9017142826,-0.16239999,1.9888743,-0.042446292487705733
2,1,497434.9019105574,-0.16239999,1.9868698,-0.042672064062655786
2,1,497439.90210683225,-0.16239999,1.9848272,-0.04289783490620801
2,1,497444.9023031071,-0.16239999,1.9831854,-0.043123606319757785
2,1,497449.9024993817,-0.16239999,1.9812381,-0.0433493780297968
2,1,497454.9026956563,-0.16239999,1.9793673,-0.043575149540038556
2,1,497459.9028919309,-0.16239999,1.9774964,-0.04380092222026982
2,1,497464.9030882055,-0.16239999,1.9756447,-0.04402669553184011
2,1,497469.9032844801,-0.16239999,1.974003,-0.04425246734017215
2,1,497474.9034807547,-0.16239999,1.972113,-0.044478241768884146
2,1,497479.9036770293,-0.16239999,1.9703184,-0.0447040150506339
2,1,497484.9038733039,-0.16239999,1.9686195,-0.04492978867002575
2,1,497489.9040695785,-0.16239999,1.9669204,-0.04515556381696461
2,1,497494.9042658531,-0.16239999,1.9649541,-0.045381340711018264
2,1,497499.90446212783,-0.16239999,1.9633887,-0.04560711948885188
2,1,497504.90465840255,-0.16239999,1.9614034,-0.045832896347285955
2,1,497509.90485467727,-0.16239999,1.9601052,-0.04605867517791852
2,1,497514.905050952,-0.16239999,1.9578334,-0.04628445328719001
2,1,497519.9052472267,-0.16239999,1.956058,-0.04651023176376768
2,1,497524.9054435014,-0.16239999,1.9543399,-0.04673600832458252
2,1,497529.90563977615,-0.16239999,1.9526409,-0.04696178297708016
2,1,497534.9058360504,-0.16239999,1.9509991,-0.04718755883206922
2,1,497539.9060323251,-0.16239999,1.9491283,-0.04741333783437889
2,1,497544.90622859984,-0.16239999,1.9474484,-0.04763911726978254
2,1,497549.9064248745,-0.16239999,1.9458829,-0.047864893910960174
2,1,497554.9066211492,-0.16239999,1.9437448,-0.04809067112422733
2,1,497559.90681742394,-0.16239999,1.9423894,-0.04831644601459552
2,1,497564.90701369866,-0.16239999,1.9406904,-0.04854222050265139
2,1,497569.9072099734,-0.16239999,1.9388195,-0.04876799680487397
2,1,497574.90740624804,-0.16239999,1.9371778,-0.0489937717278848
2,1,497579.90760252276,-0.16239999,1.9352496,-0.04921954700890348
2,1,497584.9077987975,-0.16239999,1.9336078,-0.04944532160201336
2,1,497589.9079950722,-0.16239999,1.9317561,-0.04967109643937729
2,1,497594.9081913469,-0.16239999,1.9300189,-0.049896871733210967
2,1,497599.90838762163,-0.16239999,1.928568,-0.05012264951795173
2,1,497604.90858389623,-0.16239999,1.9270217,-0.05034842953372746
2,1,497609.90878017084,-0.16239999,1.9250745,-0.05057420652204006
2,1,497614.90897644544,-0.16239999,1.9237381,-0.050799983821240555
2,1,497619.90917272004,-0.16239999,1.9219437,-0.05102576616813738
2,1,497624.90936899465,-0.16239999,1.920531,-0.05125154605395925
2,1,497629.90956526925,-0.16239999,1.9188701,-0.05147732309066834
2,1,497634.90976154385,-0.16239999,1.917362,-0.0517031015203446
2,1,497639.90995781845,-0.16239999,1.915453,-0.051928877531381104
2,1,497644.91015409306,-0.16239999,1.9137921,-0.05215465351895821
2,1,497649.9103503679,-0.16239999,1.9122458,-0.05238043040063893
2,1,497654.9105466427,-0.16239999,1.9108713,-0.052606204080251344
2,1,497659.91074291756,-0.16239999,1.9091914,-0.052831979312060594
2,1,497664.9109391924,-0.16239999,1.9074541,-0.053057755553453316
2,1,497669.91113546723,-0.16239999,1.9056978,-0.05328353321149281
2,1,497674.91133174207,-0.16239999,1.9043424,-0.05350930998246867
2,1,497679.9115280169,-0.16239999,1.9027007,-0.05373508635750742
2,1,497684.91172429174,-0.16239999,1.9011544,-0.05396086321843165
2,1,497689.9119205666,-0.16239999,1.8995699,-0.05418664148510411
2,1,497694.9121168414,-0.16239999,1.8979281,-0.05441242064874783
2,1,497699.91231311625,-0.16239999,1.8964008,-0.05463820085313335
2,1,497704.9125093911,-0.16239999,1.894931,-0.05486398086636015
2,1,497709.9127056659,-0.16239999,1.8935182,-0.05508976124480365
2,1,497714.91290194076,-0.16239999,1.891991,-0.05531554403559034
2,1,497719.9130982156,-0.16239999,1.890311,-0.055541327707615974
2,1,497724.9132944904,-0.16239999,1.8887647,-0.055767110917396
2,1,497729.91349076526,-0.16239999,1.8873903,-0.05599289426085269
2,1,497734.9136870401,-0.16239999,1.8858057,-0.0562186788697077
2,1,497739.91388331493,-0.16239999,1.8844503,-0.056444459096615496
2,1,497744.91407958977,-0.16239999,1.8829231,-0.05667023989748374
2,1,497749.91427586414,-0.16239999,1.8814722,-0.05689601629618802
2,1,497754.9144721385,-0.16239999,1.8801168,-0.057121794717825934
2,1,497759.9146684129,-0.16239999,1.8787423,-0.05734757396249058
2,1,497764.91486468725,-0.16239999,1.876967,-0.057573352548260646
2,1,497769.9150609616,-0.16239999,1.8756115,-0.05779912990303668
2,1,497774.915257236,-0.16239999,1.8742371,-0.058024906800729525
2,1,497779.91545351036,-0.16239999,1.8729007,-0.05825068438597271
2,1,497784.9156497847,-0.16239999,1.871488,-0.058476462914103425
2,1,497789.9158460591,-0.16239999,1.8699989,-0.05870224111013362
2,1,497794.91604233347,-0.16239999,1.8685291,-0.058928018173375056
2,1,497799.91623860784,-0.16239999,1.8669255,-0.059153795865342015
2,1,497804.9164348822,-0.16239999,1.8655891,-0.0593795755399896
2,1,497809.9166311566,-0.16239999,1.8643292,-0.059605353965554796
2,1,497814.91682743095,-0.16239999,1.8627828,-0.05983113354066097
2,1,497819.9170237053,-0.16239999,1.8613129,-0.06005691263715177
2,1,497824.9172199797,-0.16239999,1.8598621,-0.060282693827547126
2,1,497829.91741625406,-0.16239999,1.8586402,-0.060508471654145246
2,1,497834.9176125284,-0.16239999,1.857113,-0.060734249566225536
2,1,497839.9178088028,-0.16239999,1.8558531,-0.06096002734106364
2,1,497844.91800507717,-0.16239999,1.8544595,-0.061185806631155304
2,1,497849.91820135154,-0.16239999,1.8531232,-0.061411586390003554
2,1,497854.9183976259,-0.16239999,1.8517295,-0.06163736574121647
2,1,497859.9185939003,-0.16239999,1.850336,-0.06186314277761677
2,1,497864.91879017465,-0.16239999,1.8491715,-0.06208892319427347
2,1,497869.918986449,-0.16239999,1.8478924,-0.06231470135186943
2,1,497874.9191827234,-0.16239999,1.8466516,-0.06254047815808156
2,1,497879.91937899776,-0.16239999,1.845258,-0.062766255331705
2,1,497884.9195752721,-0.16239999,1.8437307,-0.06299203414978748
2,1,497889.9197715465,-0.16239999,1.842299,-0.06321781330683246
2,1,497894.91996782087,-0.16239999,1.8413062,-0.06344359356492674
2,1,497899.92016409524,-0.16239999,1.8400654,-0.06366937393293032
2,1,497904.9203603696,-0.16239999,1.838729,-0.06389515684507041
2,1,497909.920556644,-0.16239999,1.8374691,-0.0641209359050095
2,1,497914.92075291835,-0.16239999,1.8362664,-0.06434671437972948
2,1,497919.9209491927,-0.16239999,1.8350828,-0.06457249324749906
2,1,497924.9211454671,-0.16239999,1.8338993,-0.06479827266695515
2,1,497929.92134174146,-0.16239999,1.8326775,-0.06502404879682179
2,1,497934.9215380158,-0.16239999,1.8314174,-0.06524982198063284
2,1,497939.9217342902,-0.16239999,1.8302721,-0.06547559422961623
2,1,497944.92193056457,-0.16239999,1.8292412,-0.06570136829667042
2,1,497949.92212683894,-0.16239999,1.8280194,-0.06592714127285282
2,1,497954.9223231133,-0.16239999,1.8269503,-0.06615291386828406
2,1,497959.9225193877,-0.16239999,1.8257859,-0.0663786843614537
2,1,497964.92271566205,-0.16239999,1.8246213,-0.06660445708419384
2,1,497969.9229119364,-0.16239999,1.8235332,-0.06683023158387841
2,1,497974.9231082108,-0.16239999,1.8223687,-0.0670560051624949
2,1,497979.92330448516,-0.16239999,1.8213569,-0.06728177892656874
2,1,497984.9235007595,-0.16239999,1.8202497,-0.06750755119466782
2,1,497989.9236970339,-0.16239999,1.8192188,-0.06773332650263195
2,1,497994.92389330827,-0.16239999,1.817997,-0.06795910460193788
2,1,497999.92408958264,-0.16239999,1.8170234,-0.06818488237318564
2,1,498004.924285857,-0.16239999,1.816107,-0.06841066024791534
2,1,498009.9244821314,-0.16239999,1.8149998,-0.06863643815440272
2,1,498014.92467840575,-0.16239999,1.8141599,-0.06886221642213979
2,1,498019.9248746801,-0.16239999,1.8129762,-0.06908799390263691
2,1,498024.9250709545,-0.16239999,1.8119262,-0.06931377108627393
2,1,498029.92526722886,-0.16239999,1.8109336,-0.06953954765738796
2,1,498034.9254635032,-0.16239999,1.8099791,-0.0697653231323022
2,1,498039.9256597776,-0.16239999,1.809101,-0.06999109634803732
2,1,498044.92585605197,-0.16239999,1.8082228,-0.07021686887768656
2,1,498049.92605232634,-0.16239999,1.8070774,-0.07044264246033712
2,1,498054.9262486007,-0.16239999,1.8062373,-0.07066841559429218
2,1,498059.9264448751,-0.16239999,1.8054165,-0.07089418964044004
2,1,498064.92664114945,-0.16239999,1.8045956,-0.07111996113682455
2,1,498069.9268374238,-0.16239999,1.8036984,-0.0713457339331251
2,1,498074.9270336982,-0.16239999,1.8028775,-0.07157150498108814
2,1,498079.92722997256,-0.16239999,1.8020567,-0.07179727675802675
2,1,498084.9274262469,-0.16239999,1.8011975,-0.07202305110564827
2,1,498089.9276225213,-0.16239999,1.8003194,-0.07224882535277141
2,1,498094.92781879567,-0.16239999,1.799384,-0.07247459879353974
2,1,498099.92801507004,-0.16239999,1.7986394,-0.07270036961186677
2,1,498104.9282113444,-0.16239999,1.7979331,-0.07292614333739711
2,1,498109.9284076188,-0.16239999,1.7972077,-0.07315191918245371
2,1,498114.92860389315,-0.16239999,1.7964631,-0.07337769337820924
2,1,498119.9288001675,-0.16239999,1.7956423,-0.0736034658341267
2,1,498124.9289964419,-0.16239999,1.7949741,-0.0738292375014325
2,1,498129.92919271626,-0.16239999,1.7942868,-0.07405500919670695
2,1,498134.9293889906,-0.16239999,1.7935424,-0.07428077909690142
2,1,498139.929585265,-0.16239999,1.7929314,-0.07450654782167326
2,1,498144.92978153983,-0.16239999,1.7920341,-0.07473231662294104
2,1,498149.92997781467,-0.16239999,1.7912706,-0.07495808406085935
2,1,498154.9301740895,-0.16239999,1.7906024,-0.07518385167853783
2,1,498159.93037036434,-0.16239999,1.7900488,-0.07540962018606565
2,1,498164.9305666392,-0.16239999,1.7892089,-0.0756353867003686
2,1,498169.930762914,-0.16239999,1.7885598,-0.07586115628313936
2,1,498174.93095918885,-0.16239999,1.7881016,-0.07608692530971352
2,1,498179.9311554637,-0.16239999,1.7874143,-0.0763126945096569
2,1,498184.9313517385,-0.16239999,1.786918,-0.07653846425303734
2,1,498189.93154801335,-0.16239999,1.7861925,-0.07676423122840789
2,1,498194.9317442882,-0.16239999,1.7855626,-0.07698999813232738
2,1,498199.931940563,-0.16239999,1.7850281,-0.07721576489286788
2,1,498204.93213683786,-0.16239999,1.7846081,-0.07744153378576953
2,1,498209.9323331127,-0.16239999,1.7839209,-0.07766730421115874
2,1,498214.93252938753,-0.16239999,1.7834436,-0.07789307475813893
2,1,498219.93272566237,-0.16239999,1.7827182,-0.07811884625526022
2,1,498224.9329219372,-0.16239999,1.78205,-0.07834461648563132
2,1,498229.93311821204,-0.16239999,1.7817254,-0.07857038924956489
2,1,498234.9333144869,-0.16239999,1.7811146,-0.0787961603581061
2,1,498239.9335107617,-0.16239999,1.7805036,-0.07902193368025208
2,1,498244.9337070363,-0.16239999,1.7800837,-0.07924770749561573
2,1,498249.9339033109,-0.16239999,1.7795491,-0.07947348169001772
2,1,498254.9340995855,-0.16239999,1.7789764,-0.07969925501332516
2,1,498259.9342958601,-0.16239999,1.778461,-0.07992502700006052
2,1,498264.9344921347,-0.16239999,1.7780219,-0.08015079939976336
2,1,498269.9346884093,-0.16239999,1.7776592,-0.08037657148962883
2,1,498274.93488468346,-0.16239999,1.7771629,-0.08060234354191274
2,1,498279.93508095806,-0.16239999,1.7765329,-0.0808281188249795
2,1,498284.93527723267,-0.16239999,1.7762465,-0.08105389322038659
2,1,498289.93547350727,-0.16239999,1.7757502,-0.08127966638896782
2,1,498294.935669782,-0.16239999,1.7753302,-0.08150543945919145
2,1,498299.9358660567,-0.16239999,1.7748338,-0.08173121144062696
2,1,498304.9360623314,-0.16239999,1.7744329,-0.08195698541416643
2,1,498309.93625860615,-0.16239999,1.7740512,-0.08218276021151164
2,1,498314.93645488087,-0.16239999,1.7737839,-0.08240852986726332
2,1,498319.9366511556,-0.16239999,1.7730967,-0.08263430214029802
2,1,498324.9368474303,-0.16239999,1.7727911,-0.08286007589341703
2,1,498329.937043705,-0.16239999,1.7724667,-0.08308584973715662
2,1,498334.93723997974,-0.16239999,1.7721803,-0.08331162427266854
2,1,498339.93743625446,-0.16239999,1.7717985,-0.0835373997468576
2,1,498344.9376325292,-0.16239999,1.771474,-0.08376317235145223
2,1,498349.9378288039,-0.16239999,1.7712258,-0.083988946154082
2,1,498354.93802507856,-0.16239999,1.770863,-0.0842147203792549
2,1,498359.9382213533,-0.16239999,1.7705576,-0.08444049563941693
2,1,498364.938417628,-0.16239999,1.7701377,-0.08466627225776432
2,1,498369.93861390266,-0.16239999,1.7696222,-0.08489204786925351
2,1,498374.9388101774,-0.16239999,1.7693931,-0.08511782080105694
2,1,498379.9390064521,-0.16239999,1.7692022,-0.08534359447450855
2,1,498384.9392027268,-0.16239999,1.7688776,-0.08556936877543729
2,1,498389.93939900154,-0.16239999,1.7683431,-0.08579514143052203
2,1,498394.93959527626,-0.16239999,1.7683623,-0.08602091650243189
2,1,498399.9397915511,-0.16239999,1.7679231,-0.08624669285167508
2,1,498404.9399878257,-0.16239999,1.7677704,-0.08647247217383155
2,1,498409.9401841003,-0.16239999,1.7674841,-0.08669825322021713
2,1,498414.9403803749,-0.16239999,1.7673504,-0.08692403464878105
2,1,498419.9405766495,-0.16239999,1.7669877,-0.0871498145375103
2,1,498424.9407729241,-0.16239999,1.7666823,-0.08737559312364793
2,1,498429.9409691987,-0.16239999,1.766415,-0.08760137317547038
2,1,498434.9411654733,-0.16239999,1.7662814,-0.0878271520756119
2,1,498439.9413617479,-0.16239999,1.7659569,-0.08805293041905349
2,1,498444.9415580225,-0.16239999,1.7657468,-0.08827870922602302
2,1,498449.94175429735,-0.16239999,1.7654223,-0.08850449000346994
2,1,498454.9419505722,-0.16239999,1.7652314,-0.08873026868833603
2,1,498459.942146847,-0.16239999,1.7651169,-0.08895604396893665
2,1,498464.94234312186,-0.16239999,1.7649069,-0.08918182400688447
2,1,498469.9425393967,-0.16239999,1.7643723,-0.08940760110416512
2,1,498474.94273567153,-0.16239999,1.7643151,-0.08963337879830517
2,1,498479.94293194637,-0.16239999,1.7640096,-0.08985915509444477
2,1,498484.9431282212,-0.16239999,1.7641624,-0.09008493085523447
2,1,498489.94332449604,-0.16239999,1.7637997,-0.09031070643774504
2,1,498494.9435207709,-0.16239999,1.7635896,-0.09053648385877329
2,1,498499.9437170457,-0.16239999,1.763456,-0.09076226111430676
2,1,498504.94391332055,-0.16239999,1.7632079,-0.09098804012038311
2,1,498509.9441095954,-0.16239999,1.7628642,-0.09121381999908389
2,1,498514.9443058702,-0.16239999,1.7628833,-0.09143960251734655
2,1,498519.94450214505,-0.16239999,1.7626542,-0.09166538317487638
2,1,498524.9446984199,-0.16239999,1.7625015,-0.09189116150308402
2,1,498529.9448946947,-0.16239999,1.7623297,-0.09211694170775597
2,1,498534.94509096956,-0.16239999,1.7623488,-0.09234272173290618
2,1,498539.9452872439,-0.16239999,1.7621579,-0.09256850125856285
2,1,498544.94548351876,-0.16239999,1.7618906,-0.09279428297605119
2,1,498549.94567979313,-0.16239999,1.7617952,-0.09302006366291396
2,1,498554.9458760675,-0.16239999,1.761566,-0.09324584176149718
2,1,498559.9460723419,-0.16239999,1.7614133,-0.09347161864050314
2,1,498564.94626861624,-0.16239999,1.7613943,-0.09369739630886666
2,1,498569.9464648906,-0.16239999,1.7612225,-0.09392317460836223
2,1,498574.946661165,-0.16239999,1.7610698,-0.094148950648682
2,1,498579.94685743935,-0.16239999,1.7610124,-0.09437472521038025
2,1,498584.9470537137,-0.16239999,1.760707,-0.09460050047537108
2,1,498589.9472499881,-0.16239999,1.7605925,-0.09482627400881387
2,1,498594.94744626246,-0.16239999,1.7604779,-0.09505204825275726
2,1,498599.94764253683,-0.16239999,1.7600579,-0.09527782227910976
2,1,498604.9478388112,-0.16239999,1.7601153,-0.09550359618721327
2,1,498609.9480350856,-0.16239999,1.7601343,-0.09572937091091858
2,1,498614.94823135994,-0.16239999,1.759848,-0.09595514739492622
2,1,498619.9484276343,-0.16239999,1.7597525,-0.09618092238391857
2,1,498624.9486239087,-0.16239999,1.7596761,-0.096406698763527
2,1,498629.94882018305,-0.16239999,1.759638,-0.09663247553660557
2,1,498634.9490164574,-0.16239999,1.7594088,-0.09685825247504648
2,1,498639.9492127318,-0.16239999,1.7594852,-0.09708402536373836
2,1,498644.94940900616,-0.16239999,1.7591989,-0.09730979884479032
2,1,498649.94960528053,-0.16239999,1.7591798,-0.0975355709847568
2,1,498654.9498015549,-0.16239999,1.7589889,-0.09776134193374633
2,1,498659.9499978293,-0.16239999,1.7589316,-0.09798711224305384
2,1,498664.95019410364,-0.16239999,1.7587789,-0.09821288375351332
2,1,498669.950390378,-0.16239999,1.7588171,-0.09843865303593131
2,1,498674.9505866524,-0.16239999,1.7585498,-0.09866442069708475
2,1,498679.95078292675,-0.16239999,1.7585117,-0.09889018810419492
2,1,498684.9509792011,-0.16239999,1.7585307,-0.0991159562324741
2,1,498689.9511754755,-0.16239999,1.7584926,-0.0993417221159215
2,1,498694.95137174986,-0.16239999,1.758378,-0.09956748984323113
2,1,498699.95156802423,-0.16239999,1.7584352,-0.09979325745565033
2,1,498704.9517642986,-0.16239999,1.758187,-0.10001902630918559
2,1,498709.951960573,-0.16239999,1.758187,-0.10024479637458344
2,1,498714.95215684734,-0.16239999,1.7579771,-0.10047056841268559
2,1,498719.9523531217,-0.16239999,1.7580534,-0.10069634181906285
2,1,498724.9525493961,-0.16239999,1.7578626,-0.10092211414943142
2,1,498729.95274567045,-0.16239999,1.757958,-0.10114788331042317
2,1,498734.9529419448,-0.16239999,1.7579007,-0.10137365360445864
2,1,498739.9531382192,-0.16239999,1.7577862,-0.10159942456181517
2,1,498744.95333449356,-0.16239999,1.7576525,-0.10182519256117861
2,1,498749.95353076793,-0.16239999,1.7573471,-0.1020509613987572
2,1,498754.9537270423,-0.16239999,1.7574426,-0.10227672871459113
2,1,498759.9539233167,-0.16239999,1.7574998,-0.10250249915724582
2,1,498764.95411959104,-0.16239999,1.7572135,-0.10272826985681806
2,1,498769.9543158654,-0.16239999,1.7572135,-0.10295403901284192
2,1,498774.9545121398,-0.16239999,1.7571944,-0.10317980796081577
2,1,498779.95470841415,-0.16239999,1.7570417,-0.10340557971795984
2,1,498784.9549046885,-0.16239999,1.757309,-0.10363135076313222
2,1,498789.9551009629,-0.16239999,1.7570417,-0.10385712368652726
2,1,498794.95529723726,-0.16239999,1.7567554,-0.10408289595248224
2,1,498799.95549351163,-0.16239999,1.7568316,-0.10430866713112184
2,1,498804.955689786,-0.16239999,1.7567744,-0.10453443773435642
2,1,498809.9558860604,-0.16239999,1.7566217,-0.10476020973111695
2,1,498814.95608233474,-0.16239999,1.7566789,-0.1049859823367737
2,1,498819.9562786091,-0.16239999,1.756698,-0.10521175673887222
2,1,498824.9564748835,-0.16239999,1.7566026,-0.10543753149338983
2,1,498829.95667115785,-0.16239999,1.7565072,-0.10566330567845211
2,1,498834.9568674322,-0.16239999,1.756469,-0.10588907882752938
2,1,498839.9570637066,-0.16239999,1.7565072,-0.1061148522472556
2,1,498844.95725998096,-0.16239999,1.7563735,-0.10634062654605679
2,1,498849.95745625533,-0.16239999,1.7563354,-0.10656640277753528
2,1,498854.9576525297,-0.16239999,1.7564307,-0.10679217978877083
2,1,498859.9578488041,-0.16239999,1.7563926,-0.10701795658738254
2,1,498864.95804507844,-0.16239999,1.7564499,-0.10724373101037167
2,1,498869.9582413528,-0.16239999,1.756259,-0.10746950550756774
2,1,498874.9584376272,-0.16239999,1.7561827,-0.10769528090074167
2,1,498879.95863390155,-0.16239999,1.756278,-0.10792105754010632
2,1,498884.9588301759,-0.16239999,1.7561253,-0.1081468367606882
2,1,498889.9590264503,-0.16239999,1.7562017,-0.1083726164501525
2,1,498894.95922272466,-0.16239999,1.7561253,-0.10859839327569641
2,1,498899.95941899903,-0.16239999,1.7560298,-0.10882416757235018
2,1,498904.9596152734,-0.16239999,1.7559726,-0.10904994429135492
2,1,498909.9598115478,-0.16239999,1.7559154,-0.10927572023020357
2,1,498914.96000782214,-0.16239999,1.7559917,-0.1095014948517399
2,1,498919.9602040965,-0.16239999,1.756049,-0.10972727188420217
2,1,498924.9604003709,-0.16239999,1.7559726,-0.10995304808055366
2,1,498929.96059664525,-0.16239999,1.7557818,-0.11017882200604931
2,1,498934.9607929196,-0.16239999,1.7555717,-0.11040459612295865
2,1,498939.96098919446,-0.16239999,1.7557818,-0.11063036894123261
2,1,498944.9611854693,-0.16239999,1.7557435,-0.11085613925400464
2,1,498949.9613817441,-0.16239999,1.7556291,-0.11108190727926796
2,1,498954.96157801896,-0.16239999,1.7556672,-0.11130767755477136
2,1,498959.9617742938,-0.16239999,1.7555145,-0.11153344716374582
2,1,498964.96197056863,-0.16239999,1.7557244,-0.11175921718103941
2,1,498969.96216684347,-0.16239999,1.7555908,-0.11198498965147889
2,1,498974.9623631183,-0.16239999,1.755419,-0.11221076152540999
2,1,498979.96255939314,-0.16239999,1.755419,-0.11243653111841288
2,1,498984.962755668,-0.16239999,1.7553618,-0.11266229844947911
2,1,498989.9629519428,-0.16239999,1.7554381,-0.11288806771844881
2,1,498994.96314821765,-0.16239999,1.7555336,-0.11311383672739986
2,1,498999.9633444925,-0.16239999,1.7553235,-0.11333960672819207
2,1,499004.9635407673,-0.16239999,1.7551517,-0.11356537595398979
2,1,499009.9637370417,-0.16239999,1.7553235,-0.1137911439108783
2,1,499014.9639333165,-0.16239999,1.7553426,-0.11401691401873452
2,1,499019.96412959136,-0.16239999,1.755419,-0.11424268488876031
2,1,499024.9643258662,-0.16239999,1.7553235,-0.11446845990148027
2,1,499029.96452214103,-0.16239999,1.7554,-0.114694235006979
2,1,499034.96471841587,-0.16239999,1.7552663,-0.11492001167113175
2,1,499039.96491469047,-0.16239999,1.7550181,-0.11514578704619993
2,1,499044.9651109651,-0.16239999,1.7552854,-0.11537156046931535
2,1,499049.9653072397,-0.16239999,1.7553235,-0.11559733052490906
2,1,499054.9655035143,-0.16239999,1.7552663,-0.11582310040261024
2,1,499059.9656997889,-0.16239999,1.7551327,-0.11604887010681636
2,1,499064.9658960635,-0.16239999,1.7552282,-0.11627464072774854
2,1,499069.9660923381,-0.16239999,1.7552282,-0.11650041323953791
2,1,499074.9662886127,-0.16239999,1.7551136,-0.11672618551392198
2,1,499079.9664848873,-0.16239999,1.7551136,-0.11695195626835202
2,1,499084.9666811619,-0.16239999,1.7550563,-0.11717772627621649
2,1,499089.9668774366,-0.16239999,1.7550563,-0.11740349879195715
2,1,499094.96707371133,-0.16239999,1.7551327,-0.11762926883403468
2,1,499099.96726998605,-0.16239999,1.7551327,-0.11785503920344023
2,1,499104.9674662608,-0.16239999,1.7548463,-0.11808080868010976
2,1,499109.9676625355,-0.16239999,1.7549609,-0.11830657921472697
2,1,499114.9678588102,-0.16239999,1.7549417,-0.1185323465602821
2,1,499119.96805508493,-0.16239999,1.75498,-0.11875811443472413
2,1,499124.96825135965,-0.16239999,1.754999,-0.11898388359154934
2,1,499129.96844763437,-0.16239999,1.7546936,-0.11920965369452377
2,1,499134.9686439091,-0.16239999,1.7548845,-0.11943542407522358
2,1,499139.96884018404,-0.16239999,1.7548654,-0.11966119262646809
2,1,499144.96903645876,-0.16239999,1.7550372,-0.11988696295622744
2,1,499149.9692327335,-0.16239999,1.7546936,-0.12011273180319046
2,1,499154.96942900814,-0.16239999,1.7547508,-0.12033849889494404
2,1,499159.96962528286,-0.16239999,1.7548845,-0.12056426828809173
2,1,499164.9698215575,-0.16239999,1.7547699,-0.12079003789891807
2,1,499169.97001783224,-0.16239999,1.7549036,-0.12101580723825767
2,1,499174.97021410696,-0.16239999,1.7547699,-0.12124157636706538
2,1,499179.9704103817,-0.16239999,1.7546554,-0.1214673467516486
2,1,499184.9706066564,-0.16239999,1.7546936,-0.12169311842667485
2,1,499189.9708029311,-0.16239999,1.7547318,-0.12191888978898534
2,1,499194.9709992057,-0.16239999,1.7546172,-0.12214466171500095
2,1,499199.9711954801,-0.16239999,1.7547318,-0.12237043525997392
2,1,499204.9713917547,-0.16239999,1.7546554,-0.12259621115417538
2,1,499209.9715880293,-0.16239999,1.7546936,-0.12282198850653825
2,1,499214.9717843039,-0.16239999,1.7547699,-0.12304776434269224
2,1,499219.9719805785,-0.16239999,1.7546936,-0.1232735413171211
2,1,499224.9721768531,-0.16239999,1.7545408,-0.1234993199511138
2,1,499229.9723731277,-0.16239999,1.7546172,-0.12372509944340263
2,1,499234.9725694023,-0.16239999,1.7546172,-0.12395087596630726
2,1,499239.97276567714,-0.16239999,1.7545791,-0.12417665565318373
2,1,499244.972961952,-0.16239999,1.7547127,-0.12440243146638165
2,1,499249.9731582268,-0.16239999,1.7544073,-0.12462820815780434
2,1,499254.97335450165,-0.16239999,1.7545408,-0.1248539806495384
2,1,499259.9735507765,-0.16239999,1.7543881,-0.12507975409379857
2,1,499264.9737470513,-0.16239999,1.7545981,-0.12530552869720432
2,1,499269.97394332616,-0.16239999,1.7547127,-0.1255313018236873
2,1,499274.974139601,-0.16239999,1.7545217,-0.12575707333915026
2,1,499279.97433587536,-0.16239999,1.75456,-0.12598284685398978
2,1,499284.9745321502,-0.16239999,1.7545217,-0.1262086231349633
2,1,499289.97472842503,-0.16239999,1.7544454,-0.12643439732184106
2,1,499294.97492469987,-0.16239999,1.7544073,-0.12666017276518057
2,1,499299.9751209747,-0.16239999,1.7543881,-0.12688594605629155
2,1,499304.97531724954,-0.16239999,1.7544454,-0.12711171993090223
2,1,499309.9755135244,-0.16239999,1.75435,-0.12733749339386913
2,1,499314.9757097992,-0.16239999,1.7545027,-0.127563266625474
2,1,499319.97590607405,-0.16239999,1.75435,-0.12778903912101777
2,1,499324.9761023489,-0.16239999,1.7544073,-0.12801481025716588
2,1,499329.9762986237,-0.16239999,1.7543881,-0.12824058383403975
2,1,499334.97649489855,-0.16239999,1.75435,-0.12846635743362134
2,1,499339.9766911734,-0.16239999,1.7543118,-0.12869213339450633
2,1,499344.97688744776,-0.16239999,1.7543309,-0.1289179088494108
2,1,499349.97708372213,-0.16239999,1.7542545,-0.1291436843263392
2,1,499354.9772799965,-0.16239999,1.7542927,-0.12936945805502775
2,1,499359.97747627087,-0.16239999,1.7544073,-0.1295952329824841
2,1,499364.97767254524,-0.16239999,1.7542737,-0.1298210093437128
2,1,499369.9778688196,-0.16239999,1.7543881,-0.13004678480779472
2,1,499374.978065094,-0.16239999,1.7542737,-0.1302725601630601
2,1,499379.97826136835,-0.16239999,1.7542163,-0.1304983380940185
2,1,499384.9784576427,-0.16239999,1.7542354,-0.1307241148665507
2,1,499389.9786539171,-0.16239999,1.754369,-0.13094989280554414
2,1,499394.97885019146,-0.16239999,1.7542163,-0.13117567114898987
2,1,499399.9790464658,-0.16239999,1.754369,-0.1314014491920853
2,1,499404.9792427402,-0.16239999,1.7539872,-0.1316272260235756
2,1,499409.97943901457,-0.16239999,1.7541591,-0.13185300339751618
2,1,499414.97963528894,-0.16239999,1.7542737,-0.13207878349204785
2,1,499419.9798315633,-0.16239999,1.7541782,-0.13230456338601237
2,1,499424.9800278377,-0.16239999,1.7540636,-0.1325303437555905
2,1,499429.98022411205,-0.16239999,1.7541782,-0.1327561265874986
2,1,499434.9804203864,-0.16239999,1.7539109,-0.1329819092325652
2,1,499439.9806166608,-0.16239999,1.7540445,-0.13320769486753323
2,1,499444.98081293516,-0.16239999,1.7540255,-0.1334334830260965
2,1,499449.9810092095,-0.16239999,1.75414,-0.13365926805917763
2,1,499454.9812054839,-0.16239999,1.7541208,-0.13388505088466085
2,1,499459.98140175827,-0.16239999,1.7541208,-0.13411083237765242
2,1,499464.98159803264,-0.16239999,1.7543309,-0.1343366174373222
2,1,499469.981794307,-0.16239999,1.7542545,-0.13456240112277212
2,1,499474.9819905814,-0.16239999,1.7542163,-0.13478818403819048
2,1,499479.98218685575,-0.16239999,1.7541782,-0.13501396838444896
2,1,499484.9823831301,-0.16239999,1.754369,-0.135239753638737
2,1,499489.9825794045,-0.16239999,1.7541972,-0.13546553609705395
2,1,499494.98277567886,-0.16239999,1.75414,-0.1356913182477869
2,1,499499.9829719532,-0.16239999,1.7540255,-0.1359171002138829
2,1,499504.9831682276,-0.16239999,1.7541591,-0.13614288164209912
2,1,499509.98336450197,-0.16239999,1.7540445,-0.13636866399378086
2,1,499514.98356077634,-0.16239999,1.7540445,-0.13659444369002272
2,1,499519.9837570507,-0.16239999,1.7541591,-0.13682022425519433
2,1,499524.9839533251,-0.16239999,1.75414,-0.13704600369485556
2,1,499529.98414959945,-0.16239999,1.7540064,-0.13727178015317526
2,1,499534.9843458738,-0.16239999,1.7541208,-0.1374975562826379
2,1,499539.9845421482,-0.16239999,1.7540827,-0.1377233342856815
2,1,499544.98473842256,-0.16239999,1.7541208,-0.13794911141262045
2,1,499549.9849346969,-0.16239999,1.75393,-0.1381748887472766
2,1,499554.9851309713,-0.16239999,1.7540064,-0.1384006628450247
2,1,499559.98532724567,-0.16239999,1.7539872,-0.1386264365564759
2,1,499564.98552352004,-0.16239999,1.7539109,-0.13885221132517778
2,1,499569.9857197944,-0.16239999,1.7540064,-0.13907798615152478
2,1,499574.9859160688,-0.16239999,1.7539109,-0.139303765210814
2,1,499579.98611234315,-0.16239999,1.7538345,-0.13952954165102216
2,1,499584.9863086175,-0.16239999,1.7540827,-0.13975531845494035
2,1,499589.9865048919,-0.16239999,1.7540064,-0.13998109443182588
2,1,499594.98670116626,-0.16239999,1.7540064,-0.14020687205309015
2,1,499599.9868974406,-0.16239999,1.7538728,-0.1404326484801853
2,1,499604.987093715,-0.16239999,1.7538536,-0.1406584258728293
2,1,499609.98728998937,-0.16239999,1.7538536,-0.14088420383554376
2,1,499614.98748626374,-0.16239999,1.7538918,-0.14110997902950076
2,1,499619.9876825381,-0.16239999,1.7538345,-0.14133575361879677
2,1,499624.9878788125,-0.16239999,1.7539872,-0.14156152714444625
2,1,499629.98807508685,-0.16239999,1.75393,-0.1417873027690286
2,1,499634.9882713612,-0.16239999,1.7537582,-0.1420130800915254
2,1,499639.9884676356,-0.16239999,1.75414,-0.14223885753581023
2,1,499644.98866390996,-0.16239999,1.7538728,-0.14246463288057526
2,1,499649.9888601843,-0.16239999,1.7540445,-0.1426904076085688
2,1,499654.9890564587,-0.16239999,1.7539681,-0.14291618068168574
2,1,499659.98925273307,-0.16239999,1.7540064,-0.1431419497917594
2,1,499664.98944900744,-0.16239999,1.7537963,-0.14336772226294228
2,1,499669.9896452818,-0.16239999,1.7540255,-0.14359349351132925
2,1,499674.9898415562,-0.16239999,1.7538536,-0.14381926388604127
2,1,499679.99003783055,-0.16239999,1.7538154,-0.14404503318653686
2,1,499684.9902341049,-0.16239999,1.7538918,-0.1442708041327258
2,1,499689.9904303793,-0.16239999,1.7538918,-0.14449657463059593
2,1,499694.99062665366,-0.16239999,1.7539109,-0.14472234736183304
2,1,499699.990822928,-0.16239999,1.7538918,-0.14494811931781407
2,1,499704.9910192024,-0.16239999,1.7538728,-0.1451738893538194
2,1,499709.99121547677,-0.16239999,1.7539872,-0.14539965961981915
2,1,499714.99141175114,-0.16239999,1.7539681,-0.14562542940816964
2,1,499719.9916080255,-0.16239999,1.7538154,-0.14585120125902049
2,1,499724.9918042999,-0.16239999,1.7538345,-0.14607697350944845
2,1,499729.99200057425,-0.16239999,1.75393,-0.1463027483272604
2,1,499734.9921968491,-0.16239999,1.7538918,-0.14652852203079744
2,1,499739.9923931239,-0.16239999,1.753949,-0.14675429527418085
2,1,499744.99258939875,-0.16239999,1.7538536,-0.14698006973119346
2,1,499749.9927856731,-0.16239999,1.7540064,-0.14720584313300353
2,1,499754.99298194796,-0.16239999,1.7538918,-0.1474316191637493
2,1,499759.9931782228,-0.16239999,1.7538536,-0.14765739640611428
2,1,499764.99337449763,-0.16239999,1.75393,-0.1478831734505877
2,1,499769.99357077247,-0.16239999,1.7538536,-0.14810894838803032
2,1,499774.9937670473,-0.16239999,1.7539109,-0.1483347212863227
2,1,499779.99396332214,-0.16239999,1.7537199,-0.14856049653124082
2,1,499784.994159597,-0.16239999,1.7535672,-0.14878626969517786
2,1,499789.9943558718,-0.16239999,1.7538154,-0.14901204345903896
2,1,499794.99455214664,-0.16239999,1.7536627,-0.1492378167104094
2,1,499799.9947484215,-0.16239999,1.7537199,-0.1494635928523021
2,1,499804.9949446963,-0.16239999,1.7537773,-0.14968936811210898
2,1,499809.99514097115,-0.16239999,1.7537773,-0.14991513958580646
2,1,499814.995337246,-0.16239999,1.7537199,-0.15014091059739246
2,1,499819.9955335208,-0.16239999,1.7538728,-0.1503666840175889
2,1,499824.99572979566,-0.16239999,1.7535672,-0.15059245669834087
2,1,499829.9959260705,-0.16239999,1.7537582,-0.15081822980491671
2,1,499834.9961223451,-0.16239999,1.7537009,-0.15104400595809953
2,1,499839.9963186197,-0.16239999,1.7536627,-0.15126978492569362
2,1,499844.9965148943,-0.16239999,1.7536627,-0.151495562888062
2,1,499849.9967111689,-0.16239999,1.7534719,-0.15172134063986045
2,1,499854.9969074435,-0.16239999,1.7534909,-0.15194711953065562
2,1,499859.9971037181,-0.16239999,1.7536246,-0.15217290162152153
2,1,499864.9972999927,-0.16239999,1.75351,-0.15239867940200635
2,1,499869.9974962673,-0.16239999,1.7535672,-0.15262445755256318
2,1,499874.99769254215,-0.16239999,1.75351,-0.1528502329570653
2,1,499879.99788881675,-0.16239999,1.7534719,-0.15307600702801033
2,1,499884.9980850915,-0.16239999,1.7534336,-0.1533017789308886
2,1,499889.9982813662,-0.16239999,1.7534719,-0.1535275524090547
2,1,499894.9984776409,-0.16239999,1.7533573,-0.15375332698696126
2,1,499899.99867391563,-0.16239999,1.7534909,-0.15397910094675193
2,1,499904.99887019035,-0.16239999,1.7532809,-0.15420487590462487
2,1,499909.99906646507,-0.16239999,1.7533,-0.1544306540120834
2,1,499914.9992627398,-0.16239999,1.7533954,-0.15465643421843503
2,1,499919.9994590145,-0.16239999,1.7535481,-0.1548822124047745
2,1,499924.9996552892,-0.16239999,1.7533954,-0.15510798999499467
2,1,499929.99985156395,-0.16239999,1.75351,-0.15533376705369126
2,1,499935.00004783866,-0.16239999,1.7533764,-0.15555954383850285
2,1,499940.0002441132,-0.16239999,1.7533764,-0.15578532349923108
2,1,499945.0004403879,-0.16239999,1.7532618,-0.15601110426583079
2,1,499950.00063666265,-0.16239999,1.7534336,-0.15623688465733765
2,1,499955.00083293737,-0.16239999,1.7533,-0.15646266677834694
2,1,499960.001029212,-0.16239999,1.7533573,-0.15668844681032684
2,1,499965.00122548675,-0.16239999,1.7534336,-0.1569142265489269
2,1,499970.00142176147,-0.16239999,1.7533954,-0.15714000206492032
2,1,499975.0016180362,-0.16239999,1.7534719,-0.15736578031140336
2,1,499980.0018143109,-0.16239999,1.7533954,-0.1575915607952378
2,1,499985.0020105855,-0.16239999,1.7534336,-0.15781734001937775
2,1,499990.0022068601,-0.16239999,1.7533,-0.15804311775493227
2,1,499995.0024031347,-0.16239999,1.7534527,-0.1582688950340162
2,1,500000.0025994093,-0.16239999,1.7533764,-0.15849467306293402
2,1,500005.0027956839,-0.16239999,1.7534336,-0.15872045330682003
2,1,500010.0029919585,-0.16239999,1.7533,-0.1589462350643817
2,1,500015.0031882331,-0.16239999,1.7533,-0.15917201498202832
2,1,500020.00338450726,-0.16239999,1.7533,-0.15939779471468282
2,1,500025.00358078186,-0.16239999,1.7533954,-0.15962357431813182
2,1,500030.00377705647,-0.16239999,1.7533954,-0.15984935403351835
2,1,500035.0039733313,-0.16239999,1.753071,-0.16007513220347813
2,1,500040.00416960614,-0.16239999,1.7532046,-0.16030091138487326
2,1,500045.004365881,-0.16239999,1.7532046,-0.16052669069482073
2,1,500050.0045621558,-0.16239999,1.75309,-0.16075247277414734
2,1,500055.00475843064,-0.16239999,1.7531472,-0.1609782537023311
2,1,500060.0049547055,-0.16239999,1.7531472,-0.16120403610218004
2,1,500065.0051509803,-0.16239999,1.7532427,-0.1614298185982085
2,1,500070.00534725515,-0.16239999,1.7531282,-0.16165559996444584
2,1,500075.00554353,-0.16239999,1.7531854,-0.16188138207312525
2,1,500080.0057398048,-0.16239999,1.7530518,-0.16210716020713928
2,1,500085.00593607966,-0.16239999,1.7529945,-0.1623329378439976
2,1,500090.0061323545,-0.16239999,1.7530327,-0.16255871089839205
2,1,500095.00632862933,-0.16239999,1.7529755,-0.1627844824641448
2,1,500100.00652490417,-0.16239999,1.75288,-0.16301025598046118
2,1,500105.006721179,-0.16239999,1.7529182,-0.16323603025411335
2,1,500110.00691745384,-0.16239999,1.7529564,-0.1634618054799522
2,1,500115.0071137287,-0.16239999,1.7529755,-0.16368757974823167
2,1,500120.0073100035,-0.16239999,1.7527846,-0.16391335624506176
2,1,500125.00750627834,-0.16239999,1.7527654,-0.16413913100914757
2,1,500130.0077025532,-0.16239999,1.75288,-0.16436490333915685
2,1,500135.007898828,-0.16239999,1.752899,-0.16459067624234178
2,1,500140.0080951024,-0.16239999,1.7528609,-0.16481644826594344
2,1,500145.00829137675,-0.16239999,1.7527654,-0.1650422228524579
2,1,500150.0084876511,-0.16239999,1.752899,-0.16526799831004788
2,1,500155.0086839255,-0.16239999,1.7527082,-0.16549377492463108
2,1,500160.00888019986,-0.16239999,1.7528228,-0.16571954906122155
2,1,500165.00907647423,-0.16239999,1.7527463,-0.16594532261905837
2,1,500170.0092727486,-0.16239999,1.752651,-0.16617109825954934
2,1,500175.009469023,-0.16239999,1.7526318,-0.1663968717869497
2,1,500180.00966529734,-0.16239999,1.752651,-0.16662264445064318
2,1,500185.0098615717,-0.16239999,1.7527463,-0.1668484169897654
2,1,500190.0100578461,-0.16239999,1.7527654,-0.16707418905588173
2,1,500195.01025412045,-0.16239999,1.7528228,-0.1672999605402145
2,1,500200.0104503948,-0.16239999,1.7526318,-0.16752573020233397
2,1,500205.0106466692,-0.16239999,1.7527273,-0.16775150282027673
2,1,500210.01084294356,-0.16239999,1.7527273,-0.1679772749198851
2,1,500215.01103921793,-0.16239999,1.752651,-0.1682030477937437
2,1,500220.0112354923,-0.16239999,1.7526127,-0.16842882035135331
2,1,500225.0114317667,-0.16239999,1.7525936,-0.16865459414304565
2,1,500230.01162804104,-0.16239999,1.7525555,-0.16888037013489193
2,1,500235.0118243154,-0.16239999,1.7526318,-0.16910614236159394
2,1,500240.0120205898,-0.16239999,1.7525364,-0.16933191374793255
2,1,500245.01221686415,-0.16239999,1.7524409,-0.16955768588864326
2,1,500250.0124131385,-0.16239999,1.7525173,-0.1697834585597997
2,1,500255.0126094129,-0.16239999,1.7524028,-0.17000923067575877
2,1,500260.01280568726,-0.16239999,1.7523837,-0.17023500230973065
2,1,500265.01300196163,-0.16239999,1.7523454,-0.170460773746715
2,1,500270.013198236,-0.16239999,1.7524219,-0.17068654341802267
2,1,500275.0133945104,-0.16239999,1.7523645,-0.17091231095635825
2,1,500280.01359078474,-0.16239999,1.7525173,-0.17113808019942892
2,1,500285.0137870591,-0.16239999,1.7523454,-0.17136384991819015
2,1,500290.0139833335,-0.16239999,1.7524409,-0.1715896167124851
2,1,500295.01417960785,-0.16239999,1.7523264,-0.17181538523519388
2,1,500300.0143758822,-0.16239999,1.7524791,-0.1720411555344398
2,1,500305.0145721566,-0.16239999,1.7523073,-0.17226692563141568
2,1,500310.01476843096,-0.16239999,1.7523837,-0.17249269659743394
2,1,500315.01496470533,-0.16239999,1.7522118,-0.1727184651002538
2,1,500320.0151609797,-0.16239999,1.7522501,-0.1729442328565652
2,1,500325.0153572541,-0.16239999,1.7523454,-0.17317000177522268
2,1,500330.01555352844,-0.16239999,1.7521737,-0.17339577239628648
2,1,500335.0157498028,-0.16239999,1.7522118,-0.17362154425750853
2,1,500340.0159460772,-0.16239999,1.7521164,-0.17384731844194082
2,1,500345.01614235155,-0.16239999,1.7521737,-0.17407309347342548
2,1,500350.0163386259,-0.16239999,1.7521737,-0.17429887044351397
2,1,500355.0165349003,-0.16239999,1.7521164,-0.1745246502614089
2,1,500360.01673117466,-0.16239999,1.7523073,-0.1747504302000289
2,1,500365.01692744903,-0.16239999,1.7522309,-0.17497620828728475
2,1,500370.0171237234,-0.16239999,1.75204,-0.17520198597080772
2,1,500375.0173199978,-0.16239999,1.7521927,-0.17542776215980796
2,1,500380.01751627214,-0.16239999,1.7521737,-0.1756535368554155
2,1,500385.0177125465,-0.16239999,1.7521546,-0.17587931104034946
2,1,500390.0179088209,-0.16239999,1.7521164,-0.17610508514627995
2,1,500395.01810509525,-0.16239999,1.7521546,-0.17633085987114508
2,1,500400.0183013696,-0.16239999,1.7520972,-0.1765566359674874
2,1,500405.018497644,-0.16239999,1.7519828,-0.1767824094606151
2,1,500410.01869391836,-0.16239999,1.7522309,-0.1770081826087064
2,1,500415.01889019273,-0.16239999,1.7521546,-0.17723395541111808
2,1,500420.0190864671,-0.16239999,1.7518873,-0.17745973014617478
2,1,500425.0192827415,-0.16239999,1.7519255,-0.1776855027429695
2,1,500430.01947901584,-0.16239999,1.7518873,-0.17791127702220544
2,1,500435.0196752902,-0.16239999,1.7521355,-0.17813705110481892
2,1,500440.0198715646,-0.16239999,1.75204,-0.17836282323318153
2,1,500445.02006783895,-0.16239999,1.75183,-0.1785885948467016
2,1,500450.0202641133,-0.16239999,1.7519064,-0.17881436353494157
2,1,500455.0204603877,-0.16239999,1.75183,-0.1790401347114917
2,1,500460.02065666206,-0.16239999,1.7518492,-0.17926590645898394
2,1,500465.02085293643,-0.16239999,1.7517537,-0.1794916778555679
2,1,500470.0210492108,-0.16239999,1.7518109,-0.1797174489591545
2,1,500475.0212454852,-0.16239999,1.7517155,-0.17994321928111062
2,1,500480.02144175954,-0.16239999,1.7517728,-0.1801689858842957
2,1,500485.0216380339,-0.16239999,1.7518109,-0.18039475267838367
2,1,500490.0218343083,-0.16239999,1.7517918,-0.18062052124605754
2,1,500495.02203058265,-0.16239999,1.7517155,-0.1808462886573243
2,1,500500.022226857,-0.16239999,1.7518109,-0.18107205632627435
2,1,500505.0224231314,-0.16239999,1.7517346,-0.1812978233711522
2,1,500510.02261940576,-0.16239999,1.7517346,-0.18152358947048347
2,1,500515.02281568013,-0.16239999,1.7516963,-0.181749357920314
2,1,500520.0230119545,-0.16239999,1.7516773,-0.18197512362049367
2,1,500525.0232082289,-0.16239999,1.7515819,-0.18220088994125538
2,1,500530.02340450324,-0.16239999,1.7516773,-0.18242665926395452
2,1,500535.0236007781,-0.16239999,1.7515819,-0.18265242540178211
2,1,500540.0237970529,-0.16239999,1.7515246,-0.18287819173433148
2,1,500545.02399332775,-0.16239999,1.75162,-0.18310395844647054
2,1,500550.0241896026,-0.16239999,1.7515819,-0.1833297251512302
2,1,500555.0243858774,-0.16239999,1.7515819,-0.18355549257386738
2,1,500560.02458215225,-0.16239999,1.7516582,-0.18378125713116195
2,1,500565.0247784271,-0.16239999,1.7515246,-0.18400702652080703
2,1,500570.0249747019,-0.16239999,1.7514292,-0.18423279792333905
2,1,500575.02517097676,-0.16239999,1.7515055,-0.18445856898160623
2,1,500580.0253672516,-0.16239999,1.7515436,-0.18468433868093387
2,1,500585.02556352643,-0.16239999,1.7514673,-0.18491010742340333
2,1,500590.02575980127,-0.16239999,1.7512764,-0.1851358753176482
2,1,500595.0259560761,-0.16239999,1.7513337,-0.18536164389982998
2,1,500600.02615235094,-0.16239999,1.7514483,-0.18558741374459214
2,1,500605.0263486258,-0.16239999,1.7512192,-0.18581318452874004
2,1,500610.0265449006,-0.16239999,1.7513146,-0.18603895699598985
2,1,500615.02674117545,-0.16239999,1.7512192,-0.1862647283232412
2,1,500620.0269374503,-0.16239999,1.7512956,-0.1864905004752735
2,1,500625.0271337251,-0.16239999,1.7512192,-0.18671627629933518
2,1,500630.02732999995,-0.16239999,1.751181,-0.18694205355547464
2,1,500635.02752627456,-0.16239999,1.7512192,-0.1871678292632485
2,1,500640.02772254916,-0.16239999,1.7513146,-0.18739360473775793
2,1,500645.02791882376,-0.16239999,1.7512001,-0.18761937983801974
2,1,500650.02811509836,-0.16239999,1.7513909,-0.18784515608255992
2,1,500655.02831137297,-0.16239999,1.7512001,-0.1880709350267774
2,1,500660.02850764757,-0.16239999,1.7512764,-0.18829671554140842
2,1,500665.0287039222,-0.16239999,1.7512192,-0.18852249330448373
2,1,500670.0289001968,-0.16239999,1.7511619,-0.18874827408366912
2,1,500675.0290964714,-0.16239999,1.7512192,-0.18897405315672702
2,1,500680.029292746,-0.16239999,1.751181,-0.18919983435981735
2,1,500685.0294890207,-0.16239999,1.751181,-0.1894256142835014
2,1,500690.0296852954,-0.16239999,1.7512001,-0.18965139418160348
2,1,500695.02988157014,-0.16239999,1.7510474,-0.18987716951569597
2,1,500700.03007784486,-0.16239999,1.7511427,-0.19010294618870746
2,1,500705.0302741196,-0.16239999,1.7511619,-0.19032872121818709
2,1,500710.0304703943,-0.16239999,1.7511237,-0.19055449726912807
2,1,500715.030666669,-0.16239999,1.7510855,-0.19078027288167276
2,1,500720.03086294373,-0.16239999,1.7510664,-0.191006046323086
2,1,500725.03105921845,-0.16239999,1.7509519,-0.19123182132003225
2,1,500730.0312554932,-0.16239999,1.750971,-0.19145759883271257
2,1,500735.03145176783,-0.16239999,1.7509519,-0.19168337674727143
2,1,500740.03164804255,-0.16239999,1.7509328,-0.19190915276593318
2,1,500745.0318443173,-0.16239999,1.7510283,-0.19213493021416597
2,1,500750.032040592,-0.16239999,1.7508564,-0.19236070999430466
2,1,500755.0322368662,-0.16239999,1.7510283,-0.19258648899660605
2,1,500760.0324331409,-0.16239999,1.7508564,-0.1928122702596396
2,1,500765.0326294156,-0.16239999,1.7508564,-0.19303805416543796
2,1,500770.03282569034,-0.16239999,1.7507228,-0.1932638364527914
2,1,500775.03302196506,-0.16239999,1.7508183,-0.19348961812906149
2,1,500780.03321823967,-0.16239999,1.7508183,-0.19371539708215346
2,1,500785.03341451427,-0.16239999,1.7506082,-0.19394117645076264
2,1,500790.0336107889,-0.16239999,1.75057,-0.19416695427975075
2,1,500795.0338070635,-0.16239999,1.7507228,-0.19439272900202142
2,1,500800.0340033381,-0.16239999,1.75057,-0.19461850195973218
2,1,500805.0341996129,-0.16239999,1.750551,-0.1948442739890079
2,1,500810.0343958875,-0.16239999,1.750551,-0.19507004794524793
2,1,500815.0345921621,-0.16239999,1.7504174,-0.19529582453858374
2,1,500820.0347884367,-0.16239999,1.7504364,-0.19552159988852444
2,1,500825.0349847113,-0.16239999,1.7503601,-0.19574737543063878
2,1,500830.0351809859,-0.16239999,1.7503028,-0.19597315000855114
2,1,500835.03537726076,-0.16239999,1.7504746,-0.19619892155593405
2,1,500840.0355735356,-0.16239999,1.7504364,-0.19642469383718092
2,1,500845.03576981043,-0.16239999,1.7503792,-0.19665046742687228
2,1,500850.03596608527,-0.16239999,1.7503601,-0.1968762412522073
2,1,500855.0361623601,-0.16239999,1.7504174,-0.1971020169157603
2,1,500860.03635863494,-0.16239999,1.7503792,-0.19732779545350887
2,1,500865.0365549098,-0.16239999,1.7503792,-0.19755357542572188
2,1,500870.0367511846,-0.16239999,1.7503409,-0.19777935025743992
2,1,500875.03694745945,-0.16239999,1.7501692,-0.19800512591853509
2,1,500880.0371437343,-0.16239999,1.7502073,-0.19823090121222886
2,1,500885.0373400091,-0.16239999,1.7500929,-0.1984566747731411
2,1,500890.03753628395,-0.16239999,1.7500546,-0.19868244859245437
2,1,500895.0377325588,-0.16239999,1.7501501,-0.19890822218257123
2,1,500900.0379288336,-0.16239999,1.7501119,-0.19913399412120814
2,1,500905.03812510846,-0.16239999,1.7499019,-0.19935976572577094
2,1,500910.0383213833,-0.16239999,1.749921,-0.19958553940132692
2,1,500915.03851765813,-0.16239999,1.7498828,-0.19981131476924752
2,1,500920.03871393297,-0.16239999,1.7499019,-0.20003708800832945
2,1,500925.0389102078,-0.16239999,1.7498637,-0.20026286072399568
2,1,500930.03910648264,-0.16239999,1.7497873,-0.20048863103045872
2,1,500935.039302757,-0.16239999,1.7499402,-0.20071440263443044
2,1,500940.0394990314,-0.16239999,1.7497873,-0.2009401712812808
2,1,500945.03969530575,-0.16239999,1.7499019,-0.20116594019255393
2,1,500950.0398915801,-0.16239999,1.7498447,-0.20139170856772548
2,1,500955.0400878545,-0.16239999,1.7498447,-0.20161747884475956
2,1,500960.04028412886,-0.16239999,1.7497492,-0.20184325062677613
2,1,500965.04048040323,-0.16239999,1.7496729,-0.20206902424791803
2,1,500970.0406766776,-0.16239999,1.7497492,-0.20229480036675782
2,1,500975.04087295197,-0.16239999,1.7497301,-0.20252057683989091
2,1,500980.04106922634,-0.16239999,1.7497301,-0.2027463520674732
2,1,500985.0412655007,-0.16239999,1.7497683,-0.2029721298288349
2,1,500990.0414617751,-0.16239999,1.7495583,-0.2031979069094693
2,1,500995.04165804945,-0.16239999,1.7494247,-0.20342368444157824
2,1,501000.0418543238,-0.16239999,1.7495201,-0.20364945934433756
2,1,501005.0420505982,-0.16239999,1.7493674,-0.20387523176425548
2,1,501010.04224687256,-0.16239999,1.7494247,-0.20410100497817432
2,1,501015.04244314693,-0.16239999,1.749501,-0.20432677711250322
2,1,501020.0426394213,-0.16239999,1.7493674,-0.20455254648792764
2,1,501025.04283569567,-0.16239999,1.7492528,-0.2047783164964577
2,1,501030.04303197004,-0.16239999,1.7491765,-0.20500408658381242
2,1,501035.0432282444,-0.16239999,1.749272,-0.2052298582609389
2,1,501040.0434245188,-0.16239999,1.7491574,-0.205455632080931
2,1,501045.04362079315,-0.16239999,1.7491956,-0.20568140438550897
2,1,501050.0438170675,-0.16239999,1.7492146,-0.20590717337062645
2,1,501055.0440133419,-0.16239999,1.7491765,-0.20613294194536594
2,1,501060.04420961626,-0.16239999,1.7491765,-0.2063587093329945
2,1,501065.0444058906,-0.16239999,1.7491765,-0.20658447917972692
2,1,501070.044602165,-0.16239999,1.7492337,-0.20681025195594402
2,1,501075.04479843937,-0.16239999,1.749062,-0.20703602604914229
2,1,501080.04499471374,-0.16239999,1.749272,-0.20726179740224138
2,1,501085.0451909881,-0.16239999,1.7490047,-0.20748756942512778
2,1,501090.0453872625,-0.16239999,1.7491765,-0.20771334074378034
2,1,501095.04558353685,-0.16239999,1.7489665,-0.20793911162623452
2,1,501100.0457798112,-0.16239999,1.7490238,-0.2081648842771469
2,1,501105.0459760856,-0.16239999,1.7490238,-0.20839065619316632
2,1,501110.04617235996,-0.16239999,1.7489092,-0.20861642563793908
2,1,501115.0463686343,-0.16239999,1.7488328,-0.20884219294486708
2,1,501120.0465649087,-0.16239999,1.7488711,-0.20906796077380346
2,1,501125.04676118307,-0.16239999,1.7488137,-0.20929373033903226
2,1,501130.04695745744,-0.16239999,1.7487947,-0.20951950008322565
2,1,501135.0471537318,-0.16239999,1.7488519,-0.20974527183470065
2,1,501140.0473500062,-0.16239999,1.7487565,-0.2099710437036531
2,1,501145.04754628055,-0.16239999,1.7485274,-0.21019681198124027
2,1,501150.0477425549,-0.16239999,1.7486229,-0.2104225809925962
2,1,501155.0479388293,-0.16239999,1.7485846,-0.21064834819651826
2,1,501160.04813510366,-0.16239999,1.7484702,-0.2108741210938992
2,1,501165.048331378,-0.16239999,1.7485656,-0.21109989218365335
2,1,501170.0485276524,-0.16239999,1.7486038,-0.21132566703968678
2,1,501175.04872392677,-0.16239999,1.7485846,-0.21155144182529234
2,1,501180.04892020114,-0.16239999,1.748642,-0.2117772132477166
2,1,501185.0491164755,-0.16239999,1.7485656,-0.21200298698993375
2,1,501190.0493127499,-0.16239999,1.7485274,-0.21222876149946882
2,1,501195.04950902425,-0.16239999,1.7483938,-0.212454532880217
2,1,501200.0497052986,-0.16239999,1.7484702,-0.21268030453191963
2,1,501205.049901573,-0.16239999,1.7484702,-0.21290607878980142
2,1,501210.05009784736,-0.16239999,1.7485656,-0.21313185304570795
2,1,501215.0502941217,-0.16239999,1.7483938,-0.21335762747401182
2,1,501220.0504903961,-0.16239999,1.7483938,-0.21358339869201448
2,1,501225.05068667047,-0.16239999,1.7482983,-0.2138091681754988
2,1,501230.05088294484,-0.16239999,1.7481456,-0.21403493819328495
2,1,501235.0510792192,-0.16239999,1.7482601,-0.2142607074307983
2,1,501240.0512754936,-0.16239999,1.7482029,-0.21448648101123605
2,1,501245.05147176795,-0.16239999,1.7480884,-0.21471225248638226
2,1,501250.0516680423,-0.16239999,1.7481265,-0.21493802576605744
2,1,501255.0518643167,-0.16239999,1.7481265,-0.21516379742162028
2,1,501260.05206059106,-0.16239999,1.7481074,-0.21538956838925363
2,1,501265.0522568654,-0.16239999,1.7480502,-0.21561533837649408
2,1,501270.0524531398,-0.16239999,1.7478974,-0.2158411111317585
2,1,501275.05264941417,-0.16239999,1.7480884,-0.21606688347458028
2,1,501280.05284568854,-0.16239999,1.7479738,-0.21629265567304046
2,1,501285.0530419629,-0.16239999,1.7479547,-0.21651842564046317
2,1,501290.0532382373,-0.16239999,1.7478974,-0.2167441974387485
2,1,501295.05343451165,-0.16239999,1.747783,-0.21696996716032774
2,1,501300.053630786,-0.16239999,1.7478402,-0.21719573675945003
2,1,501305.0538270604,-0.16239999,1.7477447,-0.21742150837518953
2,1,501310.05402333476,-0.16239999,1.7477256,-0.21764728163865804
2,1,501315.0542196091,-0.16239999,1.7476684,-0.21787305506661633
2,1,501320.0544158835,-0.16239999,1.7477065,-0.2180988273700941
2,1,501325.05461215787,-0.16239999,1.7476875,-0.21832459953295372
2,1,501330.0548084327,-0.16239999,1.7477638,-0.21855037709544697
2,1,501335.05500470754,-0.16239999,1.7477638,-0.21877615417118304
2,1,501340.0552009824,-0.16239999,1.7477256,-0.21900193005297597
2,1,501345.0553972572,-0.16239999,1.747611,-0.21922770658167218
2,1,501350.05559353204,-0.16239999,1.7474393,-0.21945348487872066
2,1,501355.0557898069,-0.16239999,1.7474583,-0.21967926077251732
2,1,501360.0559860817,-0.16239999,1.7475729,-0.21990503751262624
2,1,501365.05618235655,-0.16239999,1.7474202,-0.2201308117038336
2,1,501370.0563786314,-0.16239999,1.7474202,-0.22035658748484255
2,1,501375.0565749062,-0.16239999,1.7474393,-0.2205823672040984
2,1,501380.05677118106,-0.16239999,1.747382,-0.2208081503750485
2,1,501385.0569674559,-0.16239999,1.7473438,-0.2210339303878771
2,1,501390.05716373073,-0.16239999,1.7473629,-0.22125970994358032
2,1,501395.05736000556,-0.16239999,1.7473247,-0.22148549049502714
2,1,501400.0575562804,-0.16239999,1.747172,-0.22171126713055805
2,1,501405.05775255524,-0.16239999,1.7472101,-0.22193704340007672
2,1,501410.0579488301,-0.16239999,1.747382,-0.22216282160699719
2,1,501415.0581451049,-0.16239999,1.7472675,-0.22238860295877544
2,1,501420.05834137974,-0.16239999,1.7472101,-0.22261438487629862
2,1,501425.0585376546,-0.16239999,1.7471529,-0.22284016761469283
2,1,501430.0587339292,-0.16239999,1.7470193,-0.2230659502445478
2,1,501435.0589302038,-0.16239999,1.7470574,-0.22329173009001982
2,1,501440.0591264784,-0.16239999,1.7469811,-0.2235175109223229
2,1,501445.059322753,-0.16239999,1.7469811,-0.2237432909660714
2,1,501450.0595190276,-0.16239999,1.7470574,-0.22396907065166968
2,1,501455.0597153022,-0.16239999,1.7470574,-0.22419485113789825
2,1,501460.0599115768,-0.16239999,1.7468284,-0.22442063141471913
2,1,501465.0601078514,-0.16239999,1.7470574,-0.22464641010499434
2,1,501470.060304126,-0.16239999,1.7469621,-0.22487218707987933
2,1,501475.0605004006,-0.16239999,1.7468475,-0.22509796502007562
2,1,501480.0606966753,-0.16239999,1.7466565,-0.22532374486413617
2,1,501485.06089295004,-0.16239999,1.746733,-0.22554952309794
2,1,501490.06108922476,-0.16239999,1.7466756,-0.22577530196752751
2,1,501495.061285499,-0.16239999,1.7467711,-0.226001077624803
2,1,501500.06148177374,-0.16239999,1.7466948,-0.2262268504254928
2,1,501505.06167804846,-0.16239999,1.746542,-0.22645262498046811
2,1,501510.0618743232,-0.16239999,1.7465229,-0.22667839894760092
2,1,501515.0620705979,-0.16239999,1.7465038,-0.22690417349501144
2,1,501520.0622668726,-0.16239999,1.7464657,-0.22712994658849164
2,1,501525.06246314733,-0.16239999,1.7464848,-0.22735571725077952
2,1,501530.062659422,-0.16239999,1.7462175,-0.227581490666297
2,1,501535.0628556968,-0.16239999,1.7464466,-0.22780726533128345
2,1,501540.06305197143,-0.16239999,1.7464083,-0.2280330397946191
2,1,501545.06324824615,-0.16239999,1.746313,-0.22825881419173402
2,1,501550.06344452087,-0.16239999,1.7461793,-0.2284845863491216
2,1,501555.06364079553,-0.16239999,1.7462366,-0.2287103585312228
2,1,501560.06383707025,-0.16239999,1.7462939,-0.22893613227447807
2,1,501565.06403334497,-0.16239999,1.7461984,-0.229161905617234
2,1,501570.0642296197,-0.16239999,1.7461603,-0.22938768033706006
2,1,501575.0644258944,-0.16239999,1.7461984,-0.2296134556902964
2,1,501580.0646221691,-0.16239999,1.7461411,-0.22983923113023016
2,1,501585.06481844373,-0.16239999,1.7459884,-0.23006500540981797
2,1,501590.06501471833,-0.16239999,1.7460074,-0.23029078172898068
2,1,501595.06521099294,-0.16239999,1.7460074,-0.23051655691230735
2,1,501600.06540726754,-0.16239999,1.7459311,-0.2307423312948986
2,1,501605.06560354214,-0.16239999,1.7458166,-0.2309681051545038
2,1,501610.06579981674,-0.16239999,1.7457975,-0.23119388018746617
2,1,501615.06599609135,-0.16239999,1.7458357,-0.23141965683327723
2,1,501620.0661923662,-0.16239999,1.7459693,-0.23164543205900764
2,1,501625.0663886408,-0.16239999,1.7459311,-0.23187120527363594
2,1,501630.0665849154,-0.16239999,1.7457402,-0.23209697774943155
2,1,501635.0667811902,-0.16239999,1.7458547,-0.23232275157867316
2,1,501640.06697746506,-0.16239999,1.7459502,-0.23254852646566623
2,1,501645.0671737399,-0.16239999,1.7458166,-0.23277430018197026
2,1,501650.06737001473,-0.16239999,1.745683,-0.23300007280681473
2,1,501655.06756628957,-0.16239999,1.7455684,-0.23322584473268382
2,1,501660.0677625644,-0.16239999,1.7455112,-0.2334516162627077
2,1,501665.06795883924,-0.16239999,1.7454348,-0.23367738805773797
2,1,501670.0681551141,-0.16239999,1.7455302,-0.23390315986825552
2,1,501675.0683513889,-0.16239999,1.7455302,-0.23412893394059714
2,1,501680.06854766374,-0.16239999,1.7454157,-0.23435471059126764
2,1,501685.0687439386,-0.16239999,1.7454348,-0.23458048737929954
2,1,501690.0689402134,-0.16239999,1.7454538,-0.23480626197951232
2,1,501695.06913648825,-0.16239999,1.7453202,-0.23503203716325788
2,1,501700.0693327631,-0.16239999,1.7453966,-0.23525781411011712
2,1,501705.0695290379,-0.16239999,1.7453011,-0.2354835874697627
2,1,501710.06972531276,-0.16239999,1.7452058,-0.23570936037101545
2,1,501715.0699215876,-0.16239999,1.7452058,-0.2359351337897077
2,1,501720.07011786243,-0.16239999,1.7451675,-0.23616090718158864
2,1,501725.07031413727,-0.16239999,1.7452248,-0.23638668012870054
2,1,501730.07051041164,-0.16239999,1.7451484,-0.23661245177502632
2,1,501735.070706686,-0.16239999,1.7452439,-0.23683822317705006
2,1,501740.0709029604,-0.16239999,1.7451293,-0.23706399550139276
2,1,501745.07109923474,-0.16239999,1.7450721,-0.23728976553393355
2,1,501750.0712955091,-0.16239999,1.7449385,-0.23751553780730683
2,1,501755.0714917835,-0.16239999,1.7449576,-0.2377413121135288
2,1,501760.07168805785,-0.16239999,1.7450339,-0.2379670854185285
2,1,501765.0718843322,-0.16239999,1.7449385,-0.23819285709244628
2,1,501770.0720806066,-0.16239999,1.7450529,-0.23841862701843053
2,1,501775.07227688096,-0.16239999,1.7449193,-0.23864439664860934
2,1,501780.07247315533,-0.16239999,1.744652,-0.23887016957301352
2,1,501785.0726694297,-0.16239999,1.7447284,-0.2390959411748875
2,1,501790.0728657041,-0.16239999,1.7448239,-0.2393217140236302
2,1,501795.07306197844,-0.16239999,1.7446712,-0.23954748666846543
2,1,501800.0732582528,-0.16239999,1.7446139,-0.23977326172470836
2,1,501805.0734545272,-0.16239999,1.7446139,-0.23999903132627032
2,1,501810.07365080155,-0.16239999,1.7444993,-0.24022480223842665
2,1,501815.0738470759,-0.16239999,1.7445567,-0.240450572115521
2,1,501820.0740433503,-0.16239999,1.7446139,-0.2406763409205298
2,1,501825.07423962466,-0.16239999,1.7444612,-0.24090210867865505
2,1,501830.07443589903,-0.16239999,1.7443466,-0.2411278811045202
2,1,501835.0746321734,-0.16239999,1.7443085,-0.24135365340121626
2,1,501840.0748284478,-0.16239999,1.7442703,-0.24157942438738086
2,1,501845.07502472214,-0.16239999,1.7442703,-0.24180519632150768
2,1,501850.0752209965,-0.16239999,1.7443657,-0.24203096612329572
2,1,501855.0754172709,-0.16239999,1.744213,-0.24225673543219473
2,1,501860.07561354525,-0.16239999,1.744232,-0.24248250446342218
2,1,501865.0758098196,-0.16239999,1.7441939,-0.24270827390332642
2,1,501870.076006094,-0.16239999,1.7441748,-0.24293404147919637
2,1,501875.07620236836,-0.16239999,1.7441176,-0.24315981007862958
2,1,501880.07639864273,-0.16239999,1.7439076,-0.24338558046287587
2,1,501885.0765949171,-0.16239999,1.7439266,-0.2436113506879736
2,1,501890.0767911915,-0.16239999,1.7439076,-0.24383711873906477
2,1,501895.07698746584,-0.16239999,1.7440221,-0.24406288706333645
2,1,501900.0771837402,-0.16239999,1.7438312,-0.24428865440211653
2,1,501905.0773800146,-0.16239999,1.7438504,-0.2445144206379292
2,1,501910.07757628895,-0.16239999,1.7437549,-0.24474018576068474
2,1,501915.0777725633,-0.16239999,1.7437549,-0.24496595157444437
2,1,501920.0779688377,-0.16239999,1.7438121,-0.2451917178167018
2,1,501925.07816511206,-0.16239999,1.7437358,-0.2454174831319762
2,1,501930.07836138643,-0.16239999,1.7436022,-0.24564324955497477
2,1,501935.0785576608,-0.16239999,1.7436594,-0.24586901575660913
2,1,501940.0787539352,-0.16239999,1.7435831,-0.24609478076102462
2,1,501945.07895020954,-0.16239999,1.7434876,-0.24632054932471822
2,1,501950.0791464839,-0.16239999,1.7434494,-0.246546318236921
2,1,501955.0793427583,-0.16239999,1.7434303,-0.24677208765201064
2,1,501960.07953903265,-0.16239999,1.7434876,-0.2469978563594607
2,1,501965.079735307,-0.16239999,1.7435067,-0.2472236242892001
2,1,501970.0799315814,-0.16239999,1.7432966,-0.24744939268179528
2,1,501975.08012785576,-0.16239999,1.7433349,-0.24767516269561773
2,1,501980.08032413013,-0.16239999,1.7432203,-0.24790093324864615
2,1,501985.0805204045,-0.16239999,1.7431822,-0.24812670548816812
2,1,501990.0807166789,-0.16239999,1.7432394,-0.2483524784277425
2,1,501995.08091295324,-0.16239999,1.7431058,-0.24857824970255502
2,1,502000.0811092276,-0.16239999,1.743163,-0.2488040210375939
2,1,502005.081305502,-0.16239999,1.7430676,-0.2490297927653388
2,1,502010.08150177635,-0.16239999,1.7430294,-0.2492555627401881
2,1,502015.0816980507,-0.16239999,1.7430294,-0.24948133320449087
2,1,502020.0818943251,-0.16239999,1.7428576,-0.24970710125919557
2,1,502025.08209059946,-0.16239999,1.7428576,-0.24993287416390456
2,1,502030.08228687383,-0.16239999,1.7428576,-0.25015864575371105
2,1,502035.0824831482,-0.16239999,1.742724,-0.25038441768954406
2,1,502040.0826794226,-0.16239999,1.7428385,-0.25061019061651457
2,1,502045.08287569694,-0.16239999,1.7426858,-0.2508359635028016
2,1,502050.0830719713,-0.16239999,1.7426476,-0.25106173513935715
2,1,502055.0832682457,-0.16239999,1.7427813,-0.2512875066052994
2,1,502060.08346452005,-0.16239999,1.7427049,-0.25151327814135993
2,1,502065.0836607944,-0.16239999,1.7426286,-0.25173904662026675
2,1,502070.0838570688,-0.16239999,1.7425522,-0.25196481581144325
2,1,502075.08405334316,-0.16239999,1.742495,-0.25219058732299965
2,1,502080.08424961753,-0.16239999,1.7423995,-0.2524163608175835
2,1,502085.0844458919,-0.16239999,1.7424567,-0.252642133720405
2,1,502090.0846421663,-0.16239999,1.7424185,-0.2528679073527973
2,1,502095.08483844064,-0.16239999,1.742514,-0.2530936823800922
2,1,502100.085034715,-0.16239999,1.742514,-0.25331945777817444
2,1,502105.0852309894,-0.16239999,1.7424376,-0.2535452322948306
2,1,502110.08542726375,-0.16239999,1.7424567,-0.2537710079336982
2,1,502115.0856235381,-0.16239999,1.742323,-0.25399678333876574
2,1,502120.0858198125,-0.16239999,1.7421703,-0.25422255965577606
2,1,502125.0860160873,-0.16239999,1.7421131,-0.2544483341940936
2,1,502130.08621236216,-0.16239999,1.7421322,-0.25467410915531513
2,1,502135.086408637,-0.16239999,1.742094,-0.2548998841766132
2,1,502140.08660491183,-0.16239999,1.7419795,-0.2551256615141246
2,1,502145.08680118667,-0.16239999,1.7419986,-0.2553514379541912
2,1,502150.0869974615,-0.16239999,1.7419031,-0.255577215574741
2,1,502155.08719373634,-0.16239999,1.741884,-0.2558029933921211
2,1,502160.0873900112,-0.16239999,1.7419986,-0.25602876988036727
2,1,502165.087586286,-0.16239999,1.7419031,-0.2562545441423742
2,1,502170.08778256085,-0.16239999,1.7418458,-0.25648031707967284
2,1,502175.0879788357,-0.16239999,1.7418076,-0.25670609171312514
2,1,502180.0881751105,-0.16239999,1.7419221,-0.2569318645296499
2,1,502185.08837138535,-0.16239999,1.7417694,-0.2571576381429977
2,1,502190.0885676602,-0.16239999,1.7417885,-0.2573834135773427
2,1,502195.088763935,-0.16239999,1.7416931,-0.257609188845226
2,1,502200.08896020986,-0.16239999,1.7417313,-0.2578349658440969
2,1,502205.0891564847,-0.16239999,1.7415786,-0.2580607421967599
2,1,502210.08935275953,-0.16239999,1.7416167,-0.2582865186542468
2,1,502215.08954903437,-0.16239999,1.7416931,-0.25851229451480723
2,1,502220.0897453092,-0.16239999,1.741464,-0.25873806923108433
2,1,502225.0899415838,-0.16239999,1.7415022,-0.2589638410625628
2,1,502230.0901378584,-0.16239999,1.7414259,-0.2591896135733546
2,1,502235.09033413255,-0.16239999,1.7414831,-0.2594153820819032
2,1,502240.09053040715,-0.16239999,1.7413113,-0.2596411535254954
2,1,502245.09072668175,-0.16239999,1.7413876,-0.25986692653237004
2,1,502250.09092295635,-0.16239999,1.741273,-0.2600926994118944
2,1,502255.09111923096,-0.16239999,1.7411777,-0.26031847213930354
2,1,502260.09131550556,-0.16239999,1.7411968,-0.26054424731839415
2,1,502265.09151178016,-0.16239999,1.7411586,-0.2607700225051638
2,1,502270.09170805477,-0.16239999,1.741044,-0.2609957986106695
2,1,502275.0919043295,-0.16239999,1.741044,-0.2612215751353979
2,1,502280.0921006042,-0.16239999,1.7411203,-0.26144735144428544
2,1,502285.0922968789,-0.16239999,1.741044,-0.26167312777615553
2,1,502290.09249315364,-0.16239999,1.7409676,-0.261898902589724
2,1,502295.09268942836,-0.16239999,1.7408531,-0.2621246793657356
2,1,502300.0928857031,-0.16239999,1.7409676,-0.2623504547008538
2,1,502305.0930819778,-0.16239999,1.7407959,-0.26257622960647414
2,1,502310.0932782525,-0.16239999,1.7407768,-0.2628020015610404
2,1,502315.09347452724,-0.16239999,1.7406622,-0.2630277736535864
2,1,502320.09367080196,-0.16239999,1.7406622,-0.2632535439118359
2,1,502325.0938670767,-0.16239999,1.7408913,-0.2634793123893188
2,1,502330.0940633514,-0.16239999,1.7407386,-0.26370508309282165
2,1,502335.09425962606,-0.16239999,1.7404904,-0.2639308515670412
2,1,502340.0944559008,-0.16239999,1.7405286,-0.26415662059471723
2,1,502345.0946521755,-0.16239999,1.740414,-0.2643823903646772
2,1,502350.09484845016,-0.16239999,1.7405095,-0.26460815905627494
2,1,502355.0950447249,-0.16239999,1.7404331,-0.2648339267017987
2,1,502360.0952409998,-0.16239999,1.7403377,-0.2650596933376248
2,1,502365.09543727455,-0.16239999,1.7403568,-0.2652854611360908
2,1,502370.09563354927,-0.16239999,1.7402804,-0.2655112289551336
2,1,502375.095829824,-0.16239999,1.7402041,-0.265736995891935
2,1,502380.0960260986,-0.16239999,1.7401849,-0.26596276273353203
2,1,502385.0962223732,-0.16239999,1.7401658,-0.26618853139950555
2,1,502390.0964186478,-0.16239999,1.7401658,-0.2664143018796292
2,1,502395.0966149224,-0.16239999,1.7401658,-0.26664007350229857
2,1,502400.096811197,-0.16239999,1.7401849,-0.2668658481461254
2,1,502405.0970074716,-0.16239999,1.7400705,-0.2670916235223724
2,1,502410.0972037462,-0.16239999,1.739994,-0.2673173996512382
2,1,502415.0974000208,-0.16239999,1.7398795,-0.2675431749326236
2,1,502420.0975962952,-0.16239999,1.7398223,-0.267768951379255
2,1,502425.09779257,-0.16239999,1.7398223,-0.26799472889311665
2,1,502430.09798884485,-0.16239999,1.739784,-0.2682205054125195
2,1,502435.0981851197,-0.16239999,1.7396886,-0.2684462822592827
2,1,502440.0983813945,-0.16239999,1.7396313,-0.26867206124071086
2,1,502445.09857766936,-0.16239999,1.7396696,-0.26889783869961537
2,1,502450.0987739442,-0.16239999,1.7397077,-0.26912361840638077
2,1,502455.098970219,-0.16239999,1.7396122,-0.26934939795110596
2,1,502460.09916649386,-0.16239999,1.7396886,-0.2695751787945501
2,1,502465.0993627687,-0.16239999,1.7394214,-0.26980095950268845
2,1,502470.09955904353,-0.16239999,1.7396313,-0.27002673939027444
2,1,502475.09975531837,-0.16239999,1.7396122,-0.2702525201688696
2,1,502480.0999515932,-0.16239999,1.7395169,-0.27047829978853355
2,1,502485.10014786804,-0.16239999,1.7393259,-0.27070407946883196
2,1,502490.1003441429,-0.16239999,1.7392877,-0.2709298593660375
2,1,502495.1005404177,-0.16239999,1.7392113,-0.2711556379606903
2,1,502500.1007366921,-0.16239999,1.7392304,-0.2713814180594374
2,1,502505.1009329669,-0.16239999,1.7390586,-0.27160719725349686
2,1,502510.10112924175,-0.16239999,1.7390014,-0.27183297427670466
2,1,502515.1013255166,-0.16239999,1.739135,-0.27205874958142034
2,1,502520.1015217914,-0.16239999,1.739116,-0.27228452380514784
2,1,502525.10171806626,-0.16239999,1.7392687,-0.2725102973010571
2,1,502530.10191434063,-0.16239999,1.7389631,-0.2727360663089634
2,1,502535.102110615,-0.16239999,1.7390968,-0.27296183846989913
2,1,502540.10230688937,-0.16239999,1.7389823,-0.27318761083491455
2,1,502545.10250316374,-0.16239999,1.7388487,-0.27341338324317893
2,1,502550.1026994381,-0.16239999,1.7386768,-0.27363915496518687
2,1,502555.1028957125,-0.16239999,1.738925,-0.27386492639786314
2,1,502560.10309198685,-0.16239999,1.738715,-0.274090698125666
2,1,502565.1032882612,-0.16239999,1.738715,-0.2743164693347329
2,1,502570.1034845356,-0.16239999,1.7386386,-0.27454223881843826
2,1,502575.10368080996,-0.16239999,1.7384095,-0.2747680091025661
2,1,502580.10387708433,-0.16239999,1.7385432,-0.2749937795435055
2,1,502585.1040733587,-0.16239999,1.7384286,-0.27521955089621053
2,1,502590.10426963307,-0.16239999,1.7385241,-0.27544532382282916
2,1,502595.10446590744,-0.16239999,1.7384286,-0.27567109897683284
2,1,502600.1046621818,-0.16239999,1.7383523,-0.27589687076579006
2,1,502605.1048584562,-0.16239999,1.7384286,-0.27612264174353135
2,1,502610.10505473055,-0.16239999,1.738505,-0.2763484111918547
2,1,502615.1052510049,-0.16239999,1.7383714,-0.2765741827731858
2,1,502620.1054472793,-0.16239999,1.7382377,-0.27679995236834687
2,1,502625.10564355366,-0.16239999,1.7382568,-0.2770257228325851
2,1,502630.10583982803,-0.16239999,1.7381041,-0.2772514935654813
2,1,502635.1060361024,-0.16239999,1.738066,-0.27747726289253405
2,1,502640.10623237677,-0.16239999,1.7379895,-0.2777030340612818
2,1,502645.10642865114,-0.16239999,1.7380278,-0.2779288063817212
2,1,502650.1066249255,-0.16239999,1.7380278,-0.2781545803029783
2,1,502655.1068211999,-0.16239999,1.7379895,-0.27838035594956967
2,1,502660.10701747425,-0.16239999,1.737875,-0.27860613156679664
2,1,502665.1072137486,-0.16239999,1.7378178,-0.2788319063977274
2,1,502670.107410023,-0.16239999,1.737875,-0.2790576800262901
2,1,502675.10760629736,-0.16239999,1.7375696,-0.27928345425894835
2,1,502680.1078025717,-0.16239999,1.7376077,-0.2795092259255066
2,1,502685.1079988461,-0.16239999,1.7375505,-0.27973499757864057
2,1,502690.10819512047,-0.16239999,1.7375124,-0.27996076863195063
2,1,502695.10839139484,-0.16239999,1.7377223,-0.2801865427870533
2,1,502700.1085876692,-0.16239999,1.7374933,-0.2804123159124948
2,1,502705.1087839436,-0.16239999,1.7372642,-0.28063808884689273
2,1,502710.10898021795,-0.16239999,1.7372642,-0.28086386317219064
2,1,502715.1091764923,-0.16239999,1.7373214,-0.28108963604675125
2,1,502720.1093727667,-0.16239999,1.7373214,-0.28131540880946787
2,1,502725.10956904106,-0.16239999,1.7371305,-0.28154118325181937
2,1,502730.1097653154,-0.16239999,1.7371114,-0.28176696086505193
2,1,502735.1099615898,-0.16239999,1.7371305,-0.2819927352388126
2,1,502740.11015786417,-0.16239999,1.7369587,-0.2822185086341564
2,1,502745.11035413854,-0.16239999,1.7369014,-0.2824442805639917
2,1,502750.1105504129,-0.16239999,1.737035,-0.28267005237101406
2,1,502755.1107466873,-0.16239999,1.7369395,-0.28289582396990864
2,1,502760.11094296165,-0.16239999,1.7368633,-0.2831215964238716
2,1,502765.111139236,-0.16239999,1.7368442,-0.2833473683795902
2,1,502770.1113355104,-0.16239999,1.7367678,-0.28357314139609596
2,1,502775.11153178476,-0.16239999,1.7367105,-0.28379891519525957
2,1,502780.1117280591,-0.16239999,1.7366151,-0.28402469110291345
2,1,502785.1119243335,-0.16239999,1.7366724,-0.2842504645432637
2,1,502790.11212060787,-0.16239999,1.7366151,-0.2844762346844737
2,1,502795.11231688224,-0.16239999,1.736596,-0.2847020069305563
2,1,502800.1125131566,-0.16239999,1.7365005,-0.28492777872066505
2,1,502805.112709431,-0.16239999,1.736386,-0.285153548651724
2,1,502810.11290570535,-0.16239999,1.7365005,-0.28537931985977766
2,1,502815.1131019797,-0.16239999,1.7364814,-0.2856050951046668
2,1,502820.1132982541,-0.16239999,1.7362523,-0.28583087259432566
2,1,502825.11349452846,-0.16239999,1.7362906,-0.28605664965012395
2,1,502830.1136908028,-0.16239999,1.7363096,-0.2862824229149824
2,1,502835.1138870772,-0.16239999,1.7360805,-0.2865081961044203
2,1,502840.11408335157,-0.16239999,1.736176,-0.2867339681357325
2,1,502845.11427962594,-0.16239999,1.7361187,-0.28695973530542823
2,1,502850.1144759003,-0.16239999,1.7362332,-0.2871854971503157
2,1,502855.1146721747,-0.16239999,1.7360615,-0.28741125708162174
2,1,502860.11486844905,-0.16239999,1.7360424,-0.2876370221030552
2,1,502865.1150647234,-0.16239999,1.7360424,-0.28786279121245084
2,1,502870.1152609978,-0.16239999,1.7359469,-0.28808856068694977
2,1,502875.11545727216,-0.16239999,1.7359087,-0.2883143315383168
2,1,502880.1156535465,-0.16239999,1.735756,-0.2885401013394086
2,1,502885.1158498209,-0.16239999,1.7358514,-0.28876587294732003
2,1,502890.11604609527,-0.16239999,1.735737,-0.288991643976251
2,1,502895.11624236964,-0.16239999,1.7356033,-0.2892174144578681
2,1,502900.116438644,-0.16239999,1.7357751,-0.2894431865041038
2,1,502905.1166349184,-0.16239999,1.7356987,-0.28966895838792756
2,1,502910.11683119275,-0.16239999,1.7355651,-0.289894730074282
2,1,502915.1170274671,-0.16239999,1.735546,-0.29012050435033493
2,1,502920.11722374195,-0.16239999,1.7354314,-0.2903462804469819
2,1,502925.1174200168,-0.16239999,1.7354697,-0.29057205760466526
2,1,502930.1176162916,-0.16239999,1.7353169,-0.29079783498711687
2,1,502935.11781256646,-0.16239999,1.7354314,-0.2910236140088121
2,1,502940.1180088413,-0.16239999,1.7353169,-0.2912493932107096
2,1,502945.11820511613,-0.16239999,1.7352978,-0.29147516990005107
2,1,502950.11840139097,-0.16239999,1.7352787,-0.2917009450975843
2,1,502955.1185976658,-0.16239999,1.7352787,-0.2919267213802764
2,1,502960.11879394064,-0.16239999,1.7352024,-0.29215249487026496
2,1,502965.1189902155,-0.16239999,1.7349924,-0.2923782688947192
2,1,502970.11918648984,-0.16239999,1.7348397,-0.29260404419769226
2,1,502975.1193827647,-0.16239999,1.7350305,-0.2928298210681317
2,1,502980.1195790395,-0.16239999,1.7349352,-0.29305559809035026
2,1,502985.11977531435,-0.16239999,1.7348397,-0.29328137530373494
2,1,502990.1199715892,-0.16239999,1.7348588,-0.29350715575640446
2,1,502995.120167864,-0.16239999,1.7348015,-0.2937329377453439
2,1,503000.12036413886,-0.16239999,1.7347251,-0.2939587186380977
2,1,503005.1205604137,-0.16239999,1.734706,-0.2941844992761517
2,1,503010.1207566885,-0.16239999,1.7345343,-0.2944102770329776
2,1,503015.12095296336,-0.16239999,1.7345915,-0.29463605655193537
2,1,503020.12114923797,-0.16239999,1.7345343,-0.29486184058368
2,1,503025.12134551257,-0.16239999,1.7347633,-0.29508762475475875
2,1,503030.1215417872,-0.16239999,1.7345152,-0.29531340855828964
2,1,503035.1217380618,-0.16239999,1.7344197,-0.29553919120510547
2,1,503040.1219343364,-0.16239999,1.7344197,-0.2957649705944927
2,1,503045.122130611,-0.16239999,1.734267,-0.29599074854348234
2,1,503050.1223268856,-0.16239999,1.7344197,-0.29621652711582397
2,1,503055.1225231602,-0.16239999,1.7343242,-0.29644230435809704
2,1,503060.1227194348,-0.16239999,1.7342097,-0.2966680827567491
2,1,503065.1229157094,-0.16239999,1.7342287,-0.29689386282969066
2,1,503070.1231119841,-0.16239999,1.734057,-0.2971196423023331
2,1,503075.12330825883,-0.16239999,1.734057,-0.29734542098482164
2,1,503080.12350453355,-0.16239999,1.7339424,-0.29757119960355144
2,1,503085.12370080827,-0.16239999,1.734076,-0.2977969780821267
2,1,503090.123897083,-0.16239999,1.7339807,-0.2980227555094788
2,1,503095.12409335794,-0.16239999,1.7337325,-0.2982485331432501
2,1,503100.12428963266,-0.16239999,1.7338661,-0.29847431187374357
2,1,503105.1244859074,-0.16239999,1.7339997,-0.2987000889378203
2,1,503110.1246821821,-0.16239999,1.7338278,-0.2989258652860775
2,1,503115.1248784568,-0.16239999,1.7338852,-0.29915163964120345
2,1,503120.12507473154,-0.16239999,1.7337897,-0.29937741548260927
2,1,503125.12527100625,-0.16239999,1.7336943,-0.2996031905983211
2,1,503130.125467281,-0.16239999,1.7337134,-0.299828963955878
2,1,503135.12566355563,-0.16239999,1.7336179,-0.30005474040904434
2,1,503140.12585983035,-0.16239999,1.7335988,-0.30028051680426343
2,1,503145.126056105,-0.16239999,1.7335033,-0.3005062923123667
2,1,503150.12625237973,-0.16239999,1.7333506,-0.3007320693211419
2,1,503155.12644865445,-0.16239999,1.7333888,-0.30095784761865313
2,1,503160.12664492906,-0.16239999,1.7332934,-0.3011836266828043
2,1,503165.1268412038,-0.16239999,1.733217,-0.3014094026186818
2,1,503170.1270374784,-0.16239999,1.7332361,-0.3016351778685397
2,1,503175.127233753,-0.16239999,1.7332934,-0.30186095232795057
2,1,503180.1274300276,-0.16239999,1.7331598,-0.30208672602204606
2,1,503185.1276263022,-0.16239999,1.7330643,-0.3023124982324189
2,1,503190.1278225768,-0.16239999,1.7331789,-0.30253827159572105
2,1,503195.1280188514,-0.16239999,1.7330834,-0.30276404500104365
2,1,503200.128215126,-0.16239999,1.7330452,-0.3029898188791387
2,1,503205.1284114006,-0.16239999,1.7331024,-0.30321559455441144
2,1,503210.1286076752,-0.16239999,1.733007,-0.3034413701201532
2,1,503215.1288039498,-0.16239999,1.7330261,-0.30366714532153344
2,1,503220.12900022464,-0.16239999,1.7328542,-0.30389292489962066
2,1,503225.1291964995,-0.16239999,1.7328352,-0.3041187018287028
2,1,503230.1293927743,-0.16239999,1.7326634,-0.30434447848504986
2,1,503235.12958904915,-0.16239999,1.732606,-0.3045702533778759
2,1,503240.1297853235,-0.16239999,1.7326825,-0.3047960305985862
2,1,503245.12998159835,-0.16239999,1.732587,-0.30502180633995307
2,1,503250.1301778732,-0.16239999,1.7325679,-0.3052475779035244
2,1,503255.130374148,-0.16239999,1.7324533,-0.3054733500471342
2,1,503260.13057042286,-0.16239999,1.7325107,-0.3056991218527882
2,1,503265.1307666977,-0.16239999,1.7323961,-0.30592489260051847
2,1,503270.13096297253,-0.16239999,1.7325488,-0.30615066391995005
2,1,503275.13115924736,-0.16239999,1.7323006,-0.30637643460177916
2,1,503280.1313555222,-0.16239999,1.7322434,-0.30660220419698575
2,1,503285.13155179704,-0.16239999,1.7322243,-0.30682797321866984
2,1,503290.1317480719,-0.16239999,1.7321861,-0.3070537449895006
2,1,503295.1319443467,-0.16239999,1.7320907,-0.30727951800100206
2,1,503300.13214062154,-0.16239999,1.7321098,-0.307505290458033
2,1,503305.1323368964,-0.16239999,1.7322243,-0.30773106182888016
2,1,503310.1325331712,-0.16239999,1.7321861,-0.3079568330881681
2,1,503315.13272944605,-0.16239999,1.7318616,-0.30818260441192763
2,1,503320.1329257209,-0.16239999,1.7319952,-0.30840837576222196
2,1,503325.13312199526,-0.16239999,1.7319762,-0.3086341495946019
2,1,503330.1333182696,-0.16239999,1.7318807,-0.3088599236984156
2,1,503335.133514544,-0.16239999,1.7318807,-0.309085696883653
2,1,503340.13371081837,-0.16239999,1.7317852,-0.30931146987525643
2,1,503345.13390709274,-0.16239999,1.7318234,-0.3095372462931683
2,1,503350.1341033671,-0.16239999,1.731728,-0.309763019287733
2,1,503355.1342996415,-0.16239999,1.7315753,-0.30998879314481576
2,1,503360.13449591585,-0.16239999,1.7315371,-0.31021456830270283
2,1,503365.1346921902,-0.16239999,1.7315562,-0.3104403420068003
2,1,503370.1348884646,-0.16239999,1.7314988,-0.3106661155794555
2,1,503375.13508473895,-0.16239999,1.7314798,-0.31089188964534825
2,1,503380.1352810133,-0.16239999,1.7314416,-0.311117663761491
2,1,503385.1354772877,-0.16239999,1.7313652,-0.3113434369177705
2,1,503390.13567356206,-0.16239999,1.7313843,-0.31156920783632275
2,1,503395.13586983643,-0.16239999,1.7313461,-0.31179498016995216
2,1,503400.1360661108,-0.16239999,1.731327,-0.31202075403954527
2,1,503405.1362623852,-0.16239999,1.7312316,-0.31224652575324663
2,1,503410.13645865954,-0.16239999,1.7312316,-0.31247229920357655
2,1,503415.1366549339,-0.16239999,1.7310407,-0.31269807121371834
2,1,503420.1368512083,-0.16239999,1.7311743,-0.3129238411348473
2,1,503425.13704748265,-0.16239999,1.7310979,-0.3131496098677303
2,1,503430.137243757,-0.16239999,1.7308497,-0.3133753800120663
2,1,503435.1374400314,-0.16239999,1.730697,-0.31360114988151466
2,1,503440.13763630576,-0.16239999,1.7309452,-0.31382691741425733
2,1,503445.13783258013,-0.16239999,1.7309262,-0.3140526852161928
2,1,503450.1380288545,-0.16239999,1.7307353,-0.3142784539997431
2,1,503455.1382251289,-0.16239999,1.7306398,-0.31450422313421655
2,1,503460.13842140324,-0.16239999,1.7307353,-0.31472999262294193
2,1,503465.1386176776,-0.16239999,1.7304107,-0.31495576173723755
2,1,503470.138813952,-0.16239999,1.7305443,-0.3151815268055285
2,1,503475.13901022635,-0.16239999,1.7305634,-0.3154072951948827
2,1,503480.1392065007,-0.16239999,1.7303535,-0.31563306629916466
2,1,503485.1394027751,-0.16239999,1.7302771,-0.31585883746688254
2,1,503490.13959904946,-0.16239999,1.7302961,-0.31608460597292437
2,1,503495.13979532383,-0.16239999,1.7303153,-0.31631037552006896
2,1,503500.1399915982,-0.16239999,1.7302198,-0.31653614307890937
2,1,503505.1401878726,-0.16239999,1.7303916,-0.316761911659659
2,1,503510.14038414694,-0.16239999,1.7301244,-0.3169876791576944
2,1,503515.1405804213,-0.16239999,1.7300862,-0.317213456614521
2,1,503520.1407766957,-0.16239999,1.7299716,-0.3174392194090661
2,1,503525.14097297005,-0.16239999,1.7299907,-0.3176649837257541
2,1,503530.1411692444,-0.16239999,1.7298762,-0.31789075159100955
2,1,503535.1413655188,-0.16239999,1.7299716,-0.318116521752933
2,1,503540.14156179316,-0.16239999,1.7298952,-0.31834229294812777
2,1,503545.14175806753,-0.16239999,1.7300098,-0.3185680642233186
2,1,503550.1419543419,-0.16239999,1.7297425,-0.31879383595789984
2,1,503555.1421506163,-0.16239999,1.729838,-0.31901960905713683
2,1,503560.14234689064,-0.16239999,1.7297235,-0.3192453798734365
2,1,503565.142543165,-0.16239999,1.7297235,-0.3194711494385568
2,1,503570.1427394394,-0.16239999,1.729838,-0.31969691928947896
2,1,503575.14293571375,-0.16239999,1.7295707,-0.31992268894916953
2,1,503580.1431319881,-0.16239999,1.7294562,-0.3201484594119739
2,1,503585.1433282625,-0.16239999,1.7294562,-0.3203742284070089
2,1,503590.14352453686,-0.16239999,1.7294371,-0.320599999468527
2,1,503595.14372081123,-0.16239999,1.7294371,-0.3208257682266352
2,1,503600.1439170856,-0.16239999,1.7293035,-0.3210515358987609
2,1,503605.14411336,-0.16239999,1.7292844,-0.3212773055088041
2,1,503610.14430963434,-0.16239999,1.7294943,-0.3215030755647298
2,1,503615.1445059087,-0.16239999,1.729208,-0.3217288465257379
2,1,503620.1447021831,-0.16239999,1.7292463,-0.32195461834372924
2,1,503625.14489845745,-0.16239999,1.7291698,-0.3221803901490405
2,1,503630.1450947318,-0.16239999,1.7291126,-0.32240616148410667
2,1,503635.1452910062,-0.16239999,1.7288071,-0.32263193286370745
2,1,503640.14548728056,-0.16239999,1.7289981,-0.3228577061271809
2,1,503645.14568355493,-0.16239999,1.7289217,-0.3230834779427284
2,1,503650.1458798293,-0.16239999,1.7289599,-0.3233092505285724
2,1,503655.1460761037,-0.16239999,1.7287499,-0.32353502039225657
2,1,503660.14627237804,-0.16239999,1.728788,-0.3237607880136802
2,1,503665.1464686524,-0.16239999,1.7288263,-0.32398655391938413
2,1,503670.1466649268,-0.16239999,1.7286544,-0.32421231900822545
2,1,503675.14686120115,-0.16239999,1.7286162,-0.32443808294777665
2,1,503680.1470574755,-0.16239999,1.7286735,-0.32466384797565234
2,1,503685.1472537499,-0.16239999,1.7285972,-0.32488961382517145
2,1,503690.14745002426,-0.16239999,1.7285208,-0.3251153749393838
2,1,503695.14764629863,-0.16239999,1.7285972,-0.32534113970372996
2,1,503700.147842573,-0.16239999,1.7285208,-0.3255669055840688
2,1,503705.1480388474,-0.16239999,1.7285781,-0.32579267109006316
2,1,503710.14823512174,-0.16239999,1.7284826,-0.32601843657973495
2,1,503715.1484313961,-0.16239999,1.728349,-0.3262442021567259
2,1,503720.14862767095,-0.16239999,1.7282344,-0.3264699671641903
2,1,503725.1488239458,-0.16239999,1.7281581,-0.3266957323474056
2,1,503730.1490202206,-0.16239999,1.7281963,-0.3269214985532405
2,1,503735.14921649545,-0.16239999,1.7280053,-0.3271472666198918
2,1,503740.1494127703,-0.16239999,1.7280626,-0.32737303314381344
2,1,503745.1496090451,-0.16239999,1.7280436,-0.3275988006004211
2,1,503750.14980531996,-0.16239999,1.7280053,-0.3278245708911552
2,1,503755.1500015948,-0.16239999,1.7280245,-0.3280503415163259
2,1,503760.15019786963,-0.16239999,1.727719,-0.3282761135558114
2,1,503765.15039414447,-0.16239999,1.7278526,-0.328501885072406
2,1,503770.1505904193,-0.16239999,1.727719,-0.3287276534741811
2,1,503775.15078669414,-0.16239999,1.7276999,-0.3289534221703642
2,1,503780.150982969,-0.16239999,1.7277572,-0.3291791917181603
2,1,503785.1511792438,-0.16239999,1.7276808,-0.32940496117217344
2,1,503790.15137551865,-0.16239999,1.7275853,-0.3296307315263285
2,1,503795.1515717935,-0.16239999,1.727509,-0.3298565033408023
2,1,503800.1517680683,-0.16239999,1.7274135,-0.33008227357715125
2,1,503805.15196434315,-0.16239999,1.7273372,-0.3303080427679569
2,1,503810.152160618,-0.16239999,1.7273945,-0.3305338148212715
2,1,503815.1523568926,-0.16239999,1.727299,-0.33075958906724306
2,1,503820.1525531672,-0.16239999,1.7272227,-0.3309853641358573
2,1,503825.1527494418,-0.16239999,1.727299,-0.33121113975585004
2,1,503830.1529457164,-0.16239999,1.7272799,-0.33143691520347035
2,1,503835.15314199124,-0.16239999,1.7272418,-0.33166268909674473
2,1,503840.15333826584,-0.16239999,1.7270508,-0.3318884626173916
2,1,503845.15353454044,-0.16239999,1.7270508,-0.33211424093789943
2,1,503850.15373081504,-0.16239999,1.7271463,-0.3323400189339072
2,1,503855.15392708965,-0.16239999,1.7269363,-0.33256579330167424
2,1,503860.15412336425,-0.16239999,1.726879,-0.3327915670583141
2,1,503865.15431963897,-0.16239999,1.7267835,-0.3330173417143044
2,1,503870.1545159137,-0.16239999,1.7267644,-0.3332431119454363
2,1,503875.1547121884,-0.16239999,1.7266881,-0.33346888346160874
2,1,503880.1549084631,-0.16239999,1.7266117,-0.33369465433018747
2,1,503885.15510473785,-0.16239999,1.7267454,-0.333920425164472
2,1,503890.15530101256,-0.16239999,1.7265736,-0.33414619837511755
2,1,503895.1554972873,-0.16239999,1.7265162,-0.3343719694574352
2,1,503900.1556935619,-0.16239999,1.7264209,-0.33459774318222957
2,1,503905.1558898366,-0.16239999,1.7265354,-0.3348235142971675
2,1,503910.1560861113,-0.16239999,1.7264781,-0.33504928745105456
2,1,503915.15628238604,-0.16239999,1.7263635,-0.335275061951461
2,1,503920.1564786607,-0.16239999,1.7262491,-0.3355008343777202
2,1,503925.1566749354,-0.16239999,1.7262108,-0.33572660535107063
2,1,503930.15687121014,-0.16239999,1.7262872,-0.3359523774574325
2,1,503935.15706748486,-0.16239999,1.7260963,-0.3361781473087942
2,1,503940.1572637595,-0.16239999,1.7259626,-0.3364039159843616
2,1,503945.15746003424,-0.16239999,1.72602,-0.3366296885301852
2,1,503950.15765630896,-0.16239999,1.7259436,-0.3368554641218865
2,1,503955.1578525837,-0.16239999,1.7258863,-0.3370812392729712
2,1,503960.1580488584,-0.16239999,1.7259436,-0.3373070109035481
2,1,503965.158245133,-0.16239999,1.7259436,-0.3375327834207524
2,1,503970.1584414076,-0.16239999,1.7257909,-0.33775855532006344
2,1,503975.1586376822,-0.16239999,1.7257146,-0.33798432028034003
2,1,503980.15883395635,-0.16239999,1.7256954,-0.3382100875020466
2,1,503985.15903023095,-0.16239999,1.7256191,-0.33843585624803274
2,1,503990.15922650555,-0.16239999,1.7255809,-0.3386616219004509
2,1,503995.15942278015,-0.16239999,1.7256191,-0.33888738977146565
2,1,504000.15961905476,-0.16239999,1.7257146,-0.33911315865166985
2,1,504005.15981532936,-0.16239999,1.725409,-0.33933892662424103
2,1,504010.16001160396,-0.16239999,1.725409,-0.33956469496648184
2,1,504015.1602078788,-0.16239999,1.7253327,-0.33979046276845537
2,1,504020.16040415363,-0.16239999,1.7254473,-0.34001623085102606
2,1,504025.16060042847,-0.16239999,1.7251991,-0.3402419993497829
2,1,504030.1607967033,-0.16239999,1.7252754,-0.34046776870126944
2,1,504035.16099297814,-0.16239999,1.7250655,-0.34069354056982537
2,1,504040.161189253,-0.16239999,1.7251036,-0.34091931163739003
2,1,504045.1613855278,-0.16239999,1.724989,-0.34114508382380343
2,1,504050.16158180265,-0.16239999,1.7249509,-0.3413708566066565
2,1,504055.1617780775,-0.16239999,1.7248363,-0.3415966294634798
2,1,504060.1619743523,-0.16239999,1.7247982,-0.34182240124220653
2,1,504065.16217062715,-0.16239999,1.7248936,-0.342048174258709
2,1,504070.162366902,-0.16239999,1.7247982,-0.3422739513644585
2,1,504075.1625631768,-0.16239999,1.7246646,-0.3424997276952863
2,1,504080.16275945166,-0.16239999,1.7246455,-0.3427255015180426
2,1,504085.1629557265,-0.16239999,1.7247218,-0.34295127226006494
2,1,504090.16315200133,-0.16239999,1.7247218,-0.34317704314602504
2,1,504095.16334827617,-0.16239999,1.7245309,-0.34340281228550446
2,1,504100.163544551,-0.16239999,1.7245119,-0.34362858585923006
2,1,504105.16374082584,-0.16239999,1.7244736,-0.3438543593136793
2,1,504110.1639371007,-0.16239999,1.7242255,-0.34408013207635624
2,1,504115.1641333755,-0.16239999,1.7242063,-0.344305906439542
2,1,504120.1643296499,-0.16239999,1.7241873,-0.34453168051186045
2,1,504125.16452592425,-0.16239999,1.7240345,-0.3447574561095652
2,1,504130.1647221986,-0.16239999,1.724111,-0.344983227145277
2,1,504135.164918473,-0.16239999,1.7240345,-0.34520900079162176
2,1,504140.16511474736,-0.16239999,1.7239964,-0.34543477394860245
2,1,504145.16531102173,-0.16239999,1.7239391,-0.345660545536192
2,1,504150.1655072961,-0.16239999,1.7239583,-0.3458863173294805
2,1,504155.16570357047,-0.16239999,1.7238818,-0.34611209176761915
2,1,504160.16589984484,-0.16239999,1.7238246,-0.34633786563187846
2,1,504165.1660961192,-0.16239999,1.7237291,-0.3465636385514845
2,1,504170.1662923936,-0.16239999,1.7235382,-0.3467894086109575
2,1,504175.16648866795,-0.16239999,1.7236146,-0.34701517905326035
2,1,504180.1666849423,-0.16239999,1.7235574,-0.34724095007644523
2,1,504185.1668812167,-0.16239999,1.7236146,-0.34746672090066816
2,1,504190.16707749106,-0.16239999,1.7234428,-0.3476924918857417
2,1,504195.16727376543,-0.16239999,1.7233855,-0.34791826268135356
2,1,504200.1674700398,-0.16239999,1.7234045,-0.3481440345358991
2,1,504205.16766631417,-0.16239999,1.7234237,-0.3483698064462196
2,1,504210.16786258854,-0.16239999,1.7233473,-0.3485955761422955
2,1,504215.1680588629,-0.16239999,1.7233473,-0.34882134588754027
2,1,504220.1682551373,-0.16239999,1.7233473,-0.3490471140082745
2,1,504225.16845141165,-0.16239999,1.7232901,-0.34927288108634386
2,1,504230.168647686,-0.16239999,1.7231374,-0.34949865031101984
2,1,504235.1688439604,-0.16239999,1.7231374,-0.3497244195112662
2,1,504240.16904023476,-0.16239999,1.7229464,-0.34995018941820927
2,1,504245.16923650913,-0.16239999,1.7229273,-0.3501759615381229
2,1,504250.1694327835,-0.16239999,1.7228701,-0.3504017345413973
2,1,504255.16962905787,-0.16239999,1.7229273,-0.3506275094925953
2,1,504260.16982533224,-0.16239999,1.7229464,-0.3508532864854577
2,1,504265.1700216066,-0.16239999,1.7227173,-0.3510790671784134
2,1,504270.170217881,-0.16239999,1.7226982,-0.3513048437169949
2,1,504275.17041415535,-0.16239999,1.7228128,-0.35153061854361756
2,1,504280.1706104297,-0.16239999,1.7225837,-0.3517563904161272
2,1,504285.1708067041,-0.16239999,1.7225264,-0.35198215781329995
2,1,504290.17100297846,-0.16239999,1.7225646,-0.3522079274509972
2,1,504295.1711992528,-0.16239999,1.7223547,-0.3524336998822367
2,1,504300.1713955272,-0.16239999,1.7224692,-0.35265947236017975
2,1,504305.17159180157,-0.16239999,1.7223356,-0.35288524779406033
2,1,504310.17178807594,-0.16239999,1.7220874,-0.353111023761102
2,1,504315.1719843503,-0.16239999,1.7221255,-0.3533367995240002
2,1,504320.1721806247,-0.16239999,1.7221637,-0.3535625728730817
2,1,504325.17237689905,-0.16239999,1.722202,-0.35378834428779043
2,1,504330.1725731734,-0.16239999,1.7221255,-0.35401411768446206
2,1,504335.1727694478,-0.16239999,1.72203,-0.3542398908559225
2,1,504340.17296572216,-0.16239999,1.7221637,-0.35446566313780103
2,1,504345.1731619965,-0.16239999,1.7220491,-0.3546914352671554
2,1,504350.1733582709,-0.16239999,1.7220491,-0.35491720683846295
2,1,504355.17355454527,-0.16239999,1.7218392,-0.35514298152114954
2,1,504360.17375081964,-0.16239999,1.7218392,-0.3553687562115963
2,1,504365.173947094,-0.16239999,1.7218964,-0.3555945330002797
2,1,504370.1741433684,-0.16239999,1.7216291,-0.3558203100791177
2,1,504375.17433964275,-0.16239999,1.7216674,-0.35604608491931033
2,1,504380.1745359171,-0.16239999,1.7215528,-0.35627186381046233
2,1,504385.1747321915,-0.16239999,1.7215719,-0.3564976393837458
2,1,504390.17492846586,-0.16239999,1.7214574,-0.35672341577254657
2,1,504395.1751247402,-0.16239999,1.7213811,-0.35694919078535675
2,1,504400.1753210146,-0.16239999,1.7214001,-0.3571749666799556
2,1,504405.17551728897,-0.16239999,1.7213811,-0.35740074375679765
2,1,504410.17571356334,-0.16239999,1.7212856,-0.3576265195582675
2,1,504415.1759098377,-0.16239999,1.7209992,-0.35785229191240925
2,1,504420.1761061121,-0.16239999,1.7210755,-0.3580780654242238
2,1,504425.17630238645,-0.16239999,1.7210946,-0.3583038413393581
2,1,504430.1764986608,-0.16239999,1.721171,-0.3585296168658958
2,1,504435.1766949352,-0.16239999,1.7209228,-0.3587553899764668
2,1,504440.17689120956,-0.16239999,1.7208273,-0.3589811656757213
2,1,504445.1770874839,-0.16239999,1.7209038,-0.3592069425457452
2,1,504450.1772837583,-0.16239999,1.7208083,-0.3594327182991009
2,1,504455.17748003267,-0.16239999,1.7207701,-0.35965849363610736
2,1,504460.17767630704,-0.16239999,1.720751,-0.35988427079199925
2,1,504465.1778725814,-0.16239999,1.7206556,-0.36011004537459634
2,1,504470.1780688558,-0.16239999,1.7205029,-0.36033581994653086
2,1,504475.17826513015,-0.16239999,1.7206937,-0.3605615916152415
2,1,504480.1784614045,-0.16239999,1.7205983,-0.36078736366535397
2,1,504485.1786576789,-0.16239999,1.7206937,-0.36101313345332614
2,1,504490.17885395326,-0.16239999,1.7204264,-0.36123890381640616
2,1,504495.1790502276,-0.16239999,1.7202929,-0.361464673995783
2,1,504500.179246502,-0.16239999,1.7201974,-0.3616904433801034
2,1,504505.17944277637,-0.16239999,1.7202547,-0.3619162145565956
2,1,504510.17963905074,-0.16239999,1.7202356,-0.36214198547020565
2,1,504515.1798353256,-0.16239999,1.7202737,-0.3623677580655947
2,1,504520.1800316004,-0.16239999,1.7202929,-0.36259352764277586
2,1,504525.18022787524,-0.16239999,1.720312,-0.3628192967779911
2,1,504530.1804241501,-0.16239999,1.720102,-0.36304506566454564
2,1,504535.1806204249,-0.16239999,1.720121,-0.36327083310497565
2,1,504540.18081669975,-0.16239999,1.7198156,-0.3634965991557449
2,1,504545.1810129746,-0.16239999,1.7199492,-0.3637223653612362
2,1,504550.1812092494,-0.16239999,1.719892,-0.3639481316541228
2,1,504555.18140552426,-0.16239999,1.7198156,-0.3641738977063631
2,1,504560.1816017991,-0.16239999,1.7197775,-0.3643996654464737
2,1,504565.1817980739,-0.16239999,1.7196248,-0.36462543469416203
2,1,504570.18199434876,-0.16239999,1.7195293,-0.36485120576031027
2,1,504575.1821906236,-0.16239999,1.7194338,-0.36507697781298826
2,1,504580.18238689844,-0.16239999,1.7193575,-0.3653027483224912
2,1,504585.1825831733,-0.16239999,1.7194719,-0.36552851948306647
2,1,504590.1827794481,-0.16239999,1.7193002,-0.36575428936807747
2,1,504595.18297572294,-0.16239999,1.7192811,-0.3659800609480476
2,1,504600.1831719978,-0.16239999,1.7191093,-0.36620583288669606
2,1,504605.1833682726,-0.16239999,1.7191665,-0.36643160342482334
2,1,504610.18356454745,-0.16239999,1.719071,-0.3666573758085066
2,1,504615.18376082205,-0.16239999,1.7190329,-0.3668831502851101
2,1,504620.18395709665,-0.16239999,1.719052,-0.3671089233083661
2,1,504625.18415337126,-0.16239999,1.7189183,-0.3673346921831562
2,1,504630.18434964586,-0.16239999,1.718842,-0.36756046348553334
2,1,504635.18454592046,-0.16239999,1.718842,-0.367786236246918
2,1,504640.18474219507,-0.16239999,1.7188039,-0.36801201225158425
2,1,504645.18493846967,-0.16239999,1.7187275,-0.3682377886904256
2,1,504650.1851347443,-0.16239999,1.718651,-0.36846356544981085
2,1,504655.1853310189,-0.16239999,1.7184793,-0.36868934059240765
2,1,504660.1855272935,-0.16239999,1.7183266,-0.3689151145465375
2,1,504665.1857235682,-0.16239999,1.7185938,-0.3691408903343099
2,1,504670.1859198429,-0.16239999,1.7184983,-0.36936666741814395
2,1,504675.18611611763,-0.16239999,1.7182502,-0.3695924429047349
2,1,504680.18631239235,-0.16239999,1.7181357,-0.36981821679975935
2,1,504685.1865086671,-0.16239999,1.7180974,-0.37004399219995004
2,1,504690.1867049418,-0.16239999,1.7181929,-0.37026976573542847
2,1,504695.1869012165,-0.16239999,1.7180212,-0.3704955403353846
2,1,504700.18709749123,-0.16239999,1.7179638,-0.37072131252703494
2,1,504705.18729376595,-0.16239999,1.7180021,-0.37094708400001386
2,1,504710.18749004067,-0.16239999,1.7178493,-0.3711728567170427
2,1,504715.18768631486,-0.16239999,1.7179447,-0.37139862720560785
2,1,504720.1878825896,-0.16239999,1.7178302,-0.3716243949120525
2,1,504725.1880788643,-0.16239999,1.7179447,-0.37185016330065
2,1,504730.188275139,-0.16239999,1.717792,-0.3720759341449349
2,1,504735.18847141374,-0.16239999,1.7177348,-0.37230170469940044
2,1,504740.1886676884,-0.16239999,1.7178684,-0.37252747768752614
2,1,504745.1888639631,-0.16239999,1.7175057,-0.3727532498675536
2,1,504750.18906023784,-0.16239999,1.7175248,-0.3729790203657184
2,1,504755.18925651256,-0.16239999,1.7175438,-0.3732047921175005
2,1,504760.1894527873,-0.16239999,1.7174484,-0.37343056346659204
2,1,504765.189649062,-0.16239999,1.7175438,-0.3736563365594571
2,1,504770.1898453366,-0.16239999,1.7173911,-0.373882112143712
2,1,504775.1900416112,-0.16239999,1.7172003,-0.37410788679447776
2,1,504780.1902378858,-0.16239999,1.7171429,-0.3743336603532211
2,1,504785.1904341604,-0.16239999,1.7172384,-0.3745594355984662
2,1,504790.190630435,-0.16239999,1.7170666,-0.37478521114453267
2,1,504795.1908267096,-0.16239999,1.7170857,-0.3750109864270382
2,1,504800.1910229842,-0.16239999,1.7170284,-0.375236762087625
2,1,504805.1912192588,-0.16239999,1.7170093,-0.3754625366619942
2,1,504810.1914155334,-0.16239999,1.7168566,-0.3756883120629805
2,1,504815.19161180826,-0.16239999,1.7169712,-0.3759140856838757
2,1,504820.1918080831,-0.16239999,1.7168757,-0.37613985932480964
2,1,504825.19200435793,-0.16239999,1.7167611,-0.3763656327347094
2,1,504830.19220063277,-0.16239999,1.7166467,-0.37659140575084016
2,1,504835.1923969076,-0.16239999,1.7166275,-0.3768171777033103
2,1,504840.19259318244,-0.16239999,1.7166467,-0.37704295133226867
2,1,504845.1927894573,-0.16239999,1.7165703,-0.37726872310071197
2,1,504850.1929857321,-0.16239999,1.716513,-0.37749449383417855
2,1,504855.19318200694,-0.16239999,1.7163221,-0.3777202661337928
2,1,504860.1933782818,-0.16239999,1.7162839,-0.3779460390808757
2,1,504865.1935745566,-0.16239999,1.7163411,-0.37817181455542487
2,1,504870.19377083145,-0.16239999,1.7161884,-0.3783975891871602
2,1,504875.1939671063,-0.16239999,1.7163221,-0.3786233660686588
2,1,504880.1941633811,-0.16239999,1.7160357,-0.37884914665580216
2,1,504885.19435965596,-0.16239999,1.7159976,-0.37907492850296204
2,1,504890.1945559308,-0.16239999,1.7159593,-0.3793007098333422
2,1,504895.1947522056,-0.16239999,1.7159976,-0.3795264904396385
2,1,504900.19494848046,-0.16239999,1.7159976,-0.379752267832612
2,1,504905.1951447553,-0.16239999,1.7159212,-0.3799780467149789
2,1,504910.19534103014,-0.16239999,1.7159021,-0.3802038235239122
2,1,504915.1955373045,-0.16239999,1.7158258,-0.3804296023097138
2,1,504920.1957335789,-0.16239999,1.7156157,-0.3806553800396911
2,1,504925.19592985325,-0.16239999,1.7156539,-0.3808811564376826
2,1,504930.1961261276,-0.16239999,1.7155967,-0.3811069303882213
2,1,504935.196322402,-0.16239999,1.7154821,-0.38133270692321986
2,1,504940.19651867636,-0.16239999,1.7153866,-0.38155848313693286
2,1,504945.1967149507,-0.16239999,1.7154057,-0.3817842601446741
2,1,504950.1969112251,-0.16239999,1.7153676,-0.38201003560901514
2,1,504955.19710749947,-0.16239999,1.7151576,-0.3822358106091064
2,1,504960.19730377384,-0.16239999,1.7151003,-0.38246158341648845
2,1,504965.1975000482,-0.16239999,1.7150621,-0.38268735858145936
2,1,504970.1976963226,-0.16239999,1.7151958,-0.38291313808232463
2,1,504975.19789259695,-0.16239999,1.7149667,-0.3831389166367857
2,1,504980.1980888713,-0.16239999,1.7148904,-0.3833646932670118
2,1,504985.1982851457,-0.16239999,1.7148904,-0.38359046777628275
2,1,504990.19848142006,-0.16239999,1.7147375,-0.3838162446767712
2,1,504995.1986776944,-0.16239999,1.7146612,-0.38404201778385455
2,1,505000.1988739688,-0.16239999,1.7146612,-0.3842677893644281
2,1,505005.19907024316,-0.16239999,1.7145658,-0.3844935611452965
2,1,505010.19926651753,-0.16239999,1.7146231,-0.3847193315667079
2,1,505015.1994627919,-0.16239999,1.7144512,-0.3849451037112416
2,1,505020.1996590663,-0.16239999,1.7145848,-0.38517087512840736
2,1,505025.19985534064,-0.16239999,1.7145085,-0.3853966468013458
2,1,505030.200051615,-0.16239999,1.7144895,-0.3856224186692758
2,1,505035.2002478894,-0.16239999,1.714413,-0.385848190403795
2,1,505040.20044416375,-0.16239999,1.7143558,-0.3860739615609529
2,1,505045.2006404381,-0.16239999,1.7142413,-0.3862997331011816
2,1,505050.2008367125,-0.16239999,1.7140312,-0.38652550326811763
2,1,505055.20103298686,-0.16239999,1.7140503,-0.38675127366439827
2,1,505060.20122926123,-0.16239999,1.7138404,-0.38697704342736877
2,1,505065.2014255356,-0.16239999,1.7139931,-0.3872028131999199
2,1,505070.20162181,-0.16239999,1.7139359,-0.3874285848246978
2,1,505075.20181808434,-0.16239999,1.7136494,-0.387654357443422
2,1,505080.2020143587,-0.16239999,1.7137449,-0.3878801295664095
2,1,505085.2022106331,-0.16239999,1.7136877,-0.3881058989348891
2,1,505090.20240690745,-0.16239999,1.7136494,-0.38833166720526247
2,1,505095.2026031818,-0.16239999,1.7134776,-0.38855743409429405
2,1,505100.2027994562,-0.16239999,1.7134395,-0.3887832020590082
2,1,505105.20299573056,-0.16239999,1.7134585,-0.38900897058568645
2,1,505110.20319200493,-0.16239999,1.7134585,-0.3892347404367261
2,1,505115.2033882793,-0.16239999,1.7132868,-0.38946051027849565
2,1,505120.2035845537,-0.16239999,1.7132485,-0.3896862827720717
2,1,505125.20378082804,-0.16239999,1.7132294,-0.38991205458474826
2,1,505130.2039771024,-0.16239999,1.7130958,-0.39013782676692393
2,1,505135.2041733768,-0.16239999,1.7132485,-0.39036359998382136
2,1,505140.20436965115,-0.16239999,1.7130767,-0.39058937331834526
2,1,505145.2045659255,-0.16239999,1.7130576,-0.39081514565613873
2,1,505150.2047621999,-0.16239999,1.7130767,-0.39104091863907464
2,1,505155.20495847426,-0.16239999,1.7130576,-0.391266694425044
2,1,505160.20515474863,-0.16239999,1.7129431,-0.39149246936248744
2,1,505165.205351023,-0.16239999,1.7127904,-0.39171824345881
2,1,505170.2055472974,-0.16239999,1.7127904,-0.3919440188562854
2,1,505175.20574357174,-0.16239999,1.7127522,-0.3921697957204018
2,1,505180.2059398461,-0.16239999,1.7126949,-0.3923955752887519
2,1,505185.2061361205,-0.16239999,1.7125231,-0.3926213573373457
2,1,505190.20633239485,-0.16239999,1.712485,-0.3928471383941298
2,1,505195.2065286692,-0.16239999,1.7123322,-0.39307291914899406
2,1,505200.2067249436,-0.16239999,1.712485,-0.3932986966457028
2,1,505205.20692121796,-0.16239999,1.712485,-0.3935244721028317
2,1,505210.20711749233,-0.16239999,1.7123895,-0.3937502447993847
2,1,505215.2073137667,-0.16239999,1.7123322,-0.3939760206925439
2,1,505220.2075100411,-0.16239999,1.7122368,-0.3942018033666661
2,1,505225.20770631544,-0.16239999,1.7122177,-0.3944275887458466
2,1,505230.2079025898,-0.16239999,1.7121222,-0.39465336587392963
2,1,505235.2080988642,-0.16239999,1.712065,-0.394879138429992
2,1,505240.20829513855,-0.16239999,1.7118931,-0.3951049097996322
2,1,505245.2084914129,-0.16239999,1.7118359,-0.39533068259564136
2,1,505250.2086876873,-0.16239999,1.7117786,-0.39555645467718287
2,1,505255.20888396166,-0.16239999,1.7118931,-0.39578222809137165
2,1,505260.20908023603,-0.16239999,1.7117594,-0.3960080013632262
2,1,505265.2092765104,-0.16239999,1.7117594,-0.39623377658658404
2,1,505270.2094727848,-0.16239999,1.7117977,-0.39645954941461414
2,1,505275.20966905914,-0.16239999,1.7117213,-0.39668532507108084
2,1,505280.2098653335,-0.16239999,1.7118168,-0.39691110401146873
2,1,505285.2100616079,-0.16239999,1.7114731,-0.39713688414066795
2,1,505290.21025788225,-0.16239999,1.7116067,-0.3973626625343786
2,1,505295.2104541566,-0.16239999,1.7113777,-0.39758844423962975
2,1,505300.210650431,-0.16239999,1.7113587,-0.39781422399699945
2,1,505305.21084670536,-0.16239999,1.7115114,-0.3980399993918713
2,1,505310.2110429802,-0.16239999,1.711225,-0.3982657751021444
2,1,505315.21123925503,-0.16239999,1.7111677,-0.3984915524354056
2,1,505320.21143552987,-0.16239999,1.7111868,-0.398717328600386
2,1,505325.2116318047,-0.16239999,1.7110914,-0.3989431053863797
2,1,505330.21182807954,-0.16239999,1.7111105,-0.39916888150911944
2,1,505335.2120243544,-0.16239999,1.7109004,-0.39939465451251305
2,1,505340.2122206292,-0.16239999,1.711034,-0.3996204276039849
2,1,505345.21241690405,-0.16239999,1.7108814,-0.39984619922284537
2,1,505350.2126131789,-0.16239999,1.7108049,-0.40007196807787904
2,1,505355.2128094537,-0.16239999,1.7107859,-0.40029773926889073
2,1,505360.21300572855,-0.16239999,1.7104995,-0.40052351020766636
2,1,505365.2132020034,-0.16239999,1.710404,-0.4007492850418928
2,1,505370.2133982782,-0.16239999,1.7104995,-0.4009750617845614
2,1,505375.21359455306,-0.16239999,1.7103659,-0.401200839735965
2,1,505380.2137908279,-0.16239999,1.710595,-0.40142662045579575
2,1,505385.21398710273,-0.16239999,1.7103277,-0.401652401820312
2,1,505390.21418337757,-0.16239999,1.7102513,-0.4018781821807251
2,1,505395.2143796524,-0.16239999,1.7100414,-0.40210396407309096
2,1,505400.21457592724,-0.16239999,1.7100986,-0.4023297451523692
2,1,505405.2147722021,-0.16239999,1.7100031,-0.40255552396299366
2,1,505410.2149684767,-0.16239999,1.7100605,-0.40278130108176924
2,1,505415.2151647513,-0.16239999,1.7099459,-0.4030070806834781
2,1,505420.2153610259,-0.16239999,1.7099459,-0.40323286092250965
2,1,505425.2155573005,-0.16239999,1.7097741,-0.4034586416601117
2,1,505430.2157535751,-0.16239999,1.7098696,-0.4036844188673911
2,1,505435.2159498497,-0.16239999,1.7096214,-0.4039101973811008
2,1,505440.2161461243,-0.16239999,1.7097741,-0.4041359780691002
2,1,505445.2163423989,-0.16239999,1.709545,-0.40436175887144776
2,1,505450.2165386735,-0.16239999,1.7096214,-0.4045875392812814
2,1,505455.21673494764,-0.16239999,1.7096024,-0.4048133197276419
2,1,505460.21693122236,-0.16239999,1.7093923,-0.4050391004463534
2,1,505465.2171274971,-0.16239999,1.7093923,-0.40526488113579734
2,1,505470.2173237718,-0.16239999,1.7092396,-0.40549066031190006
2,1,505475.2175200465,-0.16239999,1.7093923,-0.40571643886379316
2,1,505480.21771632123,-0.16239999,1.7092587,-0.40594221935331076
2,1,505485.21791259595,-0.16239999,1.7093542,-0.406167999345238
2,1,505490.2181088707,-0.16239999,1.7092396,-0.40639377654464626
2,1,505495.2183051454,-0.16239999,1.7091441,-0.40661955560526003
2,1,505500.2185014201,-0.16239999,1.709125,-0.40684533263917183
2,1,505505.2186976948,-0.16239999,1.7090869,-0.40707110838077876
2,1,505510.21889396955,-0.16239999,1.7089723,-0.4072968861138042
2,1,505515.21909024427,-0.16239999,1.7089342,-0.4075226629057551
2,1,505520.2192865189,-0.16239999,1.708915,-0.4077484362515757
2,1,505525.21948279365,-0.16239999,1.7089533,-0.4079742106299756
2,1,505530.21967906837,-0.16239999,1.7087051,-0.40819998563186155
2,1,505535.219875343,-0.16239999,1.7085905,-0.4084257608849861
2,1,505540.22007161775,-0.16239999,1.7086287,-0.408651535368839
2,1,505545.22026789247,-0.16239999,1.7086669,-0.4088773098721918
2,1,505550.2204641672,-0.16239999,1.7083042,-0.40910308396329725
2,1,505555.2206604419,-0.16239999,1.7085524,-0.4093288577878425
2,1,505560.2208567166,-0.16239999,1.7084378,-0.4095546339079216
2,1,505565.2210529912,-0.16239999,1.7084378,-0.4097804114304673
2,1,505570.2212492658,-0.16239999,1.7083042,-0.41000618620483653
2,1,505575.22144554043,-0.16239999,1.7083806,-0.41023196207881213
2,1,505580.22164181527,-0.16239999,1.7081133,-0.4104577394470464
2,1,505585.22183808987,-0.16239999,1.7081324,-0.4106835193317366
2,1,505590.2220343645,-0.16239999,1.7079605,-0.4109092994815226
2,1,505595.2222306391,-0.16239999,1.708075,-0.41113507681189054
2,1,505600.2224269137,-0.16239999,1.708075,-0.4113608532436555
2,1,505605.2226231883,-0.16239999,1.7076932,-0.4115866299219014
2,1,505610.2228194629,-0.16239999,1.7076932,-0.41181240405721947
2,1,505615.2230157377,-0.16239999,1.7077887,-0.41203817861707576
2,1,505620.22321201256,-0.16239999,1.707846,-0.4122639492525167
2,1,505625.2234082874,-0.16239999,1.7078651,-0.4124897225580843
2,1,505630.2236045622,-0.16239999,1.7077696,-0.41271549697505583
2,1,505635.22380083706,-0.16239999,1.7076741,-0.41294127193946706
2,1,505640.2239971119,-0.16239999,1.7076932,-0.41316704950018623
2,1,505645.22419338673,-0.16239999,1.7075405,-0.4133928259077898
2,1,505650.22438966157,-0.16239999,1.7074833,-0.4136186034558016
2,1,505655.2245859364,-0.16239999,1.7074069,-0.4138443831261295
2,1,505660.22478221124,-0.16239999,1.7073115,-0.4140701639189188
2,1,505665.2249784861,-0.16239999,1.7072351,-0.41429594393399916
2,1,505670.2251747609,-0.16239999,1.7072732,-0.4145217236245703
2,1,505675.22537103575,-0.16239999,1.7072351,-0.41474750632271395
2,1,505680.2255673106,-0.16239999,1.7070633,-0.41497328957458146
2,1,505685.2257635854,-0.16239999,1.7069297,-0.41519907273484324
2,1,505690.22595986025,-0.16239999,1.7068915,-0.41542485682431746
2,1,505695.2261561351,-0.16239999,1.7067387,-0.41565063961974175
2,1,505700.2263524099,-0.16239999,1.7066815,-0.41587642227243443
2,1,505705.22654868476,-0.16239999,1.7066624,-0.41610220693826816
2,1,505710.22674495913,-0.16239999,1.706586,-0.41632798948071126
2,1,505715.2269412335,-0.16239999,1.7064906,-0.4165537725196619
2,1,505720.22713750787,-0.16239999,1.7065479,-0.4167795506812489
2,1,505725.22733378224,-0.16239999,1.7061851,-0.4170053307113653
2,1,505730.2275300566,-0.16239999,1.7063378,-0.4172311114888445
2,1,505735.227726331,-0.16239999,1.7062234,-0.4174568913237119
2,1,505740.22792260535,-0.16239999,1.7061851,-0.41768267213476173
2,1,505745.2281188797,-0.16239999,1.7061279,-0.41790845416771427
2,1,505750.2283151541,-0.16239999,1.7060705,-0.4181342359484001
2,1,505755.22851142846,-0.16239999,1.7059752,-0.4183600149330536
2,1,505760.22870770283,-0.16239999,1.7058606,-0.4185857955944561
2,1,505765.2289039772,-0.16239999,1.7058225,-0.4188115740202978
2,1,505770.22910025157,-0.16239999,1.705746,-0.41903735287781124
2,1,505775.22929652594,-0.16239999,1.7056888,-0.41926313038312213
2,1,505780.2294928003,-0.16239999,1.7056696,-0.4194889089701033
2,1,505785.2296890747,-0.16239999,1.7056315,-0.41971468427161773
2,1,505790.22988534905,-0.16239999,1.705536,-0.41994046575179844
2,1,505795.2300816234,-0.16239999,1.7054788,-0.4201662478781589
2,1,505800.2302778978,-0.16239999,1.7053642,-0.4203920299350634
2,1,505805.23047417216,-0.16239999,1.7052689,-0.42061781166504886
2,1,505810.23067044653,-0.16239999,1.705307,-0.4208435929754987
2,1,505815.2308667209,-0.16239999,1.7053452,-0.42106937184406884
2,1,505820.23106299527,-0.16239999,1.7052497,-0.4212951499087503
2,1,505825.23125926964,-0.16239999,1.7051734,-0.4215209276910116
2,1,505830.231455544,-0.16239999,1.7051924,-0.4217467040380784
2,1,505835.2316518184,-0.16239999,1.704868,-0.42197248198811277
2,1,505840.23184809275,-0.16239999,1.7047725,-0.42219826143805583
2,1,505845.2320443671,-0.16239999,1.7050397,-0.4224240419685864
2,1,505850.2322406415,-0.16239999,1.7049252,-0.42264982168212106
2,1,505855.23243691586,-0.16239999,1.704677,-0.422875603936812
2,1,505860.23263319023,-0.16239999,1.7047725,-0.42310138430963445
2,1,505865.2328294646,-0.16239999,1.7046007,-0.4233271626910053
2,1,505870.23302573897,-0.16239999,1.7045624,-0.4235529403116412
2,1,505875.23322201334,-0.16239999,1.7045052,-0.42377871663260697
2,1,505880.2334182877,-0.16239999,1.7044479,-0.42400449212312025
2,1,505885.2336145621,-0.16239999,1.7042952,-0.4242302664449073
2,1,505890.23381083645,-0.16239999,1.7043716,-0.424456042266935
2,1,505895.2340071108,-0.16239999,1.7042379,-0.4246818197506309
2,1,505900.2342033852,-0.16239999,1.7043334,-0.42490759617657037
2,1,505905.23439965956,-0.16239999,1.7041806,-0.42513337220305525
2,1,505910.2345959339,-0.16239999,1.7042189,-0.4253591469458854
2,1,505915.2347922083,-0.16239999,1.7039135,-0.42558491707186225
2,1,505920.23498848267,-0.16239999,1.7038561,-0.4258106908005765
2,1,505925.23518475704,-0.16239999,1.703818,-0.4260364644114093
2,1,505930.2353810314,-0.16239999,1.7038752,-0.4262622392094573
2,1,505935.2355773058,-0.16239999,1.7037989,-0.4264880137477276
2,1,505940.23577358015,-0.16239999,1.7036653,-0.42671378603112853
2,1,505945.2359698545,-0.16239999,1.7035125,-0.4269395583219726
2,1,505950.2361661289,-0.16239999,1.7035125,-0.427165331910654
2,1,505955.23636240326,-0.16239999,1.7034361,-0.4273911057083697
2,1,505960.2365586776,-0.16239999,1.7035507,-0.42761687806981874
2,1,505965.236754952,-0.16239999,1.7035316,-0.42784264951071627
2,1,505970.23695122637,-0.16239999,1.7032644,-0.4280684252991948
2,1,505975.23714750074,-0.16239999,1.7032453,-0.4282942011222755
2,1,505980.2373437751,-0.16239999,1.7031498,-0.42851997825281224
2,1,505985.2375400495,-0.16239999,1.7030925,-0.42874575664089026
2,1,505990.23773632385,-0.16239999,1.7030734,-0.42897153527768933
2,1,505995.2379325982,-0.16239999,1.7030925,-0.4291973145694524
2,1,506000.2381288726,-0.16239999,1.7028825,-0.4294230946478006
2,1,506005.23832514696,-0.16239999,1.7029588,-0.4296488754462118
2,1,506010.2385214213,-0.16239999,1.7029207,-0.42987465901121974
2,1,506015.2387176957,-0.16239999,1.7028061,-0.43010044025789596
2,1,506020.23891397007,-0.16239999,1.7028252,-0.430326223106144
2,1,506025.23911024444,-0.16239999,1.7026534,-0.43055200365935
2,1,506030.2393065188,-0.16239999,1.7026725,-0.43077778333571204
2,1,506035.2395027932,-0.16239999,1.7026343,-0.4310035633375585
2,1,506040.23969906755,-0.16239999,1.7025579,-0.43122934199680124
2,1,506045.2398953419,-0.16239999,1.7025198,-0.43145512081648973
2,1,506050.2400916163,-0.16239999,1.7024816,-0.43168089783202346
2,1,506055.24028789066,-0.16239999,1.7022908,-0.43190667490440177
2,1,506060.240484165,-0.16239999,1.7023289,-0.4321324505983573
2,1,506065.2406804394,-0.16239999,1.7021953,-0.43235822622010844
2,1,506070.24087671377,-0.16239999,1.7022334,-0.43258400072838354
2,1,506075.24107298814,-0.16239999,1.7020998,-0.4328097738601796
2,1,506080.2412692625,-0.16239999,1.7019662,-0.43303554680628153
2,1,506085.2414655369,-0.16239999,1.7019662,-0.43326131946921087
2,1,506090.24166181125,-0.16239999,1.7017753,-0.4334870948026055
2,1,506095.2418580856,-0.16239999,1.7016989,-0.43371286945314697
2,1,506100.24205436,-0.16239999,1.701737,-0.43393864312600916
2,1,506105.2422506348,-0.16239999,1.7016989,-0.43416441735400996
2,1,506110.24244690966,-0.16239999,1.7016608,-0.4343901942276465
2,1,506115.2426431845,-0.16239999,1.7015462,-0.43461596688028664
2,1,506120.24283945933,-0.16239999,1.7013171,-0.43484173795233577
2,1,506125.24303573417,-0.16239999,1.7012408,-0.4350675112416586
2,1,506130.243232009,-0.16239999,1.7013171,-0.43529328311521714
2,1,506135.24342828384,-0.16239999,1.7011834,-0.4355190525993215
2,1,506140.2436245587,-0.16239999,1.7010881,-0.4357448226987296
2,1,506145.2438208335,-0.16239999,1.7012025,-0.43597059416137457
2,1,506150.24401710834,-0.16239999,1.7009735,-0.4361963655275163
2,1,506155.2442133832,-0.16239999,1.7009162,-0.4364221368417465
2,1,506160.244409658,-0.16239999,1.700859,-0.43664790937492237
2,1,506165.24460593285,-0.16239999,1.7008971,-0.43687368256381803
2,1,506170.2448022077,-0.16239999,1.7007253,-0.43709945387664506
2,1,506175.2449984825,-0.16239999,1.7008017,-0.43732522588252015
2,1,506180.24519475736,-0.16239999,1.7005535,-0.43755099668823416
2,1,506185.2453910322,-0.16239999,1.7005345,-0.4377767680919459
2,1,506190.24558730656,-0.16239999,1.7005917,-0.43800254047368536
2,1,506195.2457835814,-0.16239999,1.7005726,-0.43822831349290314
2,1,506200.24597985623,-0.16239999,1.7004008,-0.43845408595382657
2,1,506205.24617613084,-0.16239999,1.7004008,-0.4386798624802437
2,1,506210.24637240544,-0.16239999,1.7001717,-0.43890564221569633
2,1,506215.24656868004,-0.16239999,1.7001336,-0.4391314190935425
2,1,506220.24676495465,-0.16239999,1.7002099,-0.4393571950535218
2,1,506225.24696122925,-0.16239999,1.7002099,-0.4395829705440135
2,1,506230.24715750385,-0.16239999,1.7001144,-0.4398087462113647
2,1,506235.24735377845,-0.16239999,1.7000571,-0.44003452303644003
2,1,506240.24755005306,-0.16239999,1.6999426,-0.4402603028186144
2,1,506245.24774632766,-0.16239999,1.699809,-0.44048608250821447
2,1,506250.24794260226,-0.16239999,1.6997708,-0.4407118621357338
2,1,506255.248138877,-0.16239999,1.6996944,-0.44093764280462083
2,1,506260.2483351517,-0.16239999,1.6995035,-0.44116342178999784
2,1,506265.2485314264,-0.16239999,1.6997135,-0.4413891976289822
2,1,506270.24872770114,-0.16239999,1.6996372,-0.4416149770342847
2,1,506275.24892397586,-0.16239999,1.6996372,-0.4418407554779316
2,1,506280.2491202506,-0.16239999,1.6994654,-0.44206653195527595
2,1,506285.2493165253,-0.16239999,1.6994654,-0.44229230685163357
2,1,506290.2495128,-0.16239999,1.6993127,-0.44251808072183185
2,1,506295.24970907473,-0.16239999,1.699179,-0.4427438559741401
2,1,506300.24990534945,-0.16239999,1.6991408,-0.4429696313644373
2,1,506305.2501016242,-0.16239999,1.6989881,-0.44319540739911034
2,1,506310.2502978989,-0.16239999,1.6990262,-0.4434211832795067
2,1,506315.25049417355,-0.16239999,1.6988544,-0.44364695997412157
2,1,506320.2506904485,-0.16239999,1.6988354,-0.44387273691177354
2,1,506325.2508867232,-0.16239999,1.6988926,-0.4440985141124252
2,1,506330.2510829979,-0.16239999,1.6989309,-0.4443242902330531
2,1,506335.2512792726,-0.16239999,1.6986827,-0.4445500673773444
2,1,506340.2514755473,-0.16239999,1.6987399,-0.4447758478830645
2,1,506345.25167182204,-0.16239999,1.6985872,-0.44500162631535756
2,1,506350.25186809676,-0.16239999,1.6986636,-0.44522740600387645
2,1,506355.2520643715,-0.16239999,1.6984917,-0.44545318098616743
2,1,506360.2522606461,-0.16239999,1.6984535,-0.4456789577419143
2,1,506365.2524569207,-0.16239999,1.698339,-0.4459047342840273
2,1,506370.2526531953,-0.16239999,1.6983008,-0.4461305116608339
2,1,506375.2528494699,-0.16239999,1.6982436,-0.44635628795879145
2,1,506380.25304574426,-0.16239999,1.6981481,-0.44658206272850165
2,1,506385.25324201887,-0.16239999,1.6982244,-0.44680783691575443
2,1,506390.25343829347,-0.16239999,1.69811,-0.4470336109154686
2,1,506395.2536345681,-0.16239999,1.6978999,-0.4472593852070974
2,1,506400.2538308427,-0.16239999,1.6977663,-0.4474851624964573
2,1,506405.2540271175,-0.16239999,1.6977472,-0.4477109412386366
2,1,506410.25422339235,-0.16239999,1.6976517,-0.4479367194985911
2,1,506415.2544196672,-0.16239999,1.69769,-0.4481624966757958
2,1,506420.254615942,-0.16239999,1.6975754,-0.44838827082460186
2,1,506425.25481221685,-0.16239999,1.6975372,-0.4486140423743226
2,1,506430.2550084917,-0.16239999,1.697499,-0.4488398136428245
2,1,506435.2552047665,-0.16239999,1.6974227,-0.44906558405365193
2,1,506440.25540104136,-0.16239999,1.6974227,-0.44929135539008735
2,1,506445.2555973162,-0.16239999,1.6971936,-0.4495171278075466
2,1,506450.25579359103,-0.16239999,1.6972699,-0.44974289922289945
2,1,506455.25598986587,-0.16239999,1.6970981,-0.44996867022069525
2,1,506460.25618614024,-0.16239999,1.6970791,-0.4501944396935203
2,1,506465.2563824151,-0.16239999,1.6969836,-0.450420209511342
2,1,506470.2565786899,-0.16239999,1.6969454,-0.45064598151076984
2,1,506475.25677496474,-0.16239999,1.6967163,-0.45087175533116514
2,1,506480.2569712396,-0.16239999,1.6967736,-0.4510975290550017
2,1,506485.2571675144,-0.16239999,1.6968118,-0.45132330270124466
2,1,506490.25736378925,-0.16239999,1.6965827,-0.45154907580900433
2,1,506495.2575600641,-0.16239999,1.6966017,-0.45177485104506704
2,1,506500.2577563389,-0.16239999,1.6965064,-0.45200063108015387
2,1,506505.25795261376,-0.16239999,1.6963537,-0.4522264077864297
2,1,506510.2581488881,-0.16239999,1.6961627,-0.4524521837973594
2,1,506515.2583451625,-0.16239999,1.69622,-0.45267795818287293
2,1,506520.25854143687,-0.16239999,1.6963346,-0.4529037330944504
2,1,506525.25873771124,-0.16239999,1.6962391,-0.45312950542844904
2,1,506530.2589339856,-0.16239999,1.6961246,-0.4533552772931207
2,1,506535.25913026,-0.16239999,1.6961818,-0.453581050647531
2,1,506540.25932653435,-0.16239999,1.6959337,-0.4538068243985092
2,1,506545.2595228087,-0.16239999,1.6958764,-0.45403259872486595
2,1,506550.2597190831,-0.16239999,1.6957618,-0.4542583701433323
2,1,506555.25991535746,-0.16239999,1.6956282,-0.45448414189623454
2,1,506560.2601116318,-0.16239999,1.6956855,-0.45470991465400895
2,1,506565.2603079062,-0.16239999,1.6957046,-0.45493568793741357
2,1,506570.26050418057,-0.16239999,1.695571,-0.4551614591544874
2,1,506575.26070045494,-0.16239999,1.6954945,-0.4553872284025566
2,1,506580.2608967293,-0.16239999,1.6953992,-0.4556130000641436
2,1,506585.2610930037,-0.16239999,1.6952655,-0.455838772762503
2,1,506590.26128927805,-0.16239999,1.6950746,-0.45606454703049276
2,1,506595.2614855524,-0.16239999,1.6950364,-0.4562903221529275
2,1,506600.2616818268,-0.16239999,1.6951127,-0.4565160999175575
2,1,506605.26187810116,-0.16239999,1.6949028,-0.4567418777758959
2,1,506610.2620743755,-0.16239999,1.6948646,-0.4569676572353881
2,1,506615.2622706499,-0.16239999,1.6945974,-0.4571934343220285
2,1,506620.26246692427,-0.16239999,1.6946546,-0.457419210823473
2,1,506625.26266319863,-0.16239999,1.6945974,-0.45764498602938153
2,1,506630.262859473,-0.16239999,1.6945591,-0.4578707598174686
2,1,506635.2630557474,-0.16239999,1.694521,-0.45809653011788676
2,1,506640.26325202174,-0.16239999,1.6944064,-0.45832230126891615
2,1,506645.2634482961,-0.16239999,1.6943492,-0.4585480736073984
2,1,506650.2636445705,-0.16239999,1.6942537,-0.45877384805829163
2,1,506655.26384084485,-0.16239999,1.6941582,-0.4589996216038201
2,1,506660.2640371192,-0.16239999,1.694311,-0.4592253994233244
2,1,506665.2642333936,-0.16239999,1.694311,-0.45945117530694524
2,1,506670.26442966796,-0.16239999,1.6940438,-0.4596769513723768
2,1,506675.26462594233,-0.16239999,1.6939483,-0.45990272835612467
2,1,506680.2648222167,-0.16239999,1.6938909,-0.4601285044488055
2,1,506685.2650184911,-0.16239999,1.6938909,-0.4603542782448125
2,1,506690.26521476544,-0.16239999,1.693681,-0.460580051090046
2,1,506695.2654110398,-0.16239999,1.6935855,-0.4608058217259547
2,1,506700.2656073142,-0.16239999,1.6934901,-0.4610315912492094
2,1,506705.26580358855,-0.16239999,1.6935664,-0.46125736438982196
2,1,506710.2659998629,-0.16239999,1.6935283,-0.4614831383697764
2,1,506715.2661961373,-0.16239999,1.693261,-0.46170891534426733
2,1,506720.26639241166,-0.16239999,1.6932992,-0.4619346922023355
2,1,506725.26658868603,-0.16239999,1.6932801,-0.46216047229332985
2,1,506730.2667849604,-0.16239999,1.6931655,-0.46238625000726197
2,1,506735.2669812348,-0.16239999,1.6931846,-0.4626120256757423
2,1,506740.26717750914,-0.16239999,1.69307,-0.462837800934771
2,1,506745.2673737835,-0.16239999,1.6928983,-0.46306357488862604
2,1,506750.2675700579,-0.16239999,1.6929364,-0.4632893512407667
2,1,506755.26776633225,-0.16239999,1.6927265,-0.46351512864767114
2,1,506760.2679626066,-0.16239999,1.692822,-0.4637409079107503
2,1,506765.268158881,-0.16239999,1.692822,-0.4639666886851193
2,1,506770.26835515536,-0.16239999,1.6927837,-0.46419247317327494
2,1,506775.26855142973,-0.16239999,1.692631,-0.4644182568189959
2,1,506780.2687477041,-0.16239999,1.692631,-0.46464403921772557
2,1,506785.2689439785,-0.16239999,1.6926119,-0.46486982041670233
2,1,506790.26914025284,-0.16239999,1.6925547,-0.4650956001232558
2,1,506795.2693365272,-0.16239999,1.6924592,-0.4653213807638488
2,1,506800.2695328016,-0.16239999,1.6923828,-0.46554715861829143
2,1,506805.26972907595,-0.16239999,1.6923065,-0.46577294015617526
2,1,506810.2699253503,-0.16239999,1.692192,-0.46599872291936334
2,1,506815.2701216247,-0.16239999,1.6920774,-0.4662245048430664
2,1,506820.27031789906,-0.16239999,1.6920393,-0.46645028649271886
2,1,506825.27051417343,-0.16239999,1.6918675,-0.4666760672491916
2,1,506830.2707104478,-0.16239999,1.6918292,-0.46690184711763044
2,1,506835.2709067222,-0.16239999,1.6917146,-0.46712762653298956
2,1,506840.27110299654,-0.16239999,1.6915047,-0.4673534017449869
2,1,506845.2712992709,-0.16239999,1.6915619,-0.46757917856339976
2,1,506850.2714955453,-0.16239999,1.6914666,-0.4678049561584636
2,1,506855.27169181965,-0.16239999,1.6915047,-0.4680307306054809
2,1,506860.271888094,-0.16239999,1.6913711,-0.4682565053868694
2,1,506865.2720843684,-0.16239999,1.6912565,-0.46848228000473674
2,1,506870.27228064276,-0.16239999,1.691142,-0.4687080546513236
2,1,506875.27247691713,-0.16239999,1.6911038,-0.46893382757358115
2,1,506880.2726731915,-0.16239999,1.6910465,-0.4691596016101476
2,1,506885.2728694659,-0.16239999,1.6910657,-0.4693853744868722
2,1,506890.27306574024,-0.16239999,1.6909893,-0.4696111498411665
2,1,506895.2732620146,-0.16239999,1.6907792,-0.4698369272752688
2,1,506900.27345828945,-0.16239999,1.6908938,-0.4700627021224915
2,1,506905.2736545643,-0.16239999,1.6905311,-0.4702884798460456
2,1,506910.2738508391,-0.16239999,1.6906838,-0.4705142584528015
2,1,506915.27404711396,-0.16239999,1.6905502,-0.4707400420005001
2,1,506920.2742433888,-0.16239999,1.6904166,-0.4709658231505713
2,1,506925.2744396636,-0.16239999,1.6903592,-0.47119160592539716
2,1,506930.274635938,-0.16239999,1.6902448,-0.47141738984423737
2,1,506935.27483221283,-0.16239999,1.6903402,-0.47164317192885474
2,1,506940.27502848767,-0.16239999,1.690092,-0.4718689536061985
2,1,506945.2752247625,-0.16239999,1.690092,-0.4720947364380967
2,1,506950.27542103734,-0.16239999,1.6900157,-0.4723205175662598
2,1,506955.2756173122,-0.16239999,1.6899583,-0.4725462976222786
2,1,506960.275813587,-0.16239999,1.6899583,-0.4727720768519651
2,1,506965.27600986185,-0.16239999,1.6898056,-0.47299785829252117
2,1,506970.2762061367,-0.16239999,1.6898056,-0.47322363992424255
2,1,506975.2764024115,-0.16239999,1.6897293,-0.47344942411663743
2,1,506980.27659868635,-0.16239999,1.6896338,-0.4736752081537001
2,1,506985.2767949612,-0.16239999,1.6895193,-0.47390099048885564
2,1,506990.276991236,-0.16239999,1.6895193,-0.4741267712175443
2,1,506995.27718751086,-0.16239999,1.6893094,-0.4743525520515064
2,1,507000.27738378546,-0.16239999,1.6894238,-0.4745783331760709
2,1,507005.27758006006,-0.16239999,1.6894621,-0.4748041128765223
2,1,507010.27777633467,-0.16239999,1.6893666,-0.47502989423749786
2,1,507015.27797260927,-0.16239999,1.689252,-0.47525567808981595
2,1,507020.2781688839,-0.16239999,1.6890993,-0.4754814598435265
2,1,507025.2783651585,-0.16239999,1.6890802,-0.4757072442248623
2,1,507030.2785614331,-0.16239999,1.6888702,-0.4759330297140895
2,1,507035.2787577077,-0.16239999,1.6888894,-0.4761588128015062
2,1,507040.2789539823,-0.16239999,1.688813,-0.47638459588955945
2,1,507045.2791502569,-0.16239999,1.6887939,-0.47661037845178056
2,1,507050.2793465316,-0.16239999,1.6887366,-0.4768361585102994
2,1,507055.27954280656,-0.16239999,1.6886029,-0.4770619368377322
2,1,507060.2797390813,-0.16239999,1.6887175,-0.4772877177836268
2,1,507065.279935356,-0.16239999,1.6886221,-0.4775135006954275
2,1,507070.2801316307,-0.16239999,1.6883357,-0.47773928343822913
2,1,507075.28032790544,-0.16239999,1.6883357,-0.4779650625948544
2,1,507080.28052418015,-0.16239999,1.6883166,-0.4781908419050651
2,1,507085.2807204549,-0.16239999,1.6880493,-0.4784166202092372
2,1,507090.2809167296,-0.16239999,1.6880876,-0.47864239793813007
2,1,507095.2811130043,-0.16239999,1.6878585,-0.4788681754177596
2,1,507100.28130927903,-0.16239999,1.6879348,-0.4790939531440762
2,1,507105.28150555375,-0.16239999,1.6878394,-0.47931972816965507
2,1,507110.28170182847,-0.16239999,1.6878011,-0.4795455044346355
2,1,507115.28189810313,-0.16239999,1.687763,-0.47977128267478225
2,1,507120.28209437773,-0.16239999,1.687534,-0.47999706238483913
2,1,507125.2822906524,-0.16239999,1.687553,-0.4802228422996819
2,1,507130.2824869271,-0.16239999,1.6873811,-0.4804486200515424
2,1,507135.28268320183,-0.16239999,1.6873811,-0.48067439798665407
2,1,507140.28287947655,-0.16239999,1.6872475,-0.4809001737223701
2,1,507145.2830757513,-0.16239999,1.6873621,-0.48112595055573626
2,1,507150.2832720259,-0.16239999,1.6872667,-0.4813517286252829
2,1,507155.2834683005,-0.16239999,1.6872475,-0.4815775060088902
2,1,507160.2836645751,-0.16239999,1.6869994,-0.4818032836429612
2,1,507165.2838608497,-0.16239999,1.6868849,-0.4820290584310652
2,1,507170.2840571243,-0.16239999,1.6869421,-0.482254835526614
2,1,507175.2842533989,-0.16239999,1.6867703,-0.48248061328528025
2,1,507180.2844496735,-0.16239999,1.6866367,-0.48270639050707337
2,1,507185.2846459481,-0.16239999,1.6864649,-0.48293216817471
2,1,507190.2848422227,-0.16239999,1.686484,-0.4831579469059651
2,1,507195.2850384973,-0.16239999,1.6864457,-0.48338372557998316
2,1,507200.28523477167,-0.16239999,1.6861403,-0.48360950405652275
2,1,507205.2854310465,-0.16239999,1.6860831,-0.4838352806895362
2,1,507210.28562732134,-0.16239999,1.6860449,-0.4840610590708565
2,1,507215.2858235962,-0.16239999,1.6859494,-0.48428684154967083
2,1,507220.286019871,-0.16239999,1.6860449,-0.4845126281291059
2,1,507225.28621614585,-0.16239999,1.6858921,-0.4847384112964342
2,1,507230.2864124207,-0.16239999,1.6858158,-0.48496419495140214
2,1,507235.2866086955,-0.16239999,1.6857777,-0.485189977249424
2,1,507240.28680497035,-0.16239999,1.6855867,-0.4854157556704857
2,1,507245.2870012452,-0.16239999,1.685453,-0.48564153442259994
2,1,507250.28719752,-0.16239999,1.6854149,-0.48586731414569784
2,1,507255.28739379486,-0.16239999,1.6853194,-0.48609309497199654
2,1,507260.2875900697,-0.16239999,1.6852622,-0.48631887634927895
2,1,507265.28778634453,-0.16239999,1.6853004,-0.4865446556459437
2,1,507270.28798261937,-0.16239999,1.6851667,-0.4867704355236113
2,1,507275.2881788942,-0.16239999,1.6849185,-0.486996214511389
2,1,507280.28837516904,-0.16239999,1.6848804,-0.4872219926280399
2,1,507285.2885714439,-0.16239999,1.6849759,-0.4874477730973358
2,1,507290.2887677187,-0.16239999,1.6848422,-0.48767355571866894
2,1,507295.28896399355,-0.16239999,1.6846894,-0.4878993378290926
2,1,507300.2891602684,-0.16239999,1.6846894,-0.48812512100682354
2,1,507305.28935654275,-0.16239999,1.6846513,-0.48835090561962985
2,1,507310.2895528171,-0.16239999,1.6846322,-0.4885766889416719
2,1,507315.2897490915,-0.16239999,1.6844795,-0.48880247308923414
2,1,507320.28994536586,-0.16239999,1.6844223,-0.4890282570017215
2,1,507325.29014164023,-0.16239999,1.6842694,-0.4892540407673752
2,1,507330.2903379146,-0.16239999,1.6841358,-0.48947982420081093
2,1,507335.290534189,-0.16239999,1.6842694,-0.48970560753623343
2,1,507340.29073046334,-0.16239999,1.6840404,-0.48993138893965166
2,1,507345.2909267377,-0.16239999,1.6840404,-0.49015716717234864
2,1,507350.2911230121,-0.16239999,1.6840022,-0.4903829458140353
2,1,507355.29131928645,-0.16239999,1.6839068,-0.4906087211106116
2,1,507360.2915155608,-0.16239999,1.6837732,-0.49083449681120644
2,1,507365.2917118352,-0.16239999,1.6837732,-0.49106027216865566
2,1,507370.29190810956,-0.16239999,1.6835631,-0.4912860517519045
2,1,507375.29210438393,-0.16239999,1.6835822,-0.49151182961035467
2,1,507380.2923006583,-0.16239999,1.6835059,-0.4917376056593097
2,1,507385.29249693267,-0.16239999,1.6834868,-0.4919633808334332
2,1,507390.29269320704,-0.16239999,1.6833532,-0.492189156441698
2,1,507395.2928894814,-0.16239999,1.6832196,-0.49241492950555965
2,1,507400.2930857558,-0.16239999,1.6832005,-0.49264070309276664
2,1,507405.29328203015,-0.16239999,1.683105,-0.49286647788168525
2,1,507410.2934783045,-0.16239999,1.6831241,-0.49309225078750685
2,1,507415.2936745789,-0.16239999,1.6828568,-0.4933180222870703
2,1,507420.29387085326,-0.16239999,1.6829332,-0.49354379863986825
2,1,507425.29406712763,-0.16239999,1.6827422,-0.4937695762808691
2,1,507430.294263402,-0.16239999,1.682685,-0.49399535684882556
2,1,507435.29445967637,-0.16239999,1.682666,-0.4942211386468191
2,1,507440.29465595074,-0.16239999,1.6824368,-0.49444692000917717
2,1,507445.2948522251,-0.16239999,1.6825705,-0.4946727025296866
2,1,507450.2950484995,-0.16239999,1.6822841,-0.49489848119266205
2,1,507455.29524477385,-0.16239999,1.6821696,-0.495124259371796
2,1,507460.2954410482,-0.16239999,1.6821696,-0.495350036953097
2,1,507465.2956373226,-0.16239999,1.6821505,-0.49557581535634687
2,1,507470.29583359696,-0.16239999,1.6820359,-0.4958015948307154
2,1,507475.29602987133,-0.16239999,1.6818641,-0.4960273722436308
2,1,507480.2962261457,-0.16239999,1.6818641,-0.49625315191297276
2,1,507485.29642242007,-0.16239999,1.6818259,-0.49647892980679414
2,1,507490.29661869444,-0.16239999,1.681635,-0.49670470724792076
2,1,507495.2968149688,-0.16239999,1.6816732,-0.4969304811035722
2,1,507500.2970112432,-0.16239999,1.6815969,-0.4971562553680212
2,1,507505.29720751755,-0.16239999,1.6815205,-0.49738203244289547
2,1,507510.2974037919,-0.16239999,1.6814442,-0.49760780991172915
2,1,507515.2976000663,-0.16239999,1.6812341,-0.49783358681718964
2,1,507520.29779634066,-0.16239999,1.681196,-0.49805936519121835
2,1,507525.29799261503,-0.16239999,1.6811386,-0.4982851466509646
2,1,507530.2981888894,-0.16239999,1.6811577,-0.4985109313616674
2,1,507535.29838516377,-0.16239999,1.6811196,-0.49873671359167454
2,1,507540.29858143814,-0.16239999,1.681005,-0.4989624969837032
2,1,507545.2987777125,-0.16239999,1.6809669,-0.49918827968425344
2,1,507550.2989739869,-0.16239999,1.6808141,-0.49941406110575254
2,1,507555.29917026125,-0.16239999,1.6808714,-0.4996398397548625
2,1,507560.2993665356,-0.16239999,1.6806424,-0.49986561900799925
2,1,507565.29956281,-0.16239999,1.6805469,-0.5000913960171172
2,1,507570.29975908436,-0.16239999,1.6804132,-0.5003171755657754
2,1,507575.2999553587,-0.16239999,1.6802796,-0.5005429539623073
2,1,507580.3001516331,-0.16239999,1.6803559,-0.5007687318008454
2,1,507585.30034790747,-0.16239999,1.6800505,-0.5009945100700336
2,1,507590.30054418184,-0.16239999,1.6800123,-0.5012202895900452
2,1,507595.3007404562,-0.16239999,1.6800123,-0.5014460674749052
2,1,507600.3009367306,-0.16239999,1.6798978,-0.5016718447076275
2,1,507605.30113300495,-0.16239999,1.6798596,-0.5018976212937892
2,1,507610.3013292793,-0.16239999,1.6796879,-0.5021233977056099
2,1,507615.3015255537,-0.16239999,1.6797069,-0.5023491727466504
2,1,507620.30172182806,-0.16239999,1.6796879,-0.5025749463062885
2,1,507625.3019181024,-0.16239999,1.6793823,-0.5028007218883735
2,1,507630.3021143768,-0.16239999,1.6794778,-0.5030264959146755
2,1,507635.30231065117,-0.16239999,1.6794206,-0.503252271370503
2,1,507640.30250692554,-0.16239999,1.6791724,-0.5034780457322533
2,1,507645.3027031999,-0.16239999,1.6792487,-0.5037038208048619
2,1,507650.3028994743,-0.16239999,1.6791724,-0.5039295936140387
2,1,507655.30309574865,-0.16239999,1.6792487,-0.5041553654030795
2,1,507660.303292023,-0.16239999,1.679115,-0.5043811375950857
2,1,507665.3034882974,-0.16239999,1.6790197,-0.5046069113068358
2,1,507670.30368457176,-0.16239999,1.6789814,-0.5048326846866219
2,1,507675.3038808461,-0.16239999,1.6788287,-0.505058456957976
2,1,507680.3040771205,-0.16239999,1.6787906,-0.5052842307026544
2,1,507685.30427339487,-0.16239999,1.6788096,-0.5055100048075409
2,1,507690.30446966924,-0.16239999,1.6784852,-0.5057357782334222
2,1,507695.3046659436,-0.16239999,1.6785614,-0.5059615537299862
2,1,507700.30486221844,-0.16239999,1.6783515,-0.5061873306276707
2,1,507705.3050584933,-0.16239999,1.6782179,-0.5064131063562813
2,1,507710.3052547681,-0.16239999,1.678237,-0.5066388809599736
2,1,507715.30545104295,-0.16239999,1.6781415,-0.5068646560075125
2,1,507720.3056473178,-0.16239999,1.6779506,-0.5070904326257623
2,1,507725.3058435926,-0.16239999,1.6779506,-0.5073162082138989
2,1,507730.30603986746,-0.16239999,1.6778361,-0.5075419853894247
2,1,507735.3062361423,-0.16239999,1.6776451,-0.5077677622397584
2,1,507740.3064324171,-0.16239999,1.6777406,-0.5079935373615648
2,1,507745.30662869196,-0.16239999,1.6775115,-0.508219312895529
2,1,507750.3068249668,-0.16239999,1.6775688,-0.5084450855989001
2,1,507755.30702124164,-0.16239999,1.6775306,-0.5086708585941329
2,1,507760.30721751647,-0.16239999,1.6772443,-0.5088966309980039
2,1,507765.3074137913,-0.16239999,1.6772251,-0.5091224015588165
2,1,507770.30761006614,-0.16239999,1.6772443,-0.5093481734029965
2,1,507775.307806341,-0.16239999,1.6771488,-0.5095739458712936
2,1,507780.3080026158,-0.16239999,1.6770343,-0.5097997187001755
2,1,507785.30819889065,-0.16239999,1.6771297,-0.5100254931096956
2,1,507790.3083951655,-0.16239999,1.6768625,-0.5102512685980474
2,1,507795.3085914403,-0.16239999,1.6769006,-0.5104770433202808
2,1,507800.3087877149,-0.16239999,1.6766906,-0.5107028183952884
2,1,507805.3089839895,-0.16239999,1.6764997,-0.5109285928858824
2,1,507810.3091802641,-0.16239999,1.6766143,-0.511154367032499
2,1,507815.30937653873,-0.16239999,1.6763852,-0.511380142165612
2,1,507820.30957281333,-0.16239999,1.676347,-0.5116059184681665
2,1,507825.30976908794,-0.16239999,1.6761752,-0.5118316946097603
2,1,507830.30996536254,-0.16239999,1.6761179,-0.5120574721354502
2,1,507835.31016163714,-0.16239999,1.6760607,-0.512283248498789
2,1,507840.31035791175,-0.16239999,1.6760033,-0.5125090277073705
2,1,507845.31055418646,-0.16239999,1.675908,-0.5127348044763024
2,1,507850.3107504612,-0.16239999,1.6757553,-0.5129605797572383
2,1,507855.3109467358,-0.16239999,1.6756788,-0.5131863554585384
2,1,507860.3111430105,-0.16239999,1.6756024,-0.5134121321109689
2,1,507865.3113392852,-0.16239999,1.6756979,-0.5136379097637896
2,1,507870.31153555994,-0.16239999,1.675488,-0.5138636892041041
2,1,507875.31173183466,-0.16239999,1.6753925,-0.5140894655561347
2,1,507880.3119281094,-0.16239999,1.6753734,-0.5143152414361295
2,1,507885.3121243841,-0.16239999,1.6752589,-0.5145410184490373
2,1,507890.3123206588,-0.16239999,1.6753734,-0.514766794918181
2,1,507895.31251693354,-0.16239999,1.6753544,-0.5149925693705477
2,1,507900.3127132082,-0.16239999,1.6750488,-0.5152183457424183
2,1,507905.3129094829,-0.16239999,1.6751062,-0.5154441216373649
2,1,507910.31310575764,-0.16239999,1.6748961,-0.5156698975753989
2,1,507915.31330203236,-0.16239999,1.6747243,-0.5158956724600873
2,1,507920.313498307,-0.16239999,1.6747434,-0.5161214480913942
2,1,507925.31369458174,-0.16239999,1.6745907,-0.5163472239622695
2,1,507930.31389085646,-0.16239999,1.6745907,-0.5165729971270129
2,1,507935.3140871307,-0.16239999,1.6746862,-0.5167987699953076
2,1,507940.31428340543,-0.16239999,1.6743616,-0.5170245434470101
2,1,507945.31447968003,-0.16239999,1.6743807,-0.5172503190295248
2,1,507950.31467595464,-0.16239999,1.6742662,-0.517476094390427
2,1,507955.31487222924,-0.16239999,1.6743234,-0.5177018674283722
2,1,507960.31506850384,-0.16239999,1.6740943,-0.5179276373979895
2,1,507965.31526477844,-0.16239999,1.6739607,-0.5181534106822931
2,1,507970.31546105305,-0.16239999,1.6738461,-0.5183791832261075
2,1,507975.31565732765,-0.16239999,1.6736743,-0.5186049530717497
2,1,507980.31585360225,-0.16239999,1.6737508,-0.5188307250656559
2,1,507985.3160498771,-0.16239999,1.6735216,-0.5190564954017242
2,1,507990.3162461517,-0.16239999,1.6735026,-0.5192822665789515
2,1,507995.3164424263,-0.16239999,1.6733499,-0.5195080400582459
2,1,508000.31663870113,-0.16239999,1.6732925,-0.5197338128173209
2,1,508005.31683497597,-0.16239999,1.6731972,-0.5199595855669874
2,1,508010.3170312508,-0.16239999,1.6731398,-0.5201853571426478
2,1,508015.31722752564,-0.16239999,1.6732162,-0.5204111269568791
2,1,508020.3174238005,-0.16239999,1.672949,-0.5206368976634234
2,1,508025.3176200753,-0.16239999,1.6728344,-0.5208626686340709
2,1,508030.31781635014,-0.16239999,1.6727962,-0.521088441198348
2,1,508035.318012625,-0.16239999,1.6726053,-0.5213142156718347
2,1,508040.3182088998,-0.16239999,1.6726817,-0.5215399914184293
2,1,508045.31840517465,-0.16239999,1.672529,-0.5217657637545613
2,1,508050.3186014495,-0.16239999,1.6723571,-0.5219915364529613
2,1,508055.3187977243,-0.16239999,1.6723571,-0.5222173096271618
2,1,508060.31899399916,-0.16239999,1.6720135,-0.5224430780946867
2,1,508065.319190274,-0.16239999,1.6720135,-0.5226688437778476
2,1,508070.3193865488,-0.16239999,1.6719754,-0.5228946111279964
2,1,508075.31958282366,-0.16239999,1.6717463,-0.523120381879846
2,1,508080.3197790985,-0.16239999,1.6718799,-0.5233461531006799
2,1,508085.31997537334,-0.16239999,1.6716317,-0.5235719250191191
2,1,508090.32017164817,-0.16239999,1.6714216,-0.5237976986448324
2,1,508095.320367923,-0.16239999,1.671479,-0.5240234732266877
2,1,508100.3205641974,-0.16239999,1.6712689,-0.5242492476118346
2,1,508105.32076047175,-0.16239999,1.6711162,-0.5244750219640291
2,1,508110.3209567461,-0.16239999,1.6711162,-0.5247007964485699
2,1,508115.3211530205,-0.16239999,1.671059,-0.5249265710084221
2,1,508120.32134929486,-0.16239999,1.6710781,-0.5251523456769625
2,1,508125.3215455692,-0.16239999,1.6708299,-0.5253781229273898
2,1,508130.3217418436,-0.16239999,1.6708299,-0.5256039011690201
2,1,508135.32193811797,-0.16239999,1.6708108,-0.5258296789058992
2,1,508140.32213439234,-0.16239999,1.6705817,-0.5260554584728709
2,1,508145.3223306667,-0.16239999,1.6705245,-0.5262812376518256
2,1,508150.3225269411,-0.16239999,1.67062,-0.5265070188375874
2,1,508155.32272321545,-0.16239999,1.6704099,-0.5267327961864154
2,1,508160.3229194898,-0.16239999,1.6702763,-0.5269585718452837
2,1,508165.3231157642,-0.16239999,1.6701808,-0.5271843447528048
2,1,508170.32331203856,-0.16239999,1.6701999,-0.5274101164536135
2,1,508175.3235083129,-0.16239999,1.6699518,-0.5276358878389785
2,1,508180.3237045873,-0.16239999,1.6700662,-0.5278616589039777
2,1,508185.32390086167,-0.16239999,1.6700472,-0.5280874310652032
2,1,508190.32409713604,-0.16239999,1.6696463,-0.5283132009458722
2,1,508195.3242934104,-0.16239999,1.6697608,-0.5285389754643223
2,1,508200.3244896848,-0.16239999,1.6695509,-0.5287647485073181
2,1,508205.32468595915,-0.16239999,1.6696272,-0.5289905207428449
2,1,508210.3248822335,-0.16239999,1.6693027,-0.5292162942826083
2,1,508215.3250785079,-0.16239999,1.6693027,-0.5294420687027231
2,1,508220.32527478226,-0.16239999,1.6692072,-0.529667842000177
2,1,508225.3254710566,-0.16239999,1.6691117,-0.5298936107888972
2,1,508230.325667331,-0.16239999,1.6690164,-0.5301193841688141
2,1,508235.32586360537,-0.16239999,1.6687491,-0.530345157961201
2,1,508240.32605987974,-0.16239999,1.6688063,-0.5305709356899622
2,1,508245.3262561541,-0.16239999,1.6686345,-0.5307967104673771
2,1,508250.3264524285,-0.16239999,1.6686155,-0.5310224864597176
2,1,508255.32664870284,-0.16239999,1.6685772,-0.5312482646975282
2,1,508260.3268449772,-0.16239999,1.6684628,-0.5314740395348069
2,1,508265.3270412516,-0.16239999,1.66852,-0.5316998115672326
2,1,508270.32723752595,-0.16239999,1.6682527,-0.5319255828811135
2,1,508275.3274338003,-0.16239999,1.6681955,-0.532151351271822
2,1,508280.3276300747,-0.16239999,1.6679854,-0.5323771215555583
2,1,508285.32782634906,-0.16239999,1.6680428,-0.5326028929223822
2,1,508290.32802262343,-0.16239999,1.6679664,-0.5328286626121259
2,1,508295.3282188978,-0.16239999,1.6678709,-0.5330544335321178
2,1,508300.3284151722,-0.16239999,1.6678137,-0.5332802045465523
2,1,508305.32861144654,-0.16239999,1.6675082,-0.5335059770333119
2,1,508310.3288077209,-0.16239999,1.6675273,-0.5337317502828065
2,1,508315.3290039953,-0.16239999,1.667241,-0.5339575218325711
2,1,508320.32920026965,-0.16239999,1.667241,-0.5341832923905889
2,1,508325.329396544,-0.16239999,1.6671455,-0.5344090621386699
2,1,508330.3295928184,-0.16239999,1.6672791,-0.5346348302057119
2,1,508335.32978909276,-0.16239999,1.6672218,-0.5348605977497861
2,1,508340.32998536713,-0.16239999,1.6670119,-0.5350863687483022
2,1,508345.3301816415,-0.16239999,1.6668591,-0.5353121408567685
2,1,508350.3303779159,-0.16239999,1.6666491,-0.5355379123142221
2,1,508355.33057419024,-0.16239999,1.6667827,-0.5357636850462151
2,1,508360.3307704646,-0.16239999,1.6667446,-0.5359894594868306
2,1,508365.330966739,-0.16239999,1.6664964,-0.5362152312036182
2,1,508370.33116301335,-0.16239999,1.6664392,-0.5364410012238482
2,1,508375.3313592877,-0.16239999,1.6661528,-0.5366667725726681
2,1,508380.3315555621,-0.16239999,1.666191,-0.5368925437789122
2,1,508385.33175183646,-0.16239999,1.6661719,-0.5371183145216241
2,1,508390.33194811083,-0.16239999,1.6660955,-0.5373440864755826
2,1,508395.3321443852,-0.16239999,1.6659809,-0.5375698583565711
2,1,508400.3323406596,-0.16239999,1.6658856,-0.5377956294337255
2,1,508405.33253693394,-0.16239999,1.6656755,-0.5380214006126681
2,1,508410.3327332083,-0.16239999,1.6656755,-0.5382471718737881
2,1,508415.3329294827,-0.16239999,1.665561,-0.5384729430357368
2,1,508420.33312575705,-0.16239999,1.665351,-0.5386987162397323
2,1,508425.3333220314,-0.16239999,1.6654273,-0.5389244895916591
2,1,508430.3335183058,-0.16239999,1.6653701,-0.5391502639580064
2,1,508435.33371458016,-0.16239999,1.6653701,-0.5393760402244578
2,1,508440.33391085453,-0.16239999,1.6651983,-0.5396018180219259
2,1,508445.3341071289,-0.16239999,1.6651791,-0.5398275988609692
2,1,508450.3343034033,-0.16239999,1.6649501,-0.5400533794371114
2,1,508455.33449967764,-0.16239999,1.6649501,-0.5402791595423984
2,1,508460.334695952,-0.16239999,1.6649501,-0.54050493786348
2,1,508465.3348922264,-0.16239999,1.6647782,-0.5407307173845554
2,1,508470.33508850075,-0.16239999,1.6647782,-0.540956495546168
2,1,508475.3352847751,-0.16239999,1.6646065,-0.5411822710154554
2,1,508480.3354810495,-0.16239999,1.6646446,-0.5414080457707577
2,1,508485.33567732386,-0.16239999,1.6646065,-0.5416338197421796
2,1,508490.33587359823,-0.16239999,1.6642246,-0.541859591419682
2,1,508495.33606987307,-0.16239999,1.664282,-0.5420853658369863
2,1,508500.3362661479,-0.16239999,1.6641865,-0.5423111407546054
2,1,508505.33646242274,-0.16239999,1.6639956,-0.5425369170256431
2,1,508510.3366586976,-0.16239999,1.6640147,-0.5427626937194897
2,1,508515.3368549724,-0.16239999,1.663671,-0.5429884697548043
2,1,508520.33705124725,-0.16239999,1.663652,-0.5432142436633325
2,1,508525.3372475221,-0.16239999,1.663652,-0.5434400184357886
2,1,508530.3374437969,-0.16239999,1.6635565,-0.5436657929077007
2,1,508535.33764007175,-0.16239999,1.6635565,-0.5438915653059746
2,1,508540.3378363466,-0.16239999,1.6633275,-0.5441173365256197
2,1,508545.3380326214,-0.16239999,1.663251,-0.5443431123915371
2,1,508550.33822889626,-0.16239999,1.663232,-0.5445688899720889
2,1,508555.3384251711,-0.16239999,1.6630602,-0.5447946652397222
2,1,508560.33862144593,-0.16239999,1.6629456,-0.5450204409298448
2,1,508565.33881772077,-0.16239999,1.6629075,-0.5452462149159071
2,1,508570.3390139956,-0.16239999,1.6626974,-0.5454719874589558
2,1,508575.33921027044,-0.16239999,1.662602,-0.5456977617611817
2,1,508580.3394065453,-0.16239999,1.662621,-0.5459235353703836
2,1,508585.3396028201,-0.16239999,1.6623156,-0.5461493091843143
2,1,508590.33979909495,-0.16239999,1.6622393,-0.5463750822593849
2,1,508595.33999536955,-0.16239999,1.6622584,-0.5466008554415246
2,1,508600.34019164415,-0.16239999,1.6619911,-0.546826627001201
2,1,508605.34038791875,-0.16239999,1.6618384,-0.5470523999551509
2,1,508610.34058419336,-0.16239999,1.6619338,-0.5472781751664694
2,1,508615.34078046796,-0.16239999,1.6616474,-0.5475039512644317
2,1,508620.34097674256,-0.16239999,1.6615521,-0.5477297270538962
2,1,508625.34117301716,-0.16239999,1.6615711,-0.5479554999408447
2,1,508630.34136929177,-0.16239999,1.661342,-0.5481812731072346
2,1,508635.34156556637,-0.16239999,1.6612848,-0.5484070450532492
2,1,508640.341761841,-0.16239999,1.6612084,-0.5486328160642184
2,1,508645.3419581157,-0.16239999,1.6611702,-0.548858590874911
2,1,508650.3421543904,-0.16239999,1.6610748,-0.5490843681818973
2,1,508655.34235066513,-0.16239999,1.660903,-0.5493101436206423
2,1,508660.34254693985,-0.16239999,1.6610366,-0.5495359200668548
2,1,508665.34274321457,-0.16239999,1.6607503,-0.5497616955076579
2,1,508670.3429394893,-0.16239999,1.6605784,-0.5499874725581886
2,1,508675.34313576354,-0.16239999,1.6604639,-0.5502132475061531
2,1,508680.34333203826,-0.16239999,1.6603494,-0.5504390220776496
2,1,508685.343528313,-0.16239999,1.6603303,-0.5506647957926762
2,1,508690.3437245877,-0.16239999,1.6603875,-0.5508905677271442
2,1,508695.34392086236,-0.16239999,1.6601012,-0.5511163407570295
2,1,508700.3441171371,-0.16239999,1.6601775,-0.5513421125994397
2,1,508705.3443134118,-0.16239999,1.6600821,-0.5515678843307252
2,1,508710.3445096865,-0.16239999,1.6597384,-0.55179365872473
2,1,508715.34470596124,-0.16239999,1.6597384,-0.5520194343305087
2,1,508720.3449022359,-0.16239999,1.6595666,-0.5522452101012102
2,1,508725.3450985106,-0.16239999,1.6596429,-0.5524709831277238
2,1,508730.34529478534,-0.16239999,1.6596812,-0.5526967558009118
2,1,508735.34549106006,-0.16239999,1.659433,-0.5529225299355031
2,1,508740.3456873348,-0.16239999,1.6594139,-0.5531483049988936
2,1,508745.3458836095,-0.16239999,1.6591467,-0.5533740813749448
2,1,508750.3460798841,-0.16239999,1.659013,-0.5535998596341964
2,1,508755.3462761587,-0.16239999,1.658994,-0.5538256370343242
2,1,508760.3464724333,-0.16239999,1.6589366,-0.5540514132410493
2,1,508765.3466687079,-0.16239999,1.6587648,-0.5542771893017878
2,1,508770.3468649825,-0.16239999,1.6586884,-0.5545029628524248
2,1,508775.3470612571,-0.16239999,1.658574,-0.5547287346750082
2,1,508780.3472575317,-0.16239999,1.6583639,-0.5549545081782844
2,1,508785.3474538063,-0.16239999,1.6582685,-0.5551802816189376
2,1,508790.3476500809,-0.16239999,1.6582875,-0.555406054605973
2,1,508795.34784635575,-0.16239999,1.6580203,-0.5556318276352177
2,1,508800.3480426306,-0.16239999,1.6580967,-0.5558576019576777
2,1,508805.3482389054,-0.16239999,1.657944,-0.5560833756934527
2,1,508810.34843518026,-0.16239999,1.6579058,-0.5563091473264585
2,1,508815.3486314551,-0.16239999,1.6577913,-0.5565349182238694
2,1,508820.34882772993,-0.16239999,1.6577148,-0.5567606898486497
2,1,508825.34902400477,-0.16239999,1.6575812,-0.556986458347741
2,1,508830.3492202796,-0.16239999,1.6572949,-0.5572122272205484
2,1,508835.34941655444,-0.16239999,1.6572758,-0.5574379993874943
2,1,508840.3496128293,-0.16239999,1.6570657,-0.557663770853747
2,1,508845.3498091041,-0.16239999,1.657104,-0.5578895431455927
2,1,508850.35000537895,-0.16239999,1.6570276,-0.558115315257242
2,1,508855.3502016538,-0.16239999,1.6567985,-0.5583410895251473
2,1,508860.3503979286,-0.16239999,1.656684,-0.5585668653811372
2,1,508865.35059420345,-0.16239999,1.6566076,-0.5587926394152118
2,1,508870.3507904783,-0.16239999,1.6563594,-0.5590184131428101
2,1,508875.3509867531,-0.16239999,1.6562831,-0.5592441872983118
2,1,508880.35118302796,-0.16239999,1.6563213,-0.5594699598247648
2,1,508885.3513793028,-0.16239999,1.6561495,-0.5596957333094112
2,1,508890.35157557763,-0.16239999,1.656035,-0.5599215063806813
2,1,508895.351771852,-0.16239999,1.6560159,-0.5601472792240769
2,1,508900.3519681264,-0.16239999,1.6559013,-0.5603730521191184
2,1,508905.35216440074,-0.16239999,1.6557677,-0.5605988239342652
2,1,508910.3523606751,-0.16239999,1.6556913,-0.5608245944034621
2,1,508915.3525569495,-0.16239999,1.6555195,-0.5610503665773693
2,1,508920.35275322385,-0.16239999,1.655424,-0.5612761409278013
2,1,508925.3529494982,-0.16239999,1.6552904,-0.5615019152063502
2,1,508930.3531457726,-0.16239999,1.6553477,-0.5617276891633063
2,1,508935.35334204696,-0.16239999,1.6550804,-0.5619534644265329
2,1,508940.35353832133,-0.16239999,1.6548322,-0.562179237461363
2,1,508945.3537345957,-0.16239999,1.6548322,-0.5624050108020286
2,1,508950.3539308701,-0.16239999,1.6546605,-0.5626307824686415
2,1,508955.35412714444,-0.16239999,1.654565,-0.5628565583090431
2,1,508960.3543234188,-0.16239999,1.6545078,-0.5630823335971722
2,1,508965.3545196932,-0.16239999,1.6544313,-0.5633081109011667
2,1,508970.35471596755,-0.16239999,1.6542022,-0.5635338891268221
2,1,508975.3549122419,-0.16239999,1.6541069,-0.5637596669405225
2,1,508980.3551085163,-0.16239999,1.653954,-0.5639854410914048
2,1,508985.35530479066,-0.16239999,1.6540304,-0.5642112150741615
2,1,508990.35550106503,-0.16239999,1.6538396,-0.5644369888350548
2,1,508995.3556973394,-0.16239999,1.6537441,-0.5646627628517736
2,1,509000.35589361377,-0.16239999,1.6535531,-0.564888538096239
2,1,509005.35608988814,-0.16239999,1.653534,-0.5651143125532193
2,1,509010.3562861625,-0.16239999,1.6534196,-0.5653400898051434
2,1,509015.3564824369,-0.16239999,1.653305,-0.5655658671741773
2,1,509020.35667871125,-0.16239999,1.6531332,-0.5657916445889074
2,1,509025.3568749856,-0.16239999,1.6530378,-0.5660174208624692
2,1,509030.35707126,-0.16239999,1.6527896,-0.5662431953225209
2,1,509035.35726753436,-0.16239999,1.6528087,-0.5664689697829318
2,1,509040.35746380873,-0.16239999,1.6527705,-0.5666947446096398
2,1,509045.3576600831,-0.16239999,1.6527132,-0.5669205167574211
2,1,509050.35785635747,-0.16239999,1.6525414,-0.5671462875085083
2,1,509055.35805263184,-0.16239999,1.6522741,-0.5673720616433462
2,1,509060.3582489062,-0.16239999,1.652236,-0.567597839248369
2,1,509065.3584451806,-0.16239999,1.6520259,-0.5678236177549377
2,1,509070.35864145495,-0.16239999,1.6520641,-0.5680493962707311
2,1,509075.3588377293,-0.16239999,1.6518732,-0.5682751765362272
2,1,509080.3590340037,-0.16239999,1.6516824,-0.5685009570246007
2,1,509085.35923027806,-0.16239999,1.6517396,-0.568726732763792
2,1,509090.35942655243,-0.16239999,1.6515105,-0.568952507549025
2,1,509095.3596228268,-0.16239999,1.6515678,-0.5691782838763726
2,1,509100.35981910117,-0.16239999,1.6513768,-0.5694040601449367
2,1,509105.36001537554,-0.16239999,1.6513196,-0.5696298350749991
2,1,509110.3602116499,-0.16239999,1.6511478,-0.5698556107391398
2,1,509115.3604079243,-0.16239999,1.6509951,-0.5700813839593668
2,1,509120.36060419865,-0.16239999,1.6508232,-0.5703071565479286
2,1,509125.360800473,-0.16239999,1.6507851,-0.5705329324781984
2,1,509130.3609967474,-0.16239999,1.6506896,-0.5707587058874085
2,1,509135.36119302176,-0.16239999,1.6504797,-0.5709844801935121
2,1,509140.36138929613,-0.16239999,1.6504606,-0.5712102544773625
2,1,509145.3615855705,-0.16239999,1.6502696,-0.5714360288065745
2,1,509150.36178184487,-0.16239999,1.6499642,-0.5716618021280201
2,1,509155.36197811924,-0.16239999,1.6500788,-0.5718875730886143
2,1,509160.3621743936,-0.16239999,1.6498687,-0.5721133461871261
2,1,509165.362370668,-0.16239999,1.6498306,-0.5723391199470019
2,1,509170.36256694235,-0.16239999,1.6496397,-0.5725648952838942
2,1,509175.3627632167,-0.16239999,1.6495252,-0.5727906712514285
2,1,509180.3629594911,-0.16239999,1.6495061,-0.5730164454571678
2,1,509185.36315576546,-0.16239999,1.649277,-0.5732422174782537
2,1,509190.3633520398,-0.16239999,1.6492388,-0.5734679884208556
2,1,509195.3635483142,-0.16239999,1.6491052,-0.5736937621698047
2,1,509200.36374458857,-0.16239999,1.6489333,-0.5739195356664044
2,1,509205.36394086294,-0.16239999,1.6488761,-0.5741453103607089
2,1,509210.3641371373,-0.16239999,1.6486279,-0.57437108519311
2,1,509215.3643334117,-0.16239999,1.6486088,-0.5745968615939973
2,1,509220.36452968605,-0.16239999,1.6484942,-0.5748226388501169
2,1,509225.3647259604,-0.16239999,1.6481507,-0.5750484161668147
2,1,509230.3649222348,-0.16239999,1.6480743,-0.575274189652539
2,1,509235.36511850916,-0.16239999,1.6480361,-0.5754999633990378
2,1,509240.3653147835,-0.16239999,1.6477115,-0.5757257354994773
2,1,509245.3655110579,-0.16239999,1.6477498,-0.5759515084132776
2,1,509250.36570733227,-0.16239999,1.6477115,-0.5761772824682602
2,1,509255.36590360664,-0.16239999,1.6475779,-0.57640305572851
2,1,509260.366099881,-0.16239999,1.6474634,-0.5766288293205458
2,1,509265.3662961554,-0.16239999,1.6472534,-0.5768546030283429
2,1,509270.36649242975,-0.16239999,1.647177,-0.5770803791762913
2,1,509275.3666887041,-0.16239999,1.6470052,-0.5773061547188552
2,1,509280.3668849785,-0.16239999,1.646948,-0.5775319305843719
2,1,509285.36708125286,-0.16239999,1.6467379,-0.5777577060061462
2,1,509290.3672775277,-0.16239999,1.6466043,-0.5779834779225133
2,1,509295.36747380253,-0.16239999,1.6465088,-0.57820925133662
2,1,509300.36767007736,-0.16239999,1.6464325,-0.5784350243975925
2,1,509305.3678663522,-0.16239999,1.646337,-0.5786607986174473
2,1,509310.36806262704,-0.16239999,1.6463752,-0.5788865717433028
2,1,509315.3682589019,-0.16239999,1.6461462,-0.5791123465384377
2,1,509320.3684551767,-0.16239999,1.6460698,-0.5793381203352047
2,1,509325.36865145154,-0.16239999,1.6459744,-0.5795638934871595
2,1,509330.3688477264,-0.16239999,1.6457453,-0.5797896668008847
2,1,509335.3690440012,-0.16239999,1.6458025,-0.5800154413162072
2,1,509340.36924027605,-0.16239999,1.6455926,-0.5802412169347736
2,1,509345.3694365509,-0.16239999,1.6454399,-0.5804669940897259
2,1,509350.3696328257,-0.16239999,1.6454016,-0.5806927709042446
2,1,509355.36982910056,-0.16239999,1.645268,-0.5809185465964104
2,1,509360.3700253754,-0.16239999,1.645039,-0.581144322266597
2,1,509365.3702216502,-0.16239999,1.6449053,-0.5813700986490515
2,1,509370.37041792506,-0.16239999,1.6448861,-0.5815958762728167
2,1,509375.3706141999,-0.16239999,1.6448289,-0.5818216551728812
2,1,509380.37081047473,-0.16239999,1.6444854,-0.5820474342431493
2,1,509385.37100674957,-0.16239999,1.6445426,-0.5822732121300872
2,1,509390.3712030242,-0.16239999,1.6443708,-0.5824989893868914
2,1,509395.3713992988,-0.16239999,1.644428,-0.5827247642022355
2,1,509400.3715955734,-0.16239999,1.6442562,-0.5829505403936357
2,1,509405.371791848,-0.16239999,1.6440845,-0.5831763175594451
2,1,509410.3719881226,-0.16239999,1.6440845,-0.5834020942452103
2,1,509415.3721843967,-0.16239999,1.6437598,-0.5836278694699994
2,1,509420.3723806713,-0.16239999,1.6436262,-0.5838536435722866
2,1,509425.3725769459,-0.16239999,1.6434926,-0.5840794192091914
2,1,509430.37277322053,-0.16239999,1.6434354,-0.5843051938675344
2,1,509435.37296949513,-0.16239999,1.6432827,-0.584530970467589
2,1,509440.37316576985,-0.16239999,1.6430917,-0.584756747493681
2,1,509445.3733620446,-0.16239999,1.6431872,-0.5849825253979729
2,1,509450.3735583193,-0.16239999,1.6428435,-0.5852083059433558
2,1,509455.373754594,-0.16239999,1.6429008,-0.5854340851268363
2,1,509460.3739508687,-0.16239999,1.6426145,-0.5856598629408454
2,1,509465.37414714345,-0.16239999,1.6427099,-0.585885641471684
2,1,509470.37434341817,-0.16239999,1.6424618,-0.5861114219750075
2,1,509475.3745396929,-0.16239999,1.6423854,-0.5863372040804832
2,1,509480.3747359676,-0.16239999,1.6421753,-0.5865629855214052
2,1,509485.3749322423,-0.16239999,1.6422136,-0.5867887683101355
2,1,509490.37512851704,-0.16239999,1.6420035,-0.5870145513868713
2,1,509495.37532479176,-0.16239999,1.64208,-0.5872403326477285
2,1,509500.3755210664,-0.16239999,1.6418699,-0.5874661121446043
2,1,509505.37571734114,-0.16239999,1.6416408,-0.5876918921910417
2,1,509510.37591361586,-0.16239999,1.6415263,-0.587917674480487
2,1,509515.3761098905,-0.16239999,1.6415263,-0.5881434565823351
2,1,509520.37630616524,-0.16239999,1.6413354,-0.5883692388342296
2,1,509525.37650243996,-0.16239999,1.6413736,-0.5885950202079946
2,1,509530.3766987147,-0.16239999,1.6412781,-0.5888207998606382
2,1,509535.3768949894,-0.16239999,1.6410681,-0.5890465786817489
2,1,509540.37709126435,-0.16239999,1.6410109,-0.5892723558794617
2,1,509545.37728753895,-0.16239999,1.6409535,-0.5894981334657918
2,1,509550.37748381356,-0.16239999,1.6405336,-0.5897239139969995
2,1,509555.37768008816,-0.16239999,1.6405526,-0.5899496914473409
2,1,509560.37787636276,-0.16239999,1.6404954,-0.5901754670071545
2,1,509565.37807263737,-0.16239999,1.6402854,-0.5904012445472994
2,1,509570.37826891197,-0.16239999,1.64019,-0.590627023652163
2,1,509575.3784651866,-0.16239999,1.6398846,-0.5908528013803067
2,1,509580.3786614612,-0.16239999,1.6398654,-0.5910785778601014
2,1,509585.3788577358,-0.16239999,1.6397127,-0.5913043559229616
2,1,509590.3790540104,-0.16239999,1.6397127,-0.5915301321263812
2,1,509595.3792502852,-0.16239999,1.6396555,-0.5917559078269486
2,1,509600.37944656005,-0.16239999,1.6393882,-0.5919816841585
2,1,509605.3796428349,-0.16239999,1.6392355,-0.5922074606171285
2,1,509610.3798391097,-0.16239999,1.6391591,-0.5924332372948222
2,1,509615.38003538456,-0.16239999,1.6390636,-0.5926590134770755
2,1,509620.3802316594,-0.16239999,1.6390636,-0.5928847899675684
2,1,509625.38042793423,-0.16239999,1.6388346,-0.5931105662930914
2,1,509630.38062420906,-0.16239999,1.6386245,-0.593336341598091
2,1,509635.3808204839,-0.16239999,1.6386436,-0.5935621141445968
2,1,509640.38101675874,-0.16239999,1.6383764,-0.5937878878308038
2,1,509645.3812130336,-0.16239999,1.6383191,-0.5940136602553195
2,1,509650.3814093084,-0.16239999,1.6381283,-0.5942394305464791
2,1,509655.38160558324,-0.16239999,1.6379946,-0.5944652022519583
2,1,509660.3818018581,-0.16239999,1.6379755,-0.5946909750267416
2,1,509665.3819981329,-0.16239999,1.6378418,-0.5949167514099744
2,1,509670.38219440775,-0.16239999,1.6378801,-0.5951425314667373
2,1,509675.3823906826,-0.16239999,1.637651,-0.595368321766768
2,1,509680.38258695696,-0.16239999,1.6377082,-0.5955941107352458
2,1,509685.3827832318,-0.16239999,1.6375555,-0.5958198987304353
2,1,509690.3829795066,-0.16239999,1.6372882,-0.5960456868823734
2,1,509695.383175781,-0.16239999,1.6372501,-0.596271475209059
2,1,509700.38337205537,-0.16239999,1.6370401,-0.5964972596097878
2,1,509705.38356832974,-0.16239999,1.6368682,-0.5967230418851392
2,1,509710.3837646041,-0.16239999,1.6369256,-0.5969488266415389
2,1,509715.3839608785,-0.16239999,1.6366774,-0.5971745986516227
2,1,509720.38415715285,-0.16239999,1.6365056,-0.5974003715622466
2,1,509725.3843534272,-0.16239999,1.6364673,-0.5976261444969615
2,1,509730.3845497016,-0.16239999,1.6362765,-0.5978519194507581
2,1,509735.38474597596,-0.16239999,1.6361238,-0.5980776928469057
2,1,509740.3849422503,-0.16239999,1.6359711,-0.5983034651107323
2,1,509745.3851385247,-0.16239999,1.6358565,-0.5985292368169012
2,1,509750.38533479907,-0.16239999,1.6357229,-0.598755010128738
2,1,509755.38553107344,-0.16239999,1.6354175,-0.598980784296101
2,1,509760.3857273478,-0.16239999,1.6354365,-0.5992065571208587
2,1,509765.3859236222,-0.16239999,1.6353601,-0.5994323315808714
2,1,509770.38611989655,-0.16239999,1.6352074,-0.5996581069301871
2,1,509775.3863161709,-0.16239999,1.6349783,-0.5998838857392891
2,1,509780.3865124453,-0.16239999,1.6350547,-0.6001096649493722
2,1,509785.38670871966,-0.16239999,1.6347493,-0.600335444022517
2,1,509790.386904994,-0.16239999,1.6346538,-0.6005612227361217
2,1,509795.3871012684,-0.16239999,1.6345583,-0.6007869988490465
2,1,509800.38729754277,-0.16239999,1.6345011,-0.6010127738048407
2,1,509805.38749381714,-0.16239999,1.634291,-0.6012385479206979
2,1,509810.3876900915,-0.16239999,1.6341193,-0.60146432160059
2,1,509815.3878863659,-0.16239999,1.6339856,-0.6016900935152353
2,1,509820.38808264025,-0.16239999,1.6339092,-0.6019158671197591
2,1,509825.3882789146,-0.16239999,1.6338711,-0.6021416455315167
2,1,509830.388475189,-0.16239999,1.6336038,-0.602367421950013
2,1,509835.38867146336,-0.16239999,1.6335657,-0.602593198532788
2,1,509840.3888677377,-0.16239999,1.6333365,-0.6028189743704263
2,1,509845.3890640121,-0.16239999,1.6332793,-0.6030447472542936
2,1,509850.38926028647,-0.16239999,1.6331838,-0.6032705204781126
2,1,509855.38945656084,-0.16239999,1.6332603,-0.6034962926967481
2,1,509860.3896528352,-0.16239999,1.6329738,-0.6037220627088015
2,1,509865.3898491096,-0.16239999,1.632802,-0.6039478346262142
2,1,509870.39004538395,-0.16239999,1.6326493,-0.6041736054673631
2,1,509875.3902416583,-0.16239999,1.6326684,-0.6043993735318015
2,1,509880.3904379327,-0.16239999,1.632363,-0.604625143419979
2,1,509885.39063420705,-0.16239999,1.6324202,-0.6048509121274472
2,1,509890.3908304814,-0.16239999,1.6322484,-0.6050766827388675
2,1,509895.3910267558,-0.16239999,1.6321529,-0.6053024544468717
2,1,509900.39122303016,-0.16239999,1.6320002,-0.6055282270522031
2,1,509905.39141930453,-0.16239999,1.6318856,-0.6057539981282689
2,1,509910.3916155789,-0.16239999,1.6316757,-0.6059797689756359
2,1,509915.3918118533,-0.16239999,1.6315421,-0.6062055387731605
2,1,509920.39200812764,-0.16239999,1.6314847,-0.6064313099939506
2,1,509925.392204402,-0.16239999,1.6313511,-0.6066570818515243
2,1,509930.3924006764,-0.16239999,1.631313,-0.6068828530295257
2,1,509935.39259695075,-0.16239999,1.6311412,-0.607108625717547
2,1,509940.3927932251,-0.16239999,1.6310076,-0.607334400501415
2,1,509945.3929894995,-0.16239999,1.6308739,-0.6075601758548616
2,1,509950.39318577386,-0.16239999,1.6306067,-0.6077859526065122
2,1,509955.39338204823,-0.16239999,1.6306257,-0.6080117255890839
2,1,509960.3935783226,-0.16239999,1.6306067,-0.6082374981030754
2,1,509965.393774597,-0.16239999,1.6303394,-0.6084632714444744
2,1,509970.39397087134,-0.16239999,1.6301485,-0.6086890448673936
2,1,509975.3941671457,-0.16239999,1.6300149,-0.6089148176967433
2,1,509980.3943634201,-0.16239999,1.6299957,-0.6091405924452151
2,1,509985.39455969445,-0.16239999,1.6297284,-0.6093663717366263
2,1,509990.3947559688,-0.16239999,1.6295757,-0.6095921536442369
2,1,509995.3949522432,-0.16239999,1.629404,-0.6098179325209845
2,1,510000.39514851756,-0.16239999,1.6293085,-0.6100437112813473
2,1,510005.39534479193,-0.16239999,1.6291367,-0.6102694883789044
2,1,510010.3955410663,-0.16239999,1.6290221,-0.6104952617399225
2,1,510015.3957373407,-0.16239999,1.6289458,-0.6107210350938692
2,1,510020.39593361504,-0.16239999,1.6288885,-0.6109468067909144
2,1,510025.3961298894,-0.16239999,1.6286976,-0.6111725794857406
2,1,510030.3963261638,-0.16239999,1.6285259,-0.6113983512930617
2,1,510035.39652243815,-0.16239999,1.628354,-0.6116241224603707
2,1,510040.3967187125,-0.16239999,1.628373,-0.6118498936648729
2,1,510045.3969149869,-0.16239999,1.6280867,-0.6120756641252558
2,1,510050.39711126126,-0.16239999,1.6279913,-0.6123014350849643
2,1,510055.39730753563,-0.16239999,1.6277813,-0.6125272086961903
2,1,510060.39750381,-0.16239999,1.6278003,-0.6127529802891376
2,1,510065.3977000844,-0.16239999,1.6276286,-0.6129787509624938
2,1,510070.39789635874,-0.16239999,1.627514,-0.6132045219553904
2,1,510075.3980926331,-0.16239999,1.6274949,-0.6134302937041228
2,1,510080.3982889075,-0.16239999,1.6273422,-0.6136560661448999
2,1,510085.3984851823,-0.16239999,1.6271895,-0.613881839702798
2,1,510090.39868145715,-0.16239999,1.6269985,-0.6141076134067937
2,1,510095.398877732,-0.16239999,1.6268649,-0.6143333902560006
2,1,510100.3990740068,-0.16239999,1.6267122,-0.6145591661632928
2,1,510105.39927028166,-0.16239999,1.6266168,-0.6147849432195149
2,1,510110.3994665565,-0.16239999,1.6265213,-0.6150107181027868
2,1,510115.39966283133,-0.16239999,1.6263304,-0.6152364910165682
2,1,510120.39985910617,-0.16239999,1.6261586,-0.6154622646216996
2,1,510125.400055381,-0.16239999,1.6260059,-0.61568804041078
2,1,510130.40025165584,-0.16239999,1.6259487,-0.6159138149178952
2,1,510135.4004479307,-0.16239999,1.6257577,-0.6161395895461221
2,1,510140.4006442055,-0.16239999,1.6255286,-0.6163653674549896
2,1,510145.40084048035,-0.16239999,1.6254904,-0.6165911434182761
2,1,510150.4010367547,-0.16239999,1.6253377,-0.6168169193326107
2,1,510155.40123302955,-0.16239999,1.6251278,-0.617042692276826
2,1,510160.4014293044,-0.16239999,1.6251469,-0.6172684664142385
2,1,510165.4016255792,-0.16239999,1.6247841,-0.6174942419153506
2,1,510170.40182185406,-0.16239999,1.6246505,-0.6177200144101982
2,1,510175.4020181289,-0.16239999,1.6244596,-0.6179457875819881
2,1,510180.40221440373,-0.16239999,1.624326,-0.618171560736458
2,1,510185.40241067833,-0.16239999,1.6242687,-0.6183973344365239
2,1,510190.40260695294,-0.16239999,1.6241732,-0.6186231084415404
2,1,510195.40280322754,-0.16239999,1.6240587,-0.6188488823281069
2,1,510200.40299950214,-0.16239999,1.6239442,-0.6190746558798723
2,1,510205.40319577674,-0.16239999,1.6236387,-0.6193004293346974
2,1,510210.40339205135,-0.16239999,1.6236005,-0.6195262051170731
2,1,510215.40358832595,-0.16239999,1.6236005,-0.6197519813452105
2,1,510220.40378460055,-0.16239999,1.6234478,-0.6199777561620265
2,1,510225.40398087515,-0.16239999,1.6231424,-0.6202035307074146
2,1,510230.40417714976,-0.16239999,1.6229706,-0.6204293044103234
2,1,510235.4043734245,-0.16239999,1.6228751,-0.6206550786750787
2,1,510240.4045696992,-0.16239999,1.6227605,-0.6208808524452373
2,1,510245.4047659739,-0.16239999,1.6227796,-0.6211066250126502
2,1,510250.40496224863,-0.16239999,1.6224742,-0.6213323978701805
2,1,510255.40515852335,-0.16239999,1.6223406,-0.6215581691199201
2,1,510260.4053547981,-0.16239999,1.6221114,-0.6217839398651587
2,1,510265.4055510728,-0.16239999,1.6220351,-0.622009713209904
2,1,510270.4057473475,-0.16239999,1.6219206,-0.6222354846256309
2,1,510275.40594362246,-0.16239999,1.6218442,-0.6224612546641496
2,1,510280.4061398972,-0.16239999,1.6216915,-0.6226870271551899
2,1,510285.4063361719,-0.16239999,1.6215769,-0.6229128006348328
2,1,510290.4065324466,-0.16239999,1.6215006,-0.6231385754639192
2,1,510295.40672872134,-0.16239999,1.6213096,-0.6233643516068491
2,1,510300.406924996,-0.16239999,1.6211379,-0.6235901263387724
2,1,510305.4071212707,-0.16239999,1.6209852,-0.6238159014006803
2,1,510310.4073175454,-0.16239999,1.6208134,-0.6240416760660583
2,1,510315.4075138201,-0.16239999,1.620737,-0.6242674486762317
2,1,510320.4077100948,-0.16239999,1.6205078,-0.6244932217108135
2,1,510325.40790636954,-0.16239999,1.620317,-0.6247189946953952
2,1,510330.40810264426,-0.16239999,1.6202598,-0.6249447686357622
2,1,510335.408298919,-0.16239999,1.6200879,-0.6251705434716203
2,1,510340.40849519335,-0.16239999,1.6199925,-0.6253963171293048
2,1,510345.40869146795,-0.16239999,1.6199352,-0.6256220879778356
2,1,510350.40888774255,-0.16239999,1.619706,-0.625847858659264
2,1,510355.40908401716,-0.16239999,1.6197252,-0.6260736302671001
2,1,510360.40928029176,-0.16239999,1.6196488,-0.6262994040616302
2,1,510365.40947656636,-0.16239999,1.619458,-0.6265251757852773
2,1,510370.40967284096,-0.16239999,1.6191907,-0.6267509464465677
2,1,510375.40986911557,-0.16239999,1.6190761,-0.6269767161422222
2,1,510380.41006539017,-0.16239999,1.6191334,-0.6272024883081713
2,1,510385.410261665,-0.16239999,1.6189425,-0.6274282594484942
2,1,510390.41045793984,-0.16239999,1.6187515,-0.6276540303970268
2,1,510395.4106542147,-0.16239999,1.6186371,-0.6278798038691216
2,1,510400.4108504895,-0.16239999,1.6184843,-0.6281055745268695
2,1,510405.41104676435,-0.16239999,1.6183125,-0.6283313467481906
2,1,510410.4112430392,-0.16239999,1.6183316,-0.6285571192278033
2,1,510415.411439314,-0.16239999,1.6181407,-0.6287828911526823
2,1,510420.4116355884,-0.16239999,1.6177207,-0.6290086626809478
2,1,510425.4118318632,-0.16239999,1.6178544,-0.6292344325302192
2,1,510430.41202813806,-0.16239999,1.6175871,-0.6294602032000677
2,1,510435.4122244129,-0.16239999,1.617358,-0.6296859725283945
2,1,510440.41242068773,-0.16239999,1.617377,-0.629911741678362
2,1,510445.41261696257,-0.16239999,1.6170335,-0.630137510864852
2,1,510450.4128132374,-0.16239999,1.616938,-0.6303632797243941
2,1,510455.41300951224,-0.16239999,1.6168234,-0.6305890499334987
2,1,510460.4132057871,-0.16239999,1.6166898,-0.6308148201330062
2,1,510465.4134020619,-0.16239999,1.6164607,-0.6310405893682992
2,1,510470.41359833675,-0.16239999,1.6163462,-0.631266357795465
2,1,510475.4137946116,-0.16239999,1.6161362,-0.6314921271259848
2,1,510480.4139908864,-0.16239999,1.6161171,-0.631717894950979
2,1,510485.41418716125,-0.16239999,1.6159644,-0.6319436622359815
2,1,510490.4143834356,-0.16239999,1.6157734,-0.6321694296854681
2,1,510495.41457971,-0.16239999,1.6156971,-0.6323952001231474
2,1,510500.41477598436,-0.16239999,1.615659,-0.6326209719630526
2,1,510505.41497225873,-0.16239999,1.6153725,-0.6328467438125068
2,1,510510.4151685331,-0.16239999,1.6152772,-0.6330725173175389
2,1,510515.4153648075,-0.16239999,1.6149908,-0.6332982917127481
2,1,510520.41556108184,-0.16239999,1.615029,-0.63352406586081
2,1,510525.4157573562,-0.16239999,1.6147808,-0.6337498363533679
2,1,510530.4159536306,-0.16239999,1.6144372,-0.6339756065915588
2,1,510535.41614990495,-0.16239999,1.6144563,-0.634201377177114
2,1,510540.4163461793,-0.16239999,1.6142844,-0.6344271463487203
2,1,510545.4165424537,-0.16239999,1.6142844,-0.6346529180776109
2,1,510550.41673872806,-0.16239999,1.6139599,-0.6348786899016521
2,1,510555.41693500243,-0.16239999,1.6136926,-0.6351044627497623
2,1,510560.4171312768,-0.16239999,1.6138644,-0.6353302376829257
2,1,510565.4173275512,-0.16239999,1.6135018,-0.6355560119151179
2,1,510570.41752382554,-0.16239999,1.6133872,-0.635781787896059
2,1,510575.4177200999,-0.16239999,1.6130626,-0.6360075668052869
2,1,510580.4179163743,-0.16239999,1.61312,-0.6362333405714834
2,1,510585.41811264865,-0.16239999,1.6128527,-0.6364591134482254
2,1,510590.418308923,-0.16239999,1.6127572,-0.6366848868344116
2,1,510595.4185051974,-0.16239999,1.6125281,-0.6369106597181298
2,1,510600.41870147176,-0.16239999,1.6126617,-0.6371364338124059
2,1,510605.41889774613,-0.16239999,1.6123372,-0.63736220777043
2,1,510610.4190940205,-0.16239999,1.6121845,-0.6375879816590013
2,1,510615.41929029487,-0.16239999,1.6121655,-0.6378137570557441
2,1,510620.41948656924,-0.16239999,1.612089,-0.6380395331795898
2,1,510625.4196828436,-0.16239999,1.6117836,-0.6382653092624301
2,1,510630.419879118,-0.16239999,1.6116881,-0.6384910854864141
2,1,510635.42007539235,-0.16239999,1.6115736,-0.6387168620684821
2,1,510640.4202716667,-0.16239999,1.6113446,-0.6389426387063591
2,1,510645.4204679411,-0.16239999,1.6111727,-0.6391684139250753
2,1,510650.42066421546,-0.16239999,1.6111919,-0.6393941897502016
2,1,510655.42086048983,-0.16239999,1.61081,-0.6396199644601622
2,1,510660.4210567642,-0.16239999,1.6107146,-0.6398457403221349
2,1,510665.42125303857,-0.16239999,1.6106191,-0.6400715168071964
2,1,510670.42144931294,-0.16239999,1.610371,-0.6402972914633009
2,1,510675.4216455873,-0.16239999,1.6102946,-0.6405230649642079
2,1,510680.4218418617,-0.16239999,1.6102374,-0.6407488371149189
2,1,510685.42203813605,-0.16239999,1.6100082,-0.6409746081219303
2,1,510690.4222344104,-0.16239999,1.6098937,-0.6412003785949105
2,1,510695.4224306848,-0.16239999,1.6096646,-0.6414261488934999
2,1,510700.42262695916,-0.16239999,1.6096455,-0.6416519211113714
2,1,510705.42282323353,-0.16239999,1.6095119,-0.6418776956858027
2,1,510710.4230195079,-0.16239999,1.6094356,-0.6421034704759258
2,1,510715.42321578227,-0.16239999,1.6091874,-0.6423292447955753
2,1,510720.42341205664,-0.16239999,1.608882,-0.642555019827493
2,1,510725.423608331,-0.16239999,1.6088628,-0.6427807947002537
2,1,510730.4238046054,-0.16239999,1.6088437,-0.6430065690684306
2,1,510735.42400087975,-0.16239999,1.6085383,-0.6432323431297288
2,1,510740.4241971541,-0.16239999,1.6084046,-0.6434581157873442
2,1,510745.4243934285,-0.16239999,1.6081564,-0.6436838870603571
2,1,510750.42458970286,-0.16239999,1.6080992,-0.6439096621990862
2,1,510755.42478597723,-0.16239999,1.6079273,-0.6441354371018745
2,1,510760.4249822516,-0.16239999,1.6077746,-0.6443612116504821
2,1,510765.42517852597,-0.16239999,1.6076028,-0.6445869870097203
2,1,510770.42537480034,-0.16239999,1.6075838,-0.6448127616211958
2,1,510775.4255710747,-0.16239999,1.6073356,-0.6450385342396394
2,1,510780.4257673491,-0.16239999,1.6072593,-0.6452643040873992
2,1,510785.42596362345,-0.16239999,1.6072783,-0.6454900736205946
2,1,510790.4261598978,-0.16239999,1.6071447,-0.6457158443869464
2,1,510795.4263561722,-0.16239999,1.6067247,-0.6459416139177353
2,1,510800.42655244656,-0.16239999,1.6065528,-0.6461673824411519
2,1,510805.4267487209,-0.16239999,1.606381,-0.6463931576118035
2,1,510810.4269449953,-0.16239999,1.606362,-0.646618931367901
2,1,510815.42714126967,-0.16239999,1.6060756,-0.6468447010905267
2,1,510820.42733754404,-0.16239999,1.6058656,-0.6470704708835181
2,1,510825.4275338184,-0.16239999,1.6058847,-0.6472962435422966
2,1,510830.4277300928,-0.16239999,1.6055983,-0.6475220167746424
2,1,510835.42792636715,-0.16239999,1.605522,-0.6477477916768023
2,1,510840.4281226415,-0.16239999,1.6053311,-0.6479735657936355
2,1,510845.4283189159,-0.16239999,1.6052738,-0.6481993408934305
2,1,510850.42851519026,-0.16239999,1.6050829,-0.6484251152336784
2,1,510855.4287114646,-0.16239999,1.6049111,-0.6486508893643572
2,1,510860.428907739,-0.16239999,1.6050447,-0.6488766631457545
2,1,510865.42910401337,-0.16239999,1.604682,-0.6491024357011894
2,1,510870.42930028774,-0.16239999,1.6046247,-0.6493282088081883
2,1,510875.4294965621,-0.16239999,1.6044339,-0.6495539800323824
2,1,510880.42969283694,-0.16239999,1.6042812,-0.6497797525056506
2,1,510885.4298891118,-0.16239999,1.6041666,-0.650005522521507
2,1,510890.43008538615,-0.16239999,1.6039947,-0.6502312933576625
2,1,510895.430281661,-0.16239999,1.603842,-0.6504570627716528
2,1,510900.4304779358,-0.16239999,1.6038039,-0.6506828315385238
2,1,510905.43067421066,-0.16239999,1.6035557,-0.6509086029845854
2,1,510910.4308704855,-0.16239999,1.6035366,-0.6511343782624268
2,1,510915.4310667603,-0.16239999,1.6032312,-0.6513601513228578
2,1,510920.43126303516,-0.16239999,1.6030211,-0.6515859257942583
2,1,510925.43145931,-0.16239999,1.602983,-0.6518116999249579
2,1,510930.43165558483,-0.16239999,1.6026967,-0.6520374746866355
2,1,510935.43185185967,-0.16239999,1.6026202,-0.6522632479525412
2,1,510940.4320481345,-0.16239999,1.602353,-0.652489020828169
2,1,510945.43224440934,-0.16239999,1.6023148,-0.6527147923355447
2,1,510950.4324406842,-0.16239999,1.601933,-0.6529405644865033
2,1,510955.432636959,-0.16239999,1.6020094,-0.6531663350645781
2,1,510960.43283323385,-0.16239999,1.6017039,-0.6533921068277347
2,1,510965.4330295087,-0.16239999,1.6016085,-0.6536178785926812
2,1,510970.4332257835,-0.16239999,1.6013031,-0.6538436510741641
2,1,510975.43342205836,-0.16239999,1.6011312,-0.6540694231539936
2,1,510980.43361833296,-0.16239999,1.601093,-0.6542951950106262
2,1,510985.43381460756,-0.16239999,1.6009213,-0.6545209664853849
2,1,510990.43401088216,-0.16239999,1.6006157,-0.6547467376547196
2,1,510995.43420715677,-0.16239999,1.6005204,-0.6549725084342117
2,1,511000.43440343137,-0.16239999,1.6002722,-0.6551982786385132
2,1,511005.434599706,-0.16239999,1.6003485,-0.6554240477022534
2,1,511010.4347959806,-0.16239999,1.6001958,-0.6556498189930408
2,1,511015.4349922554,-0.16239999,1.600043,-0.655875592950295
2,1,511020.43518853,-0.16239999,1.5997567,-0.6561013664099613
2,1,511025.4353848046,-0.16239999,1.5996612,-0.6563271386401022
2,1,511030.43558107933,-0.16239999,1.5995085,-0.6565529090951753
2,1,511035.43577735405,-0.16239999,1.5992413,-0.6567786799536726
2,1,511040.4359736288,-0.16239999,1.5992031,-0.6570044498309134
2,1,511045.4361699035,-0.16239999,1.5988594,-0.6572302225224604
2,1,511050.4363661782,-0.16239999,1.5987831,-0.6574559952402964
2,1,511055.43656245293,-0.16239999,1.5986495,-0.6576817694997552
2,1,511060.43675872765,-0.16239999,1.5984968,-0.6579075446862857
2,1,511065.43695500237,-0.16239999,1.5982677,-0.6581333209095097
2,1,511070.4371512771,-0.16239999,1.5980577,-0.6583590964289462
2,1,511075.4373475518,-0.16239999,1.5979623,-0.6585848722790104
2,1,511080.4375438264,-0.16239999,1.5975995,-0.6588106478799288
2,1,511085.4377401011,-0.16239999,1.5976568,-0.6590364215446591
2,1,511090.4379363758,-0.16239999,1.5972941,-0.6592621968964417
2,1,511095.4381326505,-0.16239999,1.5973704,-0.6594879693038501
2,1,511100.43832892523,-0.16239999,1.5972941,-0.6597137384952494
2,1,511105.4385251999,-0.16239999,1.5967214,-0.6599395056988503
2,1,511110.4387214746,-0.16239999,1.596855,-0.6601652755244587
2,1,511115.4389177493,-0.16239999,1.5968741,-0.660391049849769
2,1,511120.43911402405,-0.16239999,1.5964159,-0.6606168237179383
2,1,511125.43931029877,-0.16239999,1.5963396,-0.6608425973759027
2,1,511130.43950657337,-0.16239999,1.596206,-0.6610683692770375
2,1,511135.439702848,-0.16239999,1.5960723,-0.6612941408268559
2,1,511140.4398991226,-0.16239999,1.5960723,-0.6615199090498022
2,1,511145.4400953972,-0.16239999,1.5957096,-0.6617456771741226
2,1,511150.4402916718,-0.16239999,1.5955759,-0.6619714466851153
2,1,511155.4404879464,-0.16239999,1.595366,-0.6621972175239927
2,1,511160.4406842205,-0.16239999,1.5952896,-0.6624229867183449
2,1,511165.4408804951,-0.16239999,1.595156,-0.6626487570074481
2,1,511170.4410767697,-0.16239999,1.5950797,-0.6628745305012248
2,1,511175.44127304433,-0.16239999,1.5948124,-0.663100303116117
2,1,511180.44146931916,-0.16239999,1.5947741,-0.6633260757349059
2,1,511185.441665594,-0.16239999,1.5945451,-0.6635518517964192
2,1,511190.44186186884,-0.16239999,1.5944687,-0.663777628904254
2,1,511195.4420581437,-0.16239999,1.5942205,-0.6640034086732731
2,1,511200.4422544185,-0.16239999,1.5939533,-0.6642291865918064
2,1,511205.44245069334,-0.16239999,1.5940106,-0.6644549629524871
2,1,511210.4426469682,-0.16239999,1.5937624,-0.6646807402443827
2,1,511215.442843243,-0.16239999,1.5936288,-0.6649065191069659
2,1,511220.44303951785,-0.16239999,1.5933042,-0.6651322987469641
2,1,511225.4432357927,-0.16239999,1.5932279,-0.6653580786710794
2,1,511230.4434320675,-0.16239999,1.5931705,-0.6655838576004802
2,1,511235.44362834236,-0.16239999,1.5931324,-0.6658096356202263
2,1,511240.4438246172,-0.16239999,1.5927696,-0.6660354142619677
2,1,511245.444020892,-0.16239999,1.5924451,-0.6662611904668782
2,1,511250.44421716686,-0.16239999,1.5923115,-0.6664869642423472
2,1,511255.4444134417,-0.16239999,1.5921016,-0.6667127380585701
2,1,511260.44460971653,-0.16239999,1.5920252,-0.6669385131931005
2,1,511265.44480599137,-0.16239999,1.5918725,-0.6671642874901268
2,1,511270.4450022662,-0.16239999,1.5916624,-0.6673900603396112
2,1,511275.44519854104,-0.16239999,1.591567,-0.6676158339260442
2,1,511280.4453948159,-0.16239999,1.5912806,-0.6678416072807029
2,1,511285.44559109025,-0.16239999,1.5912043,-0.668067380472323
2,1,511290.4457873646,-0.16239999,1.590937,-0.6682931543412256
2,1,511295.445983639,-0.16239999,1.590918,-0.6685189293692416
2,1,511300.44617991336,-0.16239999,1.5906698,-0.6687447038370584
2,1,511305.4463761877,-0.16239999,1.5905743,-0.6689704787889187
2,1,511310.4465724621,-0.16239999,1.5902879,-0.6691962554417192
2,1,511315.44676873647,-0.16239999,1.5901543,-0.6694220312673025
2,1,511320.44696501084,-0.16239999,1.5900397,-0.6696478101878329
2,1,511325.4471612852,-0.16239999,1.5897152,-0.6698735888660085
2,1,511330.4473575596,-0.16239999,1.5896579,-0.670099365296622
2,1,511335.44755383395,-0.16239999,1.5895816,-0.6703251418639015
2,1,511340.4477501083,-0.16239999,1.5893525,-0.670550918730056
2,1,511345.4479463827,-0.16239999,1.5892189,-0.670776692511147
2,1,511350.44814265706,-0.16239999,1.5890661,-0.6710024656980732
2,1,511355.4483389314,-0.16239999,1.5889516,-0.6712282369095475
2,1,511360.4485352058,-0.16239999,1.5887989,-0.6714540098799673
2,1,511365.44873148017,-0.16239999,1.5885698,-0.6716797803423734
2,1,511370.44892775454,-0.16239999,1.5883789,-0.671905551209616
2,1,511375.4491240289,-0.16239999,1.5881689,-0.6721313229770568
2,1,511380.4493203033,-0.16239999,1.5880735,-0.6723570975511246
2,1,511385.44951657765,-0.16239999,1.5878825,-0.6725828734916421
2,1,511390.449712852,-0.16239999,1.5877681,-0.6728086515526033
2,1,511395.4499091264,-0.16239999,1.587539,-0.6730344287152992
2,1,511400.45010540076,-0.16239999,1.5874053,-0.673260205549239
2,1,511405.4503016751,-0.16239999,1.5870807,-0.6734859833311386
2,1,511410.4504979495,-0.16239999,1.5869853,-0.673711763648696
2,1,511415.45069422387,-0.16239999,1.5869089,-0.6739375439389305
2,1,511420.45089049824,-0.16239999,1.586699,-0.6741633276419191
2,1,511425.4510867726,-0.16239999,1.5864508,-0.6743891073440023
2,1,511430.451283047,-0.16239999,1.5862408,-0.6746148856068145
2,1,511435.45147932135,-0.16239999,1.5860118,-0.6748406642336008
2,1,511440.4516755957,-0.16239999,1.5858399,-0.675066440193273
2,1,511445.4518718701,-0.16239999,1.5855726,-0.6752922154149892
2,1,511450.45206814446,-0.16239999,1.585458,-0.6755179921516443
2,1,511455.4522644188,-0.16239999,1.5854008,-0.675743767869998
2,1,511460.4524606932,-0.16239999,1.5851717,-0.6759695446980296
2,1,511465.45265696757,-0.16239999,1.585019,-0.6761953199366049
2,1,511470.45285324194,-0.16239999,1.5848472,-0.6764210963024836
2,1,511475.4530495163,-0.16239999,1.5846372,-0.6766468735852266
2,1,511480.4532457907,-0.16239999,1.5844654,-0.6768726509344436
2,1,511485.45344206505,-0.16239999,1.5842745,-0.6770984270099185
2,1,511490.4536383394,-0.16239999,1.5841026,-0.6773242020942386
2,1,511495.4538346138,-0.16239999,1.5838927,-0.677549976202223
2,1,511500.45403088816,-0.16239999,1.58374,-0.6777757502504612
2,1,511505.4542271625,-0.16239999,1.5835682,-0.6780015209304988
2,1,511510.4544234369,-0.16239999,1.5832245,-0.6782272930626704
2,1,511515.45461971126,-0.16239999,1.5830718,-0.6784530678604311
2,1,511520.45481598563,-0.16239999,1.5828809,-0.6786788433161841
2,1,511525.45501226,-0.16239999,1.5827091,-0.6789046176334205
2,1,511530.4552085344,-0.16239999,1.5825373,-0.679130392786636
2,1,511535.45540480874,-0.16239999,1.5824227,-0.6793561677158002
2,1,511540.4556010831,-0.16239999,1.58227,-0.6795819421578703
2,1,511545.4557973575,-0.16239999,1.5819837,-0.6798077139811316
2,1,511550.45599363185,-0.16239999,1.58185,-0.6800334813191782
2,1,511555.4561899062,-0.16239999,1.5816591,-0.6802592532553539
2,1,511560.4563861806,-0.16239999,1.5815637,-0.6804850249803238
2,1,511565.45658245496,-0.16239999,1.5812964,-0.6807107979363018
2,1,511570.45677872933,-0.16239999,1.5811245,-0.6809365709916922
2,1,511575.4569750037,-0.16239999,1.5808191,-0.6811623457703208
2,1,511580.4571712781,-0.16239999,1.5807428,-0.6813881206441362
2,1,511585.45736755244,-0.16239999,1.5805709,-0.6816138938910322
2,1,511590.4575638268,-0.16239999,1.5803419,-0.6818396669887766
2,1,511595.4577601012,-0.16239999,1.5801128,-0.6820654417658165
2,1,511600.45795637555,-0.16239999,1.5799792,-0.6822912169204683
2,1,511605.4581526499,-0.16239999,1.5797691,-0.6825169926027728
2,1,511610.4583489243,-0.16239999,1.5795401,-0.6827427690092753
2,1,511615.45854519866,-0.16239999,1.5794446,-0.6829685432801327
2,1,511620.45874147303,-0.16239999,1.5794065,-0.683194318653469
2,1,511625.4589377474,-0.16239999,1.5790056,-0.6834200980396558
2,1,511630.4591340218,-0.16239999,1.5789101,-0.6836458744893369
2,1,511635.45933029614,-0.16239999,1.5787383,-0.6838716534615529
2,1,511640.4595265705,-0.16239999,1.5785474,-0.6840974334287641
2,1,511645.4597228449,-0.16239999,1.5783565,-0.6843232134486682
2,1,511650.45991911925,-0.16239999,1.5781083,-0.6845489907241759
2,1,511655.4601153936,-0.16239999,1.578032,-0.6847747678635995
2,1,511660.460311668,-0.16239999,1.5778601,-0.685000545516407
2,1,511665.46050794236,-0.16239999,1.5776883,-0.6852263227636977
2,1,511670.46070421673,-0.16239999,1.5774211,-0.68545209795761
2,1,511675.4609004911,-0.16239999,1.5773829,-0.6856778735078148
2,1,511680.46109676594,-0.16239999,1.5770966,-0.6859036492441509
2,1,511685.4612930408,-0.16239999,1.577192,-0.6861294243782284
2,1,511690.4614893156,-0.16239999,1.5768102,-0.6863551991862312
2,1,511695.46168559045,-0.16239999,1.5767148,-0.6865809730370207
2,1,511700.4618818653,-0.16239999,1.5764284,-0.6868067445123821
2,1,511705.4620781401,-0.16239999,1.5763329,-0.6870325171046626
2,1,511710.46227441495,-0.16239999,1.5762184,-0.6872582900414811
2,1,511715.4624706898,-0.16239999,1.5760275,-0.6874840658549514
2,1,511720.4626669646,-0.16239999,1.5757984,-0.6877098424625128
2,1,511725.46286323946,-0.16239999,1.5756648,-0.6879356195495067
2,1,511730.4630595143,-0.16239999,1.575512,-0.6881613957592179
2,1,511735.46325578913,-0.16239999,1.5752829,-0.6883871690082191
2,1,511740.46345206397,-0.16239999,1.5751302,-0.6886129437903096
2,1,511745.4636483388,-0.16239999,1.5751302,-0.6888387188038474
2,1,511750.46384461364,-0.16239999,1.5750539,-0.6890644915545586
2,1,511755.4640408885,-0.16239999,1.5747293,-0.6892902626705654
2,1,511760.4642371633,-0.16239999,1.5745957,-0.6895160350814887
2,1,511765.46443343814,-0.16239999,1.5744811,-0.6897418061245898
2,1,511770.464629713,-0.16239999,1.5741948,-0.6899675768942091
2,1,511775.4648259878,-0.16239999,1.5739658,-0.6901933484259763
2,1,511780.4650222624,-0.16239999,1.5736412,-0.6904191188158859
2,1,511785.465218537,-0.16239999,1.5736412,-0.6906448866400887
2,1,511790.4654148116,-0.16239999,1.5736412,-0.6908706524208067
2,1,511795.4656110862,-0.16239999,1.5732594,-0.6910964201607922
2,1,511800.46580736083,-0.16239999,1.5730304,-0.6913221894244207
2,1,511805.46600363543,-0.16239999,1.5728776,-0.6915479603606697
2,1,511810.46619991004,-0.16239999,1.5727248,-0.6917737322633244
2,1,511815.46639618464,-0.16239999,1.5724767,-0.6919995017183682
2,1,511820.46659245924,-0.16239999,1.5723622,-0.6922252714150989
2,1,511825.46678873384,-0.16239999,1.5721521,-0.6924510428488232
2,1,511830.46698500856,-0.16239999,1.571904,-0.6926768131570579
2,1,511835.4671812833,-0.16239999,1.5717894,-0.6929025830402559
2,1,511840.467377558,-0.16239999,1.571503,-0.6931283537822641
2,1,511845.4675738327,-0.16239999,1.5715795,-0.693354125635639
2,1,511850.46777010744,-0.16239999,1.5714077,-0.693579898651355
2,1,511855.46796638216,-0.16239999,1.5711213,-0.6938056688469857
2,1,511860.4681626569,-0.16239999,1.5709494,-0.6940314369670743
2,1,511865.4683589316,-0.16239999,1.5707204,-0.6942572044537757
2,1,511870.4685552063,-0.16239999,1.5705676,-0.6944829774486176
2,1,511875.46875148104,-0.16239999,1.5704149,-0.6947087499442036
2,1,511880.4689477557,-0.16239999,1.5701476,-0.6949345195266788
2,1,511885.4691440304,-0.16239999,1.570014,-0.6951602899264364
2,1,511890.46934030514,-0.16239999,1.5698804,-0.6953860599179162
2,1,511895.4695365794,-0.16239999,1.5696514,-0.6956118302724272
2,1,511900.46973285405,-0.16239999,1.5694795,-0.6958375993374605
2,1,511905.46992912877,-0.16239999,1.5692695,-0.6960633699078728
2,1,511910.4701254035,-0.16239999,1.5689832,-0.6962891404845468
2,1,511915.4703216782,-0.16239999,1.5687732,-0.696514913448622
2,1,511920.4705179529,-0.16239999,1.5685059,-0.6967406852662508
2,1,511925.47071422753,-0.16239999,1.568525,-0.696966454681732
2,1,511930.47091050213,-0.16239999,1.568124,-0.6971922271250001
2,1,511935.47110677673,-0.16239999,1.5680668,-0.6974180022475209
2,1,511940.47130305157,-0.16239999,1.5678186,-0.6976437773151649
2,1,511945.4714993262,-0.16239999,1.5675132,-0.6978695510010383
2,1,511950.4716956008,-0.16239999,1.567265,-0.6980953254016525
2,1,511955.4718918754,-0.16239999,1.5671695,-0.6983210975240075
2,1,511960.47208815,-0.16239999,1.566845,-0.6985468681859651
2,1,511965.4722844246,-0.16239999,1.5667686,-0.6987726402795947
2,1,511970.4724806992,-0.16239999,1.5666924,-0.6989984127772148
2,1,511975.4726769738,-0.16239999,1.5662915,-0.6992241836897287
2,1,511980.4728732486,-0.16239999,1.5660814,-0.6994499533914265
2,1,511985.47306952346,-0.16239999,1.5658141,-0.6996757252058919
2,1,511990.4732657983,-0.16239999,1.5655851,-0.69990150048061
2,1,511995.47346207313,-0.16239999,1.5653751,-0.7001272731509741
2,1,512000.47365834797,-0.16239999,1.5651842,-0.7003530475370597
2,1,512005.4738546228,-0.16239999,1.5651078,-0.7005788202569695
2,1,512010.47405089764,-0.16239999,1.5647069,-0.7008045928811368
2,1,512015.4742471725,-0.16239999,1.5646306,-0.7010303642604802
2,1,512020.4744434473,-0.16239999,1.5644206,-0.7012561367344735
2,1,512025.47463972215,-0.16239999,1.5642679,-0.7014819099844747
2,1,512030.474835997,-0.16239999,1.5640006,-0.7017076839969831
2,1,512035.4750322718,-0.16239999,1.5638479,-0.7019334601578789
2,1,512040.47522854665,-0.16239999,1.5636761,-0.7021592367608814
2,1,512045.4754248215,-0.16239999,1.5635042,-0.7023850111024067
2,1,512050.4756210963,-0.16239999,1.563237,-0.7026107836171416
2,1,512055.47581737116,-0.16239999,1.5630461,-0.7028365568586177
2,1,512060.476013646,-0.16239999,1.5627979,-0.703062330758336
2,1,512065.47620992083,-0.16239999,1.5626833,-0.7032881046246475
2,1,512070.47640619567,-0.16239999,1.5627024,-0.7035138790878755
2,1,512075.4766024705,-0.16239999,1.5625116,-0.7037396531556673
2,1,512080.4767987449,-0.16239999,1.5621679,-0.7039654284615304
2,1,512085.47699501924,-0.16239999,1.5620534,-0.7041912051139825
2,1,512090.4771912936,-0.16239999,1.5621297,-0.7044169812954982
2,1,512095.477387568,-0.16239999,1.5618434,-0.7046427559307958
2,1,512100.47758384235,-0.16239999,1.5615952,-0.704868531547195
2,1,512105.4777801167,-0.16239999,1.5614234,-0.705094307799598
2,1,512110.4779763911,-0.16239999,1.561347,-0.7053200834287889
2,1,512115.47817266546,-0.16239999,1.5609844,-0.7055458593990459
2,1,512120.47836893983,-0.16239999,1.5606598,-0.705771637841259
2,1,512125.4785652142,-0.16239999,1.5604308,-0.7059974136749816
2,1,512130.4787614886,-0.16239999,1.5603353,-0.7062231876435465
2,1,512135.47895776294,-0.16239999,1.5601635,-0.7064489667498985
2,1,512140.4791540373,-0.16239999,1.5599535,-0.706674745796444
2,1,512145.4793503117,-0.16239999,1.5598389,-0.7069005235504221
2,1,512150.47954658605,-0.16239999,1.5596671,-0.7071263033980805
2,1,512155.4797428604,-0.16239999,1.559209,-0.7073520824236467
2,1,512160.4799391348,-0.16239999,1.5589035,-0.7075778598106738
2,1,512165.48013540916,-0.16239999,1.5586745,-0.7078036366036868
2,1,512170.48033168353,-0.16239999,1.5584072,-0.7080294137419002
2,1,512175.4805279579,-0.16239999,1.5583881,-0.7082552029966848
2,1,512180.4807242323,-0.16239999,1.5579872,-0.7084809943719005
2,1,512185.48092050664,-0.16239999,1.5578917,-0.7087067771418164
2,1,512190.481116781,-0.16239999,1.5577008,-0.7089325538983423
2,1,512195.4813130554,-0.16239999,1.5576817,-0.7091583310707248
2,1,512200.48150932975,-0.16239999,1.5573572,-0.7093841089903409
2,1,512205.4817056041,-0.16239999,1.5572045,-0.7096098888631085
2,1,512210.4819018785,-0.16239999,1.5568799,-0.7098356680097889
2,1,512215.48209815286,-0.16239999,1.5568608,-0.7100614459088481
2,1,512220.48229442723,-0.16239999,1.5566126,-0.7102872239442695
2,1,512225.4824907016,-0.16239999,1.5564218,-0.7105130018132995
2,1,512230.48268697597,-0.16239999,1.5561926,-0.710738779808241
2,1,512235.48288325034,-0.16239999,1.5560781,-0.710964559207136
2,1,512240.4830795247,-0.16239999,1.55583,-0.7111903376921163
2,1,512245.4832757991,-0.16239999,1.5556772,-0.7114161179505806
2,1,512250.48347207345,-0.16239999,1.5555054,-0.7116418970155604
2,1,512255.4836683478,-0.16239999,1.5553336,-0.7118676780336801
2,1,512260.4838646222,-0.16239999,1.5551809,-0.7120934576654654
2,1,512265.48406089656,-0.16239999,1.5550282,-0.7123192353943127
2,1,512270.48425717093,-0.16239999,1.5548563,-0.7125450125215645
2,1,512275.4844534453,-0.16239999,1.5544937,-0.7127707925288433
2,1,512280.48464971967,-0.16239999,1.5544173,-0.7129965725183806
2,1,512285.48484599404,-0.16239999,1.5543027,-0.713222351882223
2,1,512290.4850422684,-0.16239999,1.5540737,-0.7134481289458734
2,1,512295.4852385428,-0.16239999,1.5538064,-0.713673907262795
2,1,512300.48543481715,-0.16239999,1.5534818,-0.7138996856572334
2,1,512305.4856310915,-0.16239999,1.553291,-0.7141254622293938
2,1,512310.4858273659,-0.16239999,1.5531955,-0.7143512383422946
2,1,512315.48602364026,-0.16239999,1.5529664,-0.714577013432225
2,1,512320.48621991463,-0.16239999,1.552871,-0.7148027895985143
2,1,512325.486416189,-0.16239999,1.5524701,-0.7150285635635336
2,1,512330.48661246337,-0.16239999,1.552241,-0.7152543409000094
2,1,512335.48680873774,-0.16239999,1.552241,-0.7154801208212579
2,1,512340.4870050121,-0.16239999,1.5518591,-0.7157059025977234
2,1,512345.4872012865,-0.16239999,1.5517255,-0.7159316858149084
2,1,512350.48739756085,-0.16239999,1.5514392,-0.7161574679108449
2,1,512355.4875938352,-0.16239999,1.5512483,-0.7163832497070586
2,1,512360.4877901096,-0.16239999,1.5511147,-0.7166090283607763
2,1,512365.48798638396,-0.16239999,1.550962,-0.7168348073945837
2,1,512370.48818265833,-0.16239999,1.5508474,-0.7170605856306144
2,1,512375.4883789327,-0.16239999,1.5507138,-0.7172863630789291
2,1,512380.48857520707,-0.16239999,1.5504847,-0.7175121431781712
2,1,512385.48877148144,-0.16239999,1.5503701,-0.7177379230049837
2,1,512390.4889677558,-0.16239999,1.5501602,-0.7179637048235433
2,1,512395.4891640302,-0.16239999,1.5500647,-0.7181894834005085
2,1,512400.48936030455,-0.16239999,1.5499883,-0.718415262655147
2,1,512405.4895565789,-0.16239999,1.5495683,-0.7186410427752714
2,1,512410.4897528533,-0.16239999,1.5494156,-0.7188668240170452
2,1,512415.48994912766,-0.16239999,1.5491483,-0.719092603322913
2,1,512420.49014540203,-0.16239999,1.5489575,-0.7193183816450758
2,1,512425.4903416764,-0.16239999,1.5486138,-0.7195441589298296
2,1,512430.49053795077,-0.16239999,1.5484992,-0.7197699383652051
2,1,512435.49073422514,-0.16239999,1.5484992,-0.7199957171247947
2,1,512440.4909304995,-0.16239999,1.548232,-0.720221494653017
2,1,512445.4911267739,-0.16239999,1.5479456,-0.7204472754793414
2,1,512450.49132304825,-0.16239999,1.5477548,-0.7206730556896832
2,1,512455.4915193226,-0.16239999,1.547602,-0.7208988367279634
2,1,512460.491715597,-0.16239999,1.5472775,-0.7211246134505386
2,1,512465.49191187136,-0.16239999,1.5470102,-0.7213503889300871
2,1,512470.4921081457,-0.16239999,1.5468003,-0.7215761665534631
2,1,512475.49230442056,-0.16239999,1.5465521,-0.7218019441787324
2,1,512480.4925006954,-0.16239999,1.5463421,-0.7220277213085068
2,1,512485.49269697024,-0.16239999,1.5462276,-0.7222534999205293
2,1,512490.4928932451,-0.16239999,1.5462085,-0.7224792784115595
2,1,512495.4930895199,-0.16239999,1.546113,-0.7227050573503314
2,1,512500.49328579474,-0.16239999,1.545922,-0.7229308370617195
2,1,512505.4934820696,-0.16239999,1.5455403,-0.7231566136978704
2,1,512510.4936783444,-0.16239999,1.5454448,-0.7233823912282509
2,1,512515.49387461925,-0.16239999,1.5451394,-0.7236081690770633
2,1,512520.4940708941,-0.16239999,1.5451012,-0.7238339461216716
2,1,512525.4942671689,-0.16239999,1.5448722,-0.7240597245822438
2,1,512530.49446344376,-0.16239999,1.5447576,-0.7242855045523268
2,1,512535.4946597186,-0.16239999,1.5445285,-0.7245112852173212
2,1,512540.4948559934,-0.16239999,1.5444522,-0.7247370652606053
2,1,512545.49505226826,-0.16239999,1.5440894,-0.7249628455557828
2,1,512550.4952485431,-0.16239999,1.5439558,-0.7251886270016561
2,1,512555.49544481793,-0.16239999,1.5437648,-0.7254144081567183
2,1,512560.49564109277,-0.16239999,1.5434785,-0.7256401915458446
2,1,512565.4958373676,-0.16239999,1.5435168,-0.7258659731206054
2,1,512570.49603364244,-0.16239999,1.5431349,-0.7260917553534099
2,1,512575.49622991704,-0.16239999,1.5427531,-0.7263175380179175
2,1,512580.49642619165,-0.16239999,1.542715,-0.7265433199959932
2,1,512585.49662246625,-0.16239999,1.5422376,-0.7267691008551979
2,1,512590.49681874085,-0.16239999,1.542104,-0.7269948810375231
2,1,512595.49701501545,-0.16239999,1.5417031,-0.7272206591404433
2,1,512600.49721129006,-0.16239999,1.5415695,-0.7274464362196745
2,1,512605.49740756466,-0.16239999,1.541264,-0.7276722138353501
2,1,512610.49760383926,-0.16239999,1.5410732,-0.7278979913890914
2,1,512615.49780011387,-0.16239999,1.5408441,-0.728123768265257
2,1,512620.49799638847,-0.16239999,1.5407677,-0.7283495441234035
2,1,512625.4981926632,-0.16239999,1.5405577,-0.7285753181242353
2,1,512630.4983889379,-0.16239999,1.5401568,-0.7288010933333848
2,1,512635.49858521216,-0.16239999,1.5400423,-0.7290268670380329
2,1,512640.4987814869,-0.16239999,1.5396986,-0.7292526438865502
2,1,512645.4989777616,-0.16239999,1.5396605,-0.7294784222756274
2,1,512650.4991740363,-0.16239999,1.5393932,-0.7297042004283524
2,1,512655.49937031104,-0.16239999,1.5390306,-0.729929977930371
2,1,512660.49956658576,-0.16239999,1.5389351,-0.7301557548474179
2,1,512665.4997628605,-0.16239999,1.5386487,-0.7303815299377215
2,1,512670.4999591352,-0.16239999,1.5384387,-0.7306073016937406
2,1,512675.5001554099,-0.16239999,1.5382669,-0.7308330750820924
2,1,512680.50035168463,-0.16239999,1.5380951,-0.7310588505407387
2,1,512685.5005479593,-0.16239999,1.5378278,-0.7312846240161481
2,1,512690.500744234,-0.16239999,1.5376178,-0.7315104004333406
2,1,512695.50094050873,-0.16239999,1.5373696,-0.7317361756107291
2,1,512700.5011367834,-0.16239999,1.537255,-0.7319619499031295
2,1,512705.5013330581,-0.16239999,1.5368733,-0.7321877248507594
2,1,512710.50152933283,-0.16239999,1.536816,-0.7324135003110656
2,1,512715.50172560755,-0.16239999,1.5364724,-0.7326392760396497
2,1,512720.50192188227,-0.16239999,1.536377,-0.7328650516540016
2,1,512725.502118157,-0.16239999,1.5361478,-0.7330908276547314
2,1,512730.5023144316,-0.16239999,1.5356133,-0.733316601264642
2,1,512735.5025107062,-0.16239999,1.5355179,-0.7335423735345061
2,1,512740.5027069808,-0.16239999,1.5352697,-0.7337681457903118
2,1,512745.5029032554,-0.16239999,1.5351361,-0.7339939226038122
2,1,512750.50309953,-0.16239999,1.5349834,-0.7342196989919765
2,1,512755.5032958046,-0.16239999,1.5347733,-0.7344454786127977
2,1,512760.50349207944,-0.16239999,1.5343915,-0.7346712574097968
2,1,512765.50368835405,-0.16239999,1.5342388,-0.7348970338496184
2,1,512770.50388462865,-0.16239999,1.5339334,-0.7351228088391
2,1,512775.50408090325,-0.16239999,1.5338379,-0.7353485862166012
2,1,512780.5042771781,-0.16239999,1.5333989,-0.7355743604951508
2,1,512785.5044734529,-0.16239999,1.5332462,-0.7358001377406855
2,1,512790.50466972776,-0.16239999,1.5331125,-0.7360259168497687
2,1,512795.5048660026,-0.16239999,1.5328262,-0.7362516939527342
2,1,512800.5050622774,-0.16239999,1.5324444,-0.7364774725098708
2,1,512805.50525855226,-0.16239999,1.5324062,-0.7367032475586582
2,1,512810.5054548271,-0.16239999,1.5321198,-0.7369290223351128
2,1,512815.50565110194,-0.16239999,1.5318717,-0.7371547965843114
2,1,512820.5058473768,-0.16239999,1.531738,-0.7373805728260195
2,1,512825.5060436516,-0.16239999,1.5316998,-0.7376063488377514
2,1,512830.50623992644,-0.16239999,1.5314708,-0.7378321239263332
2,1,512835.5064362013,-0.16239999,1.5310125,-0.7380579024208619
2,1,512840.5066324761,-0.16239999,1.5308598,-0.738283681165932
2,1,512845.50682875095,-0.16239999,1.5305163,-0.7385094590766597
2,1,512850.5070250258,-0.16239999,1.5303062,-0.7387352379416212
2,1,512855.5072213006,-0.16239999,1.5302107,-0.7389610150279826
2,1,512860.50741757546,-0.16239999,1.5300199,-0.7391867939509651
2,1,512865.5076138503,-0.16239999,1.5297908,-0.7394125718942227
2,1,512870.5078101251,-0.16239999,1.529638,-0.7396383485784936
2,1,512875.5080063995,-0.16239999,1.5295999,-0.7398641253655264
2,1,512880.50820267387,-0.16239999,1.5292181,-0.7400899019383904
2,1,512885.50839894824,-0.16239999,1.5288936,-0.7403156763577511
2,1,512890.5085952226,-0.16239999,1.5287408,-0.7405414499601738
2,1,512895.508791497,-0.16239999,1.5285308,-0.7407672246428513
2,1,512900.50898777135,-0.16239999,1.5283017,-0.7409930015189581
2,1,512905.5091840457,-0.16239999,1.5281872,-0.7412187797074458
2,1,512910.5093803201,-0.16239999,1.5278627,-0.7414445580222125
2,1,512915.50957659446,-0.16239999,1.5275763,-0.7416703368179226
2,1,512920.5097728688,-0.16239999,1.5273091,-0.7418961163745836
2,1,512925.5099691432,-0.16239999,1.527099,-0.7421218945332549
2,1,512930.51016541757,-0.16239999,1.5267173,-0.7423476726299151
2,1,512935.51036169194,-0.16239999,1.5267745,-0.7425734513511574
2,1,512940.5105579663,-0.16239999,1.5264118,-0.7427992294433637
2,1,512945.5107542407,-0.16239999,1.5262018,-0.743025006913502
2,1,512950.51095051505,-0.16239999,1.5261445,-0.7432507866868806
2,1,512955.5111467894,-0.16239999,1.5258391,-0.7434765655431093
2,1,512960.5113430638,-0.16239999,1.52561,-0.7437023445080047
2,1,512965.51153933816,-0.16239999,1.5252283,-0.7439281225585109
2,1,512970.5117356125,-0.16239999,1.5250373,-0.7441539022801436
2,1,512975.5119318869,-0.16239999,1.5248082,-0.7443796753567027
2,1,512980.51212816127,-0.16239999,1.5244837,-0.7446054492408303
2,1,512985.51232443564,-0.16239999,1.5241973,-0.7448312245795098
2,1,512990.51252071,-0.16239999,1.5241401,-0.7450570004234148
2,1,512995.5127169844,-0.16239999,1.5238919,-0.7452827748311037
2,1,513000.51291325875,-0.16239999,1.5236247,-0.7455085495325956
2,1,513005.5131095331,-0.16239999,1.5234337,-0.7457343216492509
2,1,513010.5133058075,-0.16239999,1.5230137,-0.7459600920997064
2,1,513015.51350208186,-0.16239999,1.5229756,-0.746185861402351
2,1,513020.5136983562,-0.16239999,1.5227083,-0.7464116314897554
2,1,513025.5138946306,-0.16239999,1.5226511,-0.7466374003893601
2,1,513030.51409090497,-0.16239999,1.522231,-0.7468631719919195
2,1,513035.51428717934,-0.16239999,1.522002,-0.7470889407096158
2,1,513040.5144834537,-0.16239999,1.521811,-0.7473147088031935
2,1,513045.5146797281,-0.16239999,1.5216202,-0.747540478560889
2,1,513050.51487600245,-0.16239999,1.5212574,-0.747766251256375
2,1,513055.5150722768,-0.16239999,1.5211047,-0.747992025692021
2,1,513060.5152685512,-0.16239999,1.5208184,-0.748217800974471
2,1,513065.51546482556,-0.16239999,1.5206083,-0.7484435737757138
2,1,513070.5156610999,-0.16239999,1.5204175,-0.7486693433433682
2,1,513075.5158573743,-0.16239999,1.5202838,-0.7488951144756685
2,1,513080.51605364867,-0.16239999,1.5199975,-0.7491208814829217
2,1,513085.51624992304,-0.16239999,1.5197493,-0.7493466508665408
2,1,513090.5164461974,-0.16239999,1.5195584,-0.7495724212935369
2,1,513095.5166424718,-0.16239999,1.5192338,-0.7497981922167457
2,1,513100.51683874615,-0.16239999,1.5190239,-0.7500239634176716
2,1,513105.5170350205,-0.16239999,1.518852,-0.7502497323551823
2,1,513110.5172312949,-0.16239999,1.518623,-0.7504755007698982
2,1,513115.51742756926,-0.16239999,1.5181266,-0.7507012680032633
2,1,513120.5176238436,-0.16239999,1.518012,-0.7509270358697092
2,1,513125.517820118,-0.16239999,1.5176685,-0.7511528036032409
2,1,513130.51801639237,-0.16239999,1.5175158,-0.7513785716825292
2,1,513135.51821266674,-0.16239999,1.5171721,-0.7516043395937415
2,1,513140.5184089411,-0.16239999,1.516943,-0.7518301037553738
2,1,513145.5186052155,-0.16239999,1.5167903,-0.7520558706041466
2,1,513150.51880148984,-0.16239999,1.5165613,-0.7522816420789293
2,1,513155.5189977642,-0.16239999,1.5164276,-0.7525074141634196
2,1,513160.5191940386,-0.16239999,1.5161794,-0.7527331868971783
2,1,513165.51939031295,-0.16239999,1.5157595,-0.7529589580975711
2,1,513170.5195865873,-0.16239999,1.5156258,-0.7531847272161417
2,1,513175.5197828617,-0.16239999,1.5151676,-0.753410499442857
2,1,513180.51997913606,-0.16239999,1.5151104,-0.7536362678788874
2,1,513185.52017541043,-0.16239999,1.5146904,-0.7538620338243576
2,1,513190.5203716848,-0.16239999,1.5143849,-0.7540877997114118
2,1,513195.5205679592,-0.16239999,1.5142704,-0.7543135668880656
2,1,513200.52076423354,-0.16239999,1.5141176,-0.7545393364778755
2,1,513205.5209605079,-0.16239999,1.5138695,-0.7547651058074921
2,1,513210.5211567823,-0.16239999,1.5136786,-0.7549908770203341
2,1,513215.52135305665,-0.16239999,1.5134113,-0.7552166387211208
2,1,513220.521549331,-0.16239999,1.513335,-0.755442403005816
2,1,513225.5217456054,-0.16239999,1.5129341,-0.7556681643827888
2,1,513230.52194187976,-0.16239999,1.5126668,-0.7558939265418557
2,1,513235.52213815413,-0.16239999,1.5124758,-0.7561196861826214
2,1,513240.5223344285,-0.16239999,1.5121704,-0.756345446928737
2,1,513245.5225307029,-0.16239999,1.5117123,-0.7565712079703873
2,1,513250.52272697724,-0.16239999,1.5116359,-0.7567969683818452
2,1,513255.5229232516,-0.16239999,1.511426,-0.7570227286464678
2,1,513260.523119526,-0.16239999,1.5112159,-0.757248490097006
2,1,513265.52331580035,-0.16239999,1.5108722,-0.7574742540626151
2,1,513270.5235120752,-0.16239999,1.5107005,-0.7577000159589671
2,1,513275.52370835,-0.16239999,1.5106051,-0.757925778081531
2,1,513280.52390462486,-0.16239999,1.510376,-0.758151539998176
2,1,513285.5241008997,-0.16239999,1.5100514,-0.7583773003013008
2,1,513290.52429717453,-0.16239999,1.5098605,-0.7586030599561713
2,1,513295.52449344937,-0.16239999,1.5094787,-0.7588288211219847
2,1,513300.5246897242,-0.16239999,1.509345,-0.7590545827382552
2,1,513305.52488599904,-0.16239999,1.5089251,-0.7592803462786076
2,1,513310.5250822739,-0.16239999,1.5087152,-0.7595061111020063
2,1,513315.5252785487,-0.16239999,1.5085242,-0.7597318774953755
2,1,513320.52547482355,-0.16239999,1.5083143,-0.7599576418678957
2,1,513325.5256710984,-0.16239999,1.5080278,-0.7601834048428434
2,1,513330.5258673732,-0.16239999,1.508047,-0.7604091697680369
2,1,513335.52606364805,-0.16239999,1.5076078,-0.7606349355244163
2,1,513340.5262599229,-0.16239999,1.507436,-0.7608606995866561
2,1,513345.5264561977,-0.16239999,1.5072452,-0.7610864647896586
2,1,513350.52665247256,-0.16239999,1.5070161,-0.7613122306306749
2,1,513355.5268487474,-0.16239999,1.5068252,-0.7615379972990343
2,1,513360.52704502223,-0.16239999,1.5064815,-0.7617637656992621
2,1,513365.52724129707,-0.16239999,1.5062907,-0.7619895333596324
2,1,513370.52743757167,-0.16239999,1.5059279,-0.762215298151092
2,1,513375.5276338458,-0.16239999,1.5058515,-0.7624410668097101
2,1,513380.5278301204,-0.16239999,1.5054889,-0.7626668364565659
2,1,513385.528026395,-0.16239999,1.5052025,-0.7628926017459065
2,1,513390.5282226696,-0.16239999,1.5050497,-0.7631183676941201
2,1,513395.5284189442,-0.16239999,1.5047252,-0.7633441326282775
2,1,513400.5286152188,-0.16239999,1.504458,-0.7635698944996369
2,1,513405.5288114934,-0.16239999,1.5041716,-0.7637956519228978
2,1,513410.529007768,-0.16239999,1.5039234,-0.7640214114893323
2,1,513415.5292040426,-0.16239999,1.5036371,-0.7642471717368203
2,1,513420.52940031735,-0.16239999,1.5033126,-0.7644729320559043
2,1,513425.52959659207,-0.16239999,1.5030835,-0.7646986898917196
2,1,513430.5297928668,-0.16239999,1.5027398,-0.7649244464600348
2,1,513435.5299891415,-0.16239999,1.5025299,-0.765150204968472
2,1,513440.5301854162,-0.16239999,1.5022435,-0.7653759636333581
2,1,513445.53038169094,-0.16239999,1.5022244,-0.7656017201861355
2,1,513450.53057796566,-0.16239999,1.5017853,-0.7658274796979978
2,1,513455.5307742404,-0.16239999,1.501518,-0.7660532388536694
2,1,513460.5309705151,-0.16239999,1.5013653,-0.7662790003838668
2,1,513465.5311667898,-0.16239999,1.5011363,-0.7665047597903382
2,1,513470.53136306454,-0.16239999,1.5009644,-0.7667305297828834
2,1,513475.53155933926,-0.16239999,1.5005826,-0.7669563007346636
2,1,513480.5317556139,-0.16239999,1.5003154,-0.7671820702144921
2,1,513485.53195188864,-0.16239999,1.5001245,-0.7674078366039647
2,1,513490.53214816336,-0.16239999,1.4998763,-0.7676336017430048
2,1,513495.532344438,-0.16239999,1.4996473,-0.7678593674548487
2,1,513500.532540713,-0.16239999,1.4993227,-0.7680851327403133
2,1,513505.5327369877,-0.16239999,1.4990554,-0.7683108977593791
2,1,513510.5329332624,-0.16239999,1.4987118,-0.76853666095685
2,1,513515.5331295371,-0.16239999,1.4983109,-0.7687624247550786
2,1,513520.53332581185,-0.16239999,1.4982536,-0.7689881845302412
2,1,513525.53352208645,-0.16239999,1.4981009,-0.7692139459709281
2,1,513530.53371836105,-0.16239999,1.4977955,-0.7694397066660346
2,1,513535.53391463566,-0.16239999,1.4975091,-0.7696654676188417
2,1,513540.53411091026,-0.16239999,1.4974136,-0.7698912298828964
2,1,513545.53430718486,-0.16239999,1.4970701,-0.770116993394579
2,1,513550.53450345946,-0.16239999,1.4966692,-0.7703427591301886
2,1,513555.53469973407,-0.16239999,1.4963827,-0.7705685253134059
2,1,513560.53489600844,-0.16239999,1.4961728,-0.7707942950204955
2,1,513565.53509228304,-0.16239999,1.4959437,-0.7710200668186658
2,1,513570.5352885579,-0.16239999,1.4956192,-0.771245839430033
2,1,513575.5354848327,-0.16239999,1.4952374,-0.7714716097604893
2,1,513580.53568110755,-0.16239999,1.4951801,-0.7716973811736335
2,1,513585.5358773824,-0.16239999,1.494951,-0.7719231563772125
2,1,513590.5360736572,-0.16239999,1.4947028,-0.7721489287501231
2,1,513595.53626993205,-0.16239999,1.4942256,-0.7723747032927337
2,1,513600.5364662069,-0.16239999,1.4939584,-0.772600477879076
2,1,513605.5366624817,-0.16239999,1.4937102,-0.7728262510077138
2,1,513610.53685875656,-0.16239999,1.493462,-0.773052024274608
2,1,513615.5370550314,-0.16239999,1.4932328,-0.7732777955417016
2,1,513620.53725130623,-0.16239999,1.493042,-0.7735035695577855
2,1,513625.53744758107,-0.16239999,1.4927174,-0.7737293429992319
2,1,513630.5376438559,-0.16239999,1.4924884,-0.7739551169813031
2,1,513635.53784013074,-0.16239999,1.4921447,-0.7741808932180625
2,1,513640.5380364051,-0.16239999,1.4920301,-0.7744066720077036
2,1,513645.53823267994,-0.16239999,1.4915911,-0.7746324495504495
2,1,513650.5384289548,-0.16239999,1.4913238,-0.7748582258685021
2,1,513655.5386252296,-0.16239999,1.4911711,-0.7750840064287348
2,1,513660.53882150445,-0.16239999,1.4910947,-0.7753097865998162
2,1,513665.5390177793,-0.16239999,1.4906938,-0.7755355641318971
2,1,513670.5392140541,-0.16239999,1.490522,-0.775761344072984
2,1,513675.5394103285,-0.16239999,1.4902548,-0.7759871240031244
2,1,513680.53960660286,-0.16239999,1.4899112,-0.7762129056199918
2,1,513685.53980287723,-0.16239999,1.4896439,-0.776438684581579
2,1,513690.5399991516,-0.16239999,1.4893003,-0.776664460551163
2,1,513695.540195426,-0.16239999,1.4889758,-0.7768902348035637
2,1,513700.54039170034,-0.16239999,1.4885558,-0.7771160098046673
2,1,513705.5405879747,-0.16239999,1.4883648,-0.7773417854868998
2,1,513710.5407842491,-0.16239999,1.4882121,-0.7775675594862381
2,1,513715.54098052345,-0.16239999,1.4878112,-0.7777933390532356
2,1,513720.5411767978,-0.16239999,1.4875249,-0.7780191180802778
2,1,513725.5413730722,-0.16239999,1.4872385,-0.7782448939238873
2,1,513730.54156934656,-0.16239999,1.4869713,-0.7784706715663551
2,1,513735.54176562093,-0.16239999,1.4867421,-0.7786964455395551
2,1,513740.5419618953,-0.16239999,1.4865131,-0.7789222211315072
2,1,513745.5421581697,-0.16239999,1.4861695,-0.7791479958597715
2,1,513750.54235444404,-0.16239999,1.4858258,-0.7793737725171632
2,1,513755.5425507184,-0.16239999,1.485654,-0.77959954768075
2,1,513760.5427469928,-0.16239999,1.4854058,-0.7798253203780274
2,1,513765.54294326715,-0.16239999,1.4852531,-0.7800510942331473
2,1,513770.5431395415,-0.16239999,1.484814,-0.7802768687643677
2,1,513775.5433358159,-0.16239999,1.484604,-0.7805026432124322
2,1,513780.54353209026,-0.16239999,1.484165,-0.7807284179980974
2,1,513785.54372836463,-0.16239999,1.4838977,-0.7809541938601446
2,1,513790.543924639,-0.16239999,1.4837831,-0.7811799677017617
2,1,513795.5441209134,-0.16239999,1.4833441,-0.7814057402040788
2,1,513800.54431718774,-0.16239999,1.4830005,-0.7816315120277781
2,1,513805.5445134621,-0.16239999,1.4828095,-0.781857285056156
2,1,513810.5447097365,-0.16239999,1.4821604,-0.7820830608644648
2,1,513815.54490601085,-0.16239999,1.4821223,-0.7823088339175694
2,1,513820.5451022852,-0.16239999,1.4817405,-0.7825346104335045
2,1,513825.5452985596,-0.16239999,1.4813205,-0.7827603858712304
2,1,513830.54549483396,-0.16239999,1.4811678,-0.7829861621893269
2,1,513835.54569110833,-0.16239999,1.4808433,-0.7832119397012398
2,1,513840.5458873827,-0.16239999,1.4807097,-0.7834377178642382
2,1,513845.5460836571,-0.16239999,1.480366,-0.7836634965357744
2,1,513850.54627993144,-0.16239999,1.4801178,-0.7838892753548246
2,1,513855.5464762058,-0.16239999,1.4797742,-0.784115053698676
2,1,513860.5466724802,-0.16239999,1.479507,-0.7843408330934408
2,1,513865.54686875455,-0.16239999,1.4792969,-0.7845666116035966
2,1,513870.5470650289,-0.16239999,1.4789534,-0.7847923927738862
2,1,513875.5472613033,-0.16239999,1.4787242,-0.7850181714990657
2,1,513880.54745757766,-0.16239999,1.4784188,-0.7852439536058767
2,1,513885.54765385203,-0.16239999,1.4781516,-0.7854697373498916
2,1,513890.5478501264,-0.16239999,1.477827,-0.7856955228373281
2,1,513895.54804640077,-0.16239999,1.4775215,-0.7859213047530772
2,1,513900.54824267514,-0.16239999,1.4772924,-0.7861470843307555
2,1,513905.5484389495,-0.16239999,1.4769489,-0.786372863392847
2,1,513910.5486352239,-0.16239999,1.4768343,-0.7865986434014924
2,1,513915.54883149825,-0.16239999,1.4765289,-0.7868244226486224
2,1,513920.5490277726,-0.16239999,1.4763571,-0.7870502007663354
2,1,513925.549224047,-0.16239999,1.4759562,-0.7872759805843023
2,1,513930.54942032136,-0.16239999,1.4756507,-0.7875017592217463
2,1,513935.54961659573,-0.16239999,1.4753643,-0.7877275399408311
2,1,513940.5498128701,-0.16239999,1.4750017,-0.7879533190545676
2,1,513945.55000914447,-0.16239999,1.4748298,-0.7881790961836034
2,1,513950.55020541884,-0.16239999,1.4744098,-0.7884048755504509
2,1,513955.5504016932,-0.16239999,1.4741616,-0.7886306548025918
2,1,513960.5505979676,-0.16239999,1.4739898,-0.7888564318637727
2,1,513965.55079424195,-0.16239999,1.4736654,-0.7890822078931534
2,1,513970.5509905163,-0.16239999,1.4733407,-0.7893079856820914
2,1,513975.5511867907,-0.16239999,1.473188,-0.7895337658973663
2,1,513980.55138306506,-0.16239999,1.4726535,-0.7897595459735564
2,1,513985.55157933943,-0.16239999,1.4724436,-0.7899853246245405
2,1,513990.5517756138,-0.16239999,1.4720808,-0.7902111056037037
2,1,513995.55197188817,-0.16239999,1.471699,-0.7904368867619671
2,1,514000.55216816254,-0.16239999,1.4714508,-0.7906626664904518
2,1,514005.5523644369,-0.16239999,1.47126,-0.7908884456470655
2,1,514010.5525607113,-0.16239999,1.4708972,-0.7911142228760509
2,1,514015.55275698565,-0.16239999,1.4705536,-0.7913400003975519
2,1,514020.55295326,-0.16239999,1.4702864,-0.7915657781862075
2,1,514025.5531495344,-0.16239999,1.4700763,-0.7917915518497763
2,1,514030.55334580876,-0.16239999,1.4698472,-0.7920173262083138
2,1,514035.55354208313,-0.16239999,1.46937,-0.7922431035464808
2,1,514040.5537383575,-0.16239999,1.4692554,-0.7924688813318937
2,1,514045.55393463187,-0.16239999,1.4689119,-0.7926946582724002
2,1,514050.55413090624,-0.16239999,1.4684918,-0.7929204361088902
2,1,514055.5543271806,-0.16239999,1.4682819,-0.793146214480317
2,1,514060.554523455,-0.16239999,1.4679765,-0.7933719910542034
2,1,514065.5547197298,-0.16239999,1.4676328,-0.7935977672913618
2,1,514070.55491600465,-0.16239999,1.4672892,-0.7938235421398552
2,1,514075.5551122795,-0.16239999,1.4668119,-0.7940493181522709
2,1,514080.5553085543,-0.16239999,1.4666018,-0.794275096157846
2,1,514085.55550482916,-0.16239999,1.4663538,-0.7945008751258374
2,1,514090.555701104,-0.16239999,1.4658955,-0.7947266537827282
2,1,514095.5558973788,-0.16239999,1.4657238,-0.794952432441783
2,1,514100.55609365366,-0.16239999,1.4655329,-0.795178210343243
2,1,514105.5562899285,-0.16239999,1.4651892,-0.7954039861736567
2,1,514110.55648620287,-0.16239999,1.4647502,-0.7956297620944767
2,1,514115.5566824777,-0.16239999,1.4644829,-0.7958555378461319
2,1,514120.55687875254,-0.16239999,1.4643302,-0.7960813161963014
2,1,514125.5570750274,-0.16239999,1.4639293,-0.7963070941197985
2,1,514130.5572713022,-0.16239999,1.4633565,-0.7965328730130523
2,1,514135.55746757705,-0.16239999,1.4631275,-0.7967586526763013
2,1,514140.5576638519,-0.16239999,1.4628602,-0.796984432445736
2,1,514145.5578601267,-0.16239999,1.462593,-0.7972102115983652
2,1,514150.55805640155,-0.16239999,1.4623066,-0.7974359910428975
2,1,514155.5582526764,-0.16239999,1.4620203,-0.7976617750010486
2,1,514160.5584489512,-0.16239999,1.461753,-0.7978875587270198
2,1,514165.5586452258,-0.16239999,1.4613521,-0.7981133404871701
2,1,514170.55884150043,-0.16239999,1.4610084,-0.7983391242404881
2,1,514175.55903777503,-0.16239999,1.4607793,-0.7985649109338252
2,1,514180.55923404964,-0.16239999,1.4605312,-0.798790700744423
2,1,514185.55943032424,-0.16239999,1.4601685,-0.7990164904711274
2,1,514190.55962659884,-0.16239999,1.4597867,-0.7992422790731079
2,1,514195.55982287345,-0.16239999,1.4595385,-0.7994680666811038
2,1,514200.56001914805,-0.16239999,1.459233,-0.7996938533015684
2,1,514205.56021542265,-0.16239999,1.4589276,-0.7999196412010443
2,1,514210.56041169725,-0.16239999,1.4586985,-0.8001454265034168
2,1,514215.560607972,-0.16239999,1.4584122,-0.8003712122336115
2,1,514220.5608042467,-0.16239999,1.4581258,-0.8005969989459997
2,1,514225.5610005214,-0.16239999,1.457744,-0.8008227875680545
2,1,514230.56119679613,-0.16239999,1.4575149,-0.8010485735604327
2,1,514235.5613930711,-0.16239999,1.4572476,-0.8012743584785903
2,1,514240.5615893458,-0.16239999,1.456904,-0.8015001419728376
2,1,514245.5617856205,-0.16239999,1.4565794,-0.8017259254620798
2,1,514250.56198189524,-0.16239999,1.456274,-0.8019517105928653
2,1,514255.56217816996,-0.16239999,1.4560449,-0.8021774939711386
2,1,514260.5623744447,-0.16239999,1.4556632,-0.8024032778610598
2,1,514265.5625707194,-0.16239999,1.455224,-0.8026290607226386
2,1,514270.5627669941,-0.16239999,1.454976,-0.8028548416721285
2,1,514275.56296326884,-0.16239999,1.4544414,-0.8030806238200361
2,1,514280.5631595435,-0.16239999,1.4542314,-0.8033064086620164
2,1,514285.5633558182,-0.16239999,1.4541551,-0.8035321913497724
2,1,514290.5635520929,-0.16239999,1.4537733,-0.8037579728193633
2,1,514295.5637483676,-0.16239999,1.4533724,-0.8039837554120399
2,1,514300.5639446422,-0.16239999,1.453086,-0.8042095375270474
2,1,514305.5641409169,-0.16239999,1.4528569,-0.8044353170452385
2,1,514310.56433719164,-0.16239999,1.4525515,-0.8046610962349684
2,1,514315.56453346624,-0.16239999,1.4521506,-0.8048868755560048
2,1,514320.56472974084,-0.16239999,1.4519024,-0.8051126556145055
2,1,514325.56492601545,-0.16239999,1.451616,-0.8053384354020501
2,1,514330.56512229005,-0.16239999,1.4512151,-0.8055642150964392
2,1,514335.56531856465,-0.16239999,1.4511197,-0.8057899964920806
2,1,514340.56551483925,-0.16239999,1.4507188,-0.8060157782175204
2,1,514345.56571111386,-0.16239999,1.4505088,-0.8062415598864698
2,1,514350.56590738846,-0.16239999,1.4502033,-0.8064673413605626
2,1,514355.56610366306,-0.16239999,1.4497643,-0.8066931221730207
2,1,514360.56629993767,-0.16239999,1.4492679,-0.8069189012812048
2,1,514365.5664962125,-0.16239999,1.4490198,-0.8071446801363646
2,1,514370.56669248734,-0.16239999,1.4487333,-0.8073704565856434
2,1,514375.5668887622,-0.16239999,1.4483134,-0.8075962328718912
2,1,514380.56708503654,-0.16239999,1.4480461,-0.8078220091609478
2,1,514385.5672813114,-0.16239999,1.4476452,-0.8080477854432748
2,1,514390.5674775862,-0.16239999,1.4471871,-0.8082735622393542
2,1,514395.56767386105,-0.16239999,1.4471107,-0.8084993398557077
2,1,514400.5678701359,-0.16239999,1.4467099,-0.8087251184440639
2,1,514405.5680664107,-0.16239999,1.4463471,-0.8089508924590104
2,1,514410.56826268556,-0.16239999,1.4460034,-0.8091766639926147
2,1,514415.5684589604,-0.16239999,1.445698,-0.8094024357985865
2,1,514420.5686552352,-0.16239999,1.4453926,-0.80962821143807
2,1,514425.56885151006,-0.16239999,1.4450872,-0.8098539879445246
2,1,514430.5690477849,-0.16239999,1.4447054,-0.8100797632240763
2,1,514435.56924405973,-0.16239999,1.4443235,-0.8103055378324019
2,1,514440.56944033457,-0.16239999,1.4441518,-0.8105313125321287
2,1,514445.5696366094,-0.16239999,1.4436363,-0.8107570895799359
2,1,514450.56983288424,-0.16239999,1.44335,-0.8109828647084503
2,1,514455.5700291591,-0.16239999,1.4430063,-0.8112086404943261
2,1,514460.5702254339,-0.16239999,1.4425863,-0.8114344164947083
2,1,514465.57042170875,-0.16239999,1.4424717,-0.8116601929129786
2,1,514470.5706179831,-0.16239999,1.4420899,-0.8118859719085414
2,1,514475.5708142575,-0.16239999,1.4417654,-0.8121117477913997
2,1,514480.57101053186,-0.16239999,1.4413073,-0.8123375267052834
2,1,514485.5712068062,-0.16239999,1.4411354,-0.8125633067259748
2,1,514490.5714030806,-0.16239999,1.4407345,-0.8127890849055872
2,1,514495.57159935497,-0.16239999,1.4404482,-0.8130148632763194
2,1,514500.57179562934,-0.16239999,1.4401809,-0.8132406407840592
2,1,514505.5719919037,-0.16239999,1.4397228,-0.8134664184853477
2,1,514510.5721881781,-0.16239999,1.4393791,-0.8136921927636739
2,1,514515.57238445245,-0.16239999,1.4392073,-0.813917967425152
2,1,514520.5725807268,-0.16239999,1.4389782,-0.8141437440376557
2,1,514525.5727770012,-0.16239999,1.4384246,-0.8143695204743008
2,1,514530.57297327556,-0.16239999,1.4381192,-0.8145952966679154
2,1,514535.5731695499,-0.16239999,1.4377947,-0.8148210734396819
2,1,514540.5733658243,-0.16239999,1.4375656,-0.8150468476769115
2,1,514545.57356209867,-0.16239999,1.4372411,-0.8152726217119787
2,1,514550.57375837304,-0.16239999,1.4368783,-0.8154983961289965
2,1,514555.5739546474,-0.16239999,1.4367065,-0.815724168958309
2,1,514560.5741509218,-0.16239999,1.4364965,-0.8159499407717836
2,1,514565.57434719615,-0.16239999,1.4360574,-0.8161757116903591
2,1,514570.5745434705,-0.16239999,1.4356565,-0.8164014853799081
2,1,514575.5747397449,-0.16239999,1.4352938,-0.8166272616834718
2,1,514580.57493601926,-0.16239999,1.4349693,-0.816853038486341
2,1,514585.5751322936,-0.16239999,1.4346447,-0.8170788167126578
2,1,514590.575328568,-0.16239999,1.4342438,-0.8173045954654591
2,1,514595.57552484237,-0.16239999,1.4338812,-0.817530376343796
2,1,514600.57572111674,-0.16239999,1.433633,-0.8177561539856049
2,1,514605.5759173911,-0.16239999,1.4334993,-0.8179819330197997
2,1,514610.5761136655,-0.16239999,1.4329839,-0.8182077104103336
2,1,514615.57630993985,-0.16239999,1.432583,-0.818433485611708
2,1,514620.5765062142,-0.16239999,1.4323539,-0.8186592607536922
2,1,514625.5767024886,-0.16239999,1.4322394,-0.8188850351582403
2,1,514630.57689876296,-0.16239999,1.4317812,-0.8191108123695803
2,1,514635.5770950373,-0.16239999,1.4314948,-0.819336586983214
2,1,514640.5772913117,-0.16239999,1.4310558,-0.819562361177313
2,1,514645.57748758607,-0.16239999,1.4308457,-0.8197881350712886
2,1,514650.57768386044,-0.16239999,1.4305403,-0.8200139090465525
2,1,514655.5778801348,-0.16239999,1.4298912,-0.8202396800673284
2,1,514660.5780764092,-0.16239999,1.429624,-0.8204654524585739
2,1,514665.57827268355,-0.16239999,1.4293567,-0.8206912253052718
2,1,514670.5784689579,-0.16239999,1.428975,-0.8209169979452956
2,1,514675.5786652323,-0.16239999,1.4288031,-0.8211427719248717
2,1,514680.57886150666,-0.16239999,1.428154,-0.82136854395716
2,1,514685.579057781,-0.16239999,1.4280586,-0.8215943179095531
2,1,514690.5792540554,-0.16239999,1.4276768,-0.8218200952169045
2,1,514695.57945032977,-0.16239999,1.427295,-0.8220458703030068
2,1,514700.57964660414,-0.16239999,1.4268368,-0.8222716475031203
2,1,514705.5798428785,-0.16239999,1.4264932,-0.8224974262347189
2,1,514710.5800391529,-0.16239999,1.4262832,-0.8227232030553264
2,1,514715.58023542725,-0.16239999,1.4259586,-0.8229489774620692
2,1,514720.5804317016,-0.16239999,1.425596,-0.8231747518740662
2,1,514725.580627976,-0.16239999,1.4253095,-0.8234005266164476
2,1,514730.58082425036,-0.16239999,1.424966,-0.8236263002589362
2,1,514735.5810205247,-0.16239999,1.4246606,-0.8238520724282912
2,1,514740.5812167991,-0.16239999,1.4243742,-0.8240778448878834
2,1,514745.58141307347,-0.16239999,1.4239924,-0.8243036158249188
2,1,514750.58160934784,-0.16239999,1.4235724,-0.8245293883017037
2,1,514755.5818056222,-0.16239999,1.4231524,-0.824755162370099
2,1,514760.5820018966,-0.16239999,1.4229424,-0.8249809335475656
2,1,514765.58219817095,-0.16239999,1.4224843,-0.8252067039795808
2,1,514770.5823944453,-0.16239999,1.4221597,-0.8254324755071087
2,1,514775.5825907197,-0.16239999,1.4217588,-0.8256582465536612
2,1,514780.58278699405,-0.16239999,1.4214724,-0.825884015572832
2,1,514785.5829832684,-0.16239999,1.4210906,-0.8261097873816541
2,1,514790.5831795428,-0.16239999,1.4206706,-0.8263355622054372
2,1,514795.58337581716,-0.16239999,1.4204988,-0.8265613364836012
2,1,514800.58357209153,-0.16239999,1.4201552,-0.8267871126972877
2,1,514805.5837683659,-0.16239999,1.4197925,-0.8270128897843204
2,1,514810.5839646403,-0.16239999,1.4192961,-0.8272386677849309
2,1,514815.58416091464,-0.16239999,1.4189143,-0.8274644451249606
2,1,514820.584357189,-0.16239999,1.4186089,-0.8276902185751143
2,1,514825.5845534634,-0.16239999,1.4183416,-0.8279159909766358
2,1,514830.58474973775,-0.16239999,1.417998,-0.8281417641392798
2,1,514835.5849460121,-0.16239999,1.4177116,-0.8283675387500632
2,1,514840.5851422865,-0.16239999,1.4172153,-0.8285933149453716
2,1,514845.58533856086,-0.16239999,1.416929,-0.8288190910399208
2,1,514850.58553483523,-0.16239999,1.4164517,-0.8290448629022025
2,1,514855.5857311096,-0.16239999,1.4162416,-0.8292706348642251
2,1,514860.585927384,-0.16239999,1.4157454,-0.829496407064057
2,1,514865.5861236588,-0.16239999,1.4155163,-0.829722180851053
2,1,514870.58631993365,-0.16239999,1.4150772,-0.8299479551844845
2,1,514875.5865162085,-0.16239999,1.4146572,-0.8301737309353384
2,1,514880.5867124833,-0.16239999,1.4143517,-0.8303995042748111
2,1,514885.58690875815,-0.16239999,1.4142754,-0.8306252772821394
2,1,514890.587105033,-0.16239999,1.4137027,-0.8308510499542371
2,1,514895.5873013078,-0.16239999,1.4135882,-0.8310768235758931
2,1,514900.58749758266,-0.16239999,1.4131682,-0.8313025983724891
2,1,514905.5876938575,-0.16239999,1.4129772,-0.8315283732553719
2,1,514910.58789013233,-0.16239999,1.4125763,-0.8317541473252068
2,1,514915.58808640717,-0.16239999,1.4122328,-0.8319799183672193
2,1,514920.588282682,-0.16239999,1.41187,-0.8322056890395299
2,1,514925.58847895684,-0.16239999,1.411431,-0.8324314599691379
2,1,514930.5886752317,-0.16239999,1.4111446,-0.8326572315273664
2,1,514935.5888715065,-0.16239999,1.4108009,-0.8328830025018468
2,1,514940.58906778134,-0.16239999,1.4104764,-0.8331087746656228
2,1,514945.5892640562,-0.16239999,1.4101328,-0.833334547868601
2,1,514950.589460331,-0.16239999,1.4097128,-0.83356032282594
2,1,514955.58965660585,-0.16239999,1.4094646,-0.8337860974877194
2,1,514960.58985288045,-0.16239999,1.409102,-0.834011870004903
2,1,514965.59004915506,-0.16239999,1.4086628,-0.8342376417978065
2,1,514970.59024542966,-0.16239999,1.4082811,-0.8344634131787566
2,1,514975.5904417045,-0.16239999,1.4079947,-0.8346891854556175
2,1,514980.5906379791,-0.16239999,1.4075174,-0.8349149580117345
2,1,514985.5908342537,-0.16239999,1.4069257,-0.8351407314142988
2,1,514990.5910305283,-0.16239999,1.4065057,-0.8353665042824983
2,1,514995.5912268029,-0.16239999,1.4063529,-0.8355922798670875
2,1,515000.5914230775,-0.16239999,1.405952,-0.8358180530007246
2,1,515005.5916193521,-0.16239999,1.4053793,-0.8360438275835105
2,1,515010.59181562683,-0.16239999,1.4051694,-0.836269601252
2,1,515015.59201190155,-0.16239999,1.404692,-0.8364953734547104
2,1,515020.59220817627,-0.16239999,1.4044057,-0.8367211414630096
2,1,515025.592404451,-0.16239999,1.4039093,-0.83694690906117
2,1,515030.5926007257,-0.16239999,1.4036613,-0.8371726800420132
2,1,515035.5927970004,-0.16239999,1.4032604,-0.8373984507620231
2,1,515040.59299327503,-0.16239999,1.4029357,-0.8376242228033298
2,1,515045.59318954975,-0.16239999,1.4025158,-0.8378499940120723
2,1,515050.59338582447,-0.16239999,1.4020767,-0.8380757621097346
2,1,515055.5935820992,-0.16239999,1.4018667,-0.8383015331192708
2,1,515060.5937783739,-0.16239999,1.4014467,-0.8385273009834981
2,1,515065.59397464857,-0.16239999,1.4011413,-0.8387530715206916
2,1,515070.5941709233,-0.16239999,1.400664,-0.8389788418164481
2,1,515075.594367198,-0.16239999,1.4003395,-0.8392046123521762
2,1,515080.5945634727,-0.16239999,1.4000531,-0.8394303827233931
2,1,515085.5947597474,-0.16239999,1.3996332,-0.83965615318444
2,1,515090.5949560221,-0.16239999,1.3991177,-0.8398819243238018
2,1,515095.5951522968,-0.16239999,1.3988123,-0.8401076971692945
2,1,515100.59534857154,-0.16239999,1.3985068,-0.840333470674685
2,1,515105.59554484626,-0.16239999,1.3980105,-0.8405592473208305
2,1,515110.59574112087,-0.16239999,1.3976096,-0.8407850227894432
2,1,515115.595937395,-0.16239999,1.3971705,-0.8410107947315645
2,1,515120.5961336696,-0.16239999,1.3967314,-0.8412365654273344
2,1,515125.5963299442,-0.16239999,1.396426,-0.8414623349333369
2,1,515130.5965262188,-0.16239999,1.3960824,-0.8416881052308741
2,1,515135.5967224934,-0.16239999,1.3955096,-0.8419138768740533
2,1,515140.596918768,-0.16239999,1.3950896,-0.8421396485766177
2,1,515145.5971150426,-0.16239999,1.3947651,-0.8423654216602714
2,1,515150.5973113172,-0.16239999,1.3944788,-0.8425911942737281
2,1,515155.5975075918,-0.16239999,1.3941542,-0.8428169641748919
2,1,515160.59770386666,-0.16239999,1.3937724,-0.8430427356241689
2,1,515165.5979001415,-0.16239999,1.3935434,-0.843268506963371
2,1,515170.59809641633,-0.16239999,1.3932188,-0.843494279062649
2,1,515175.59829269117,-0.16239999,1.3926461,-0.8437200492179455
2,1,515180.598488966,-0.16239999,1.3923407,-0.8439458171634339
2,1,515185.59868524084,-0.16239999,1.392016,-0.8441715872826406
2,1,515190.5988815157,-0.16239999,1.3914243,-0.8443973559288817
2,1,515195.5990777905,-0.16239999,1.3912144,-0.8446231264923624
2,1,515200.59927406535,-0.16239999,1.3907943,-0.8448489014093647
2,1,515205.5994703402,-0.16239999,1.3904126,-0.8450746791604811
2,1,515210.599666615,-0.16239999,1.3899926,-0.8453004566066111
2,1,515215.59986288985,-0.16239999,1.3895344,-0.8455262315186008
2,1,515220.6000591647,-0.16239999,1.3892289,-0.8457520054121624
2,1,515225.6002554395,-0.16239999,1.3887516,-0.8459777766814434
2,1,515230.60045171436,-0.16239999,1.3883317,-0.8462035504594316
2,1,515235.6006479892,-0.16239999,1.3879881,-0.8464293218472115
2,1,515240.60084426403,-0.16239999,1.3876063,-0.8466550916169405
2,1,515245.60104053887,-0.16239999,1.3872818,-0.8468808613013107
2,1,515250.6012368137,-0.16239999,1.3868235,-0.8471066289759133
2,1,515255.60143308854,-0.16239999,1.38648,-0.8473323997026991
2,1,515260.6016293634,-0.16239999,1.3860791,-0.8475581715472923
2,1,515265.60182563774,-0.16239999,1.3854681,-0.8477839426395399
2,1,515270.6020219121,-0.16239999,1.3851436,-0.8480097123682295
2,1,515275.6022181865,-0.16239999,1.3848954,-0.8482354793072181
2,1,515280.60241446085,-0.16239999,1.3844564,-0.8484612459851515
2,1,515285.6026107352,-0.16239999,1.3840364,-0.8486870146059099
2,1,515290.6028070096,-0.16239999,1.38354,-0.8489127823738781
2,1,515295.60300328396,-0.16239999,1.3833873,-0.8491385511793621
2,1,515300.60319955833,-0.16239999,1.3828719,-0.8493643197944026
2,1,515305.6033958327,-0.16239999,1.382471,-0.8495900889495249
2,1,515310.6035921071,-0.16239999,1.3819937,-0.8498158605286845
2,1,515315.60378838144,-0.16239999,1.3815737,-0.8500416319111439
2,1,515320.6039846558,-0.16239999,1.3812683,-0.8502674016072538
2,1,515325.6041809302,-0.16239999,1.381001,-0.8504931689330499
2,1,515330.60437720455,-0.16239999,1.3805238,-0.850718932948261
2,1,515335.6045734789,-0.16239999,1.380142,-0.8509446986545021
2,1,515340.6047697533,-0.16239999,1.379531,-0.8511704662049183
2,1,515345.60496602766,-0.16239999,1.3791875,-0.85139623441661
2,1,515350.60516230203,-0.16239999,1.3788247,-0.8516220027245492
2,1,515355.6053585764,-0.16239999,1.3785765,-0.8518477687683919
2,1,515360.6055548508,-0.16239999,1.3780802,-0.8520735334582521
2,1,515365.60575112514,-0.16239999,1.3777556,-0.8522993006604929
2,1,515370.6059473995,-0.16239999,1.3772593,-0.8525250666812586
2,1,515375.6061436739,-0.16239999,1.3768393,-0.8527508315934227
2,1,515380.60633994825,-0.16239999,1.3765148,-0.8529765973929352
2,1,515385.6065362226,-0.16239999,1.3760184,-0.8532023595211518
2,1,515390.606732497,-0.16239999,1.3756175,-0.8534281202790244
2,1,515395.60692877136,-0.16239999,1.3753694,-0.8536538847839016
2,1,515400.60712504573,-0.16239999,1.3748921,-0.8538796508846815
2,1,515405.6073213201,-0.16239999,1.3744912,-0.8541054181198067
2,1,515410.6075175945,-0.16239999,1.374224,-0.8543311876056926
2,1,515415.60771386884,-0.16239999,1.3737658,-0.8545569585472572
2,1,515420.6079101432,-0.16239999,1.3732694,-0.8547827290019322
2,1,515425.6081064176,-0.16239999,1.3731358,-0.855008499898569
2,1,515430.60830269195,-0.16239999,1.3725631,-0.8552342684987356
2,1,515435.6084989663,-0.16239999,1.3721431,-0.8554600377022098
2,1,515440.6086952407,-0.16239999,1.3717232,-0.8556858075931805
2,1,515445.60889151506,-0.16239999,1.3714176,-0.8559115775253263
2,1,515450.60908778943,-0.16239999,1.370864,-0.856137343341932
2,1,515455.6092840638,-0.16239999,1.3703868,-0.8563631108837992
2,1,515460.6094803382,-0.16239999,1.3701577,-0.8565888779405683
2,1,515465.60967661254,-0.16239999,1.3696805,-0.8568146451109577
2,1,515470.6098728869,-0.16239999,1.3691841,-0.8570404118086062
2,1,515475.6100691613,-0.16239999,1.3687451,-0.8572661816257392
2,1,515480.61026543565,-0.16239999,1.368325,-0.8574919527842714
2,1,515485.61046171,-0.16239999,1.3679624,-0.8577177229767985
2,1,515490.6106579844,-0.16239999,1.3675615,-0.8579434930156673
2,1,515495.61085425876,-0.16239999,1.3671796,-0.8581692618681785
2,1,515500.61105053313,-0.16239999,1.3668551,-0.8583950332471146
2,1,515505.6112468075,-0.16239999,1.3663778,-0.8586208055834734
2,1,515510.61144308187,-0.16239999,1.365996,-0.8588465781618395
2,1,515515.61163935624,-0.16239999,1.3655951,-0.8590723501811265
2,1,515520.6118356306,-0.16239999,1.3651179,-0.8592981218831693
2,1,515525.612031905,-0.16239999,1.3648506,-0.859523895207798
2,1,515530.61222817935,-0.16239999,1.3643352,-0.8597496681389624
2,1,515535.6124244537,-0.16239999,1.3639534,-0.8599754404636163
2,1,515540.6126207281,-0.16239999,1.3633997,-0.8602012141580057
2,1,515545.61281700246,-0.16239999,1.3631516,-0.8604269865687726
2,1,515550.61301327683,-0.16239999,1.3626934,-0.8606527595778576
2,1,515555.6132095512,-0.16239999,1.3622925,-0.8608785324213725
2,1,515560.61340582557,-0.16239999,1.3621207,-0.8611043046732301
2,1,515565.61360209994,-0.16239999,1.3615098,-0.8613300775322222
2,1,515570.6137983743,-0.16239999,1.3612616,-0.8615558471940544
2,1,515575.6139946487,-0.16239999,1.3607463,-0.8617816180616331
2,1,515580.61419092305,-0.16239999,1.3604598,-0.8620073904917517
2,1,515585.6143871974,-0.16239999,1.3600208,-0.8622331611368569
2,1,515590.6145834718,-0.16239999,1.3596008,-0.8624589325355602
2,1,515595.61477974616,-0.16239999,1.3590853,-0.8626847067454371
2,1,515600.61497602053,-0.16239999,1.3587799,-0.862910480794782
2,1,515605.6151722949,-0.16239999,1.3583026,-0.8631362561663253
2,1,515610.61536856927,-0.16239999,1.3580353,-0.8633620340310993
2,1,515615.61556484364,-0.16239999,1.3576536,-0.8635878090371353
2,1,515620.615761118,-0.16239999,1.3572336,-0.863813585215453
2,1,515625.6159573924,-0.16239999,1.3568135,-0.8640393623039139
2,1,515630.61615366675,-0.16239999,1.3564318,-0.8642651397694561
2,1,515635.6163499411,-0.16239999,1.3558782,-0.8644909161183507
2,1,515640.6165462155,-0.16239999,1.3556873,-0.8647166905048337
2,1,515645.61674248986,-0.16239999,1.3552101,-0.8649424679342885
2,1,515650.61693876423,-0.16239999,1.3547328,-0.8651682439446098
2,1,515655.6171350386,-0.16239999,1.3544083,-0.8653940173335685
2,1,515660.61733131343,-0.16239999,1.3538928,-0.8656197930037732
2,1,515665.61752758827,-0.16239999,1.3535682,-0.8658455694329926
2,1,515670.6177238631,-0.16239999,1.3529574,-0.8660713459063641
2,1,515675.61792013794,-0.16239999,1.352461,-0.8662971216343208
2,1,515680.6181164128,-0.16239999,1.3521365,-0.8665228977737938
2,1,515685.6183126876,-0.16239999,1.3516401,-0.8667486768719957
2,1,515690.61850896245,-0.16239999,1.3511056,-0.8669744595079097
2,1,515695.6187052373,-0.16239999,1.350552,-0.8672002424604958
2,1,515700.6189015121,-0.16239999,1.350342,-0.8674260233271667
2,1,515705.61909778696,-0.16239999,1.3498647,-0.8676518066296725
2,1,515710.6192940618,-0.16239999,1.349502,-0.8678775897392124
2,1,515715.6194903366,-0.16239999,1.3490248,-0.8681033674741054
2,1,515720.61968661146,-0.16239999,1.3486811,-0.8683291448484922
2,1,515725.6198828863,-0.16239999,1.3480321,-0.8685549222808031
2,1,515730.62007916113,-0.16239999,1.3478793,-0.8687807010658183
2,1,515735.62027543597,-0.16239999,1.3474402,-0.8690064787468859
2,1,515740.6204717108,-0.16239999,1.346963,-0.8692322573557594
2,1,515745.62066798564,-0.16239999,1.3465048,-0.8694580334310803
2,1,515750.6208642605,-0.16239999,1.3460848,-0.8696838074269947
2,1,515755.6210605353,-0.16239999,1.3457794,-0.869909583294288
2,1,515760.6212568099,-0.16239999,1.3453594,-0.8701353602818647
2,1,515765.6214530845,-0.16239999,1.3447868,-0.8703611350879809
2,1,515770.6216493591,-0.16239999,1.3444622,-0.8705869097211194
2,1,515775.6218456337,-0.16239999,1.3440995,-0.8708126826521297
2,1,515780.6220419083,-0.16239999,1.3435458,-0.8710384562496161
2,1,515785.6222381829,-0.16239999,1.3430495,-0.8712642315263557
2,1,515790.62243445753,-0.16239999,1.3427441,-0.8714900075783232
2,1,515795.62263073213,-0.16239999,1.3421141,-0.8717157821949653
2,1,515800.62282700674,-0.16239999,1.3419614,-0.8719415571921607
2,1,515805.62302328134,-0.16239999,1.3414459,-0.8721673326635317
2,1,515810.62321955606,-0.16239999,1.340835,-0.8723931107387408
2,1,515815.6234158308,-0.16239999,1.340606,-0.872618890048127
2,1,515820.6236121055,-0.16239999,1.3402432,-0.8728446650942049
2,1,515825.6238083802,-0.16239999,1.3396132,-0.8730704391396144
2,1,515830.62400465494,-0.16239999,1.3393459,-0.8732962131182658
2,1,515835.62420092965,-0.16239999,1.3388114,-0.8735219844511705
2,1,515840.6243972044,-0.16239999,1.338525,-0.8737477559064385
2,1,515845.6245934791,-0.16239999,1.3380097,-0.8739735301843069
2,1,515850.6247897538,-0.16239999,1.3375896,-0.8741993025210225
2,1,515855.62498602807,-0.16239999,1.3371506,-0.8744250752911359
2,1,515860.6251823027,-0.16239999,1.3367687,-0.8746508471336387
2,1,515865.62537857745,-0.16239999,1.3363488,-0.8748766184977232
2,1,515870.62557485217,-0.16239999,1.3361198,-0.8751023935703857
2,1,515875.6257711269,-0.16239999,1.3355088,-0.87532816546656
2,1,515880.6259674016,-0.16239999,1.3350698,-0.8755539368263
2,1,515885.62616367626,-0.16239999,1.3348216,-0.8757797093244738
2,1,515890.626359951,-0.16239999,1.3345162,-0.8760054826132809
2,1,515895.6265562257,-0.16239999,1.3339435,-0.8762312564311314
2,1,515900.6267525004,-0.16239999,1.3335234,-0.8764570304369633
2,1,515905.62694877514,-0.16239999,1.333008,-0.8766828058237239
2,1,515910.62714504986,-0.16239999,1.3327025,-0.8769085823696707
2,1,515915.62734132446,-0.16239999,1.3320917,-0.8771343597613387
2,1,515920.62753759907,-0.16239999,1.3318053,-0.8773601367432413
2,1,515925.62773387367,-0.16239999,1.3313471,-0.8775859139837867
2,1,515930.6279301483,-0.16239999,1.3310035,-0.8778116898760147
2,1,515935.6281264229,-0.16239999,1.330469,-0.8780374624080878
2,1,515940.6283226975,-0.16239999,1.3301827,-0.8782632336416083
2,1,515945.6285189721,-0.16239999,1.3295717,-0.8784890046559518
2,1,515950.6287152467,-0.16239999,1.3292472,-0.8787147802681446
2,1,515955.6289115213,-0.16239999,1.3289226,-0.8789405537307365
2,1,515960.6291077961,-0.16239999,1.3282927,-0.8791663262202346
2,1,515965.62930407096,-0.16239999,1.3278728,-0.8793921010387693
2,1,515970.6295003458,-0.16239999,1.3273954,-0.8796178730499111
2,1,515975.6296966206,-0.16239999,1.327071,-0.8798436459721654
2,1,515980.62989289546,-0.16239999,1.3264219,-0.8800694184452241
2,1,515985.6300891703,-0.16239999,1.3263646,-0.8802951911362058
2,1,515990.63028544514,-0.16239999,1.3258682,-0.8805209667727951
2,1,515995.63048171997,-0.16239999,1.3255819,-0.880746742974867
2,1,516000.6306779948,-0.16239999,1.3248183,-0.8809725177924198
2,1,516005.63087426964,-0.16239999,1.3245891,-0.881198292773291
2,1,516010.6310705445,-0.16239999,1.3241119,-0.8814240651301133
2,1,516015.6312668193,-0.16239999,1.3238256,-0.8816498388258512
2,1,516020.63146309415,-0.16239999,1.3233674,-0.8818756114962486
2,1,516025.631659369,-0.16239999,1.3228328,-0.8821013836664073
2,1,516030.6318556438,-0.16239999,1.322222,-0.8823271565423273
2,1,516035.63205191866,-0.16239999,1.3218783,-0.8825529288775769
2,1,516040.6322481935,-0.16239999,1.3215729,-0.8827786995948442
2,1,516045.6324444683,-0.16239999,1.3209621,-0.8830044695768245
2,1,516050.63264074316,-0.16239999,1.3204848,-0.8832302395478839
2,1,516055.632837018,-0.16239999,1.3200076,-0.8834560058193932
2,1,516060.63303329237,-0.16239999,1.3195302,-0.8836817749824827
2,1,516065.63322956674,-0.16239999,1.3189766,-0.8839075441385612
2,1,516070.6334258411,-0.16239999,1.3186139,-0.8841333116614012
2,1,516075.6336221155,-0.16239999,1.3181939,-0.884359076549211
2,1,516080.63381838985,-0.16239999,1.3177358,-0.8845848450641323
2,1,516085.6340146642,-0.16239999,1.3172967,-0.8848106167523262
2,1,516090.6342109386,-0.16239999,1.3169149,-0.8850363880479706
2,1,516095.63440721296,-0.16239999,1.3164567,-0.885262158676605
2,1,516100.6346034873,-0.16239999,1.316094,-0.8854879277771286
2,1,516105.6347997617,-0.16239999,1.3154831,-0.8857136985542109
2,1,516110.63499603607,-0.16239999,1.3149676,-0.8859394700566552
2,1,516115.63519231044,-0.16239999,1.3146241,-0.886165241547667
2,1,516120.6353885848,-0.16239999,1.314185,-0.8863910135766165
2,1,516125.6355848592,-0.16239999,1.3137649,-0.8866167841880095
2,1,516130.63578113355,-0.16239999,1.3132687,-0.88684255604632
2,1,516135.6359774079,-0.16239999,1.3129059,-0.8870683302070106
2,1,516140.6361736823,-0.16239999,1.3123523,-0.8872941031248335
2,1,516145.63636995666,-0.16239999,1.3121041,-0.8875198733477019
2,1,516150.636566231,-0.16239999,1.3115696,-0.8877456451654498
2,1,516155.6367625054,-0.16239999,1.311035,-0.8879714182438783
2,1,516160.63695877977,-0.16239999,1.3107296,-0.8881971903612133
2,1,516165.63715505414,-0.16239999,1.3102332,-0.8884229622776044
2,1,516170.6373513285,-0.16239999,1.3096606,-0.8886487333543731
2,1,516175.6375476029,-0.16239999,1.3095269,-0.888874503621887
2,1,516180.63774387725,-0.16239999,1.3088397,-0.8891002725451175
2,1,516185.6379401516,-0.16239999,1.3086298,-0.8893260420281424
2,1,516190.638136426,-0.16239999,1.3080379,-0.8895518104354267
2,1,516195.63833270036,-0.16239999,1.3074461,-0.8897775793307142
2,1,516200.6385289747,-0.16239999,1.3070452,-0.8900033485217996
2,1,516205.6387252491,-0.16239999,1.3065107,-0.8902291176236817
2,1,516210.63892152347,-0.16239999,1.3059952,-0.8904548860591004
2,1,516215.63911779784,-0.16239999,1.3055943,-0.8906806536431825
2,1,516220.6393140722,-0.16239999,1.3052508,-0.8909064200690148
2,1,516225.6395103466,-0.16239999,1.3047353,-0.8911321866282695
2,1,516230.63970662095,-0.16239999,1.3043344,-0.8913579506189971
2,1,516235.6399028953,-0.16239999,1.3037999,-0.8915837168864409
2,1,516240.6400991697,-0.16239999,1.3033226,-0.8918094817264924
2,1,516245.64029544406,-0.16239999,1.3028263,-0.8920352454377959
2,1,516250.6404917184,-0.16239999,1.3024254,-0.8922610101485997
2,1,516255.6406879928,-0.16239999,1.3018144,-0.8924867741984013
2,1,516260.64088426717,-0.16239999,1.3012799,-0.8927125377695527
2,1,516265.64108054154,-0.16239999,1.3007644,-0.8929382995069656
2,1,516270.6412768159,-0.16239999,1.3001345,-0.8931640589294334
2,1,516275.6414730903,-0.16239999,1.2998099,-0.8933898207005568
2,1,516280.64166936465,-0.16239999,1.2991991,-0.8936155836744623
2,1,516285.641865639,-0.16239999,1.2987027,-0.8938413465333838
2,1,516290.6420619134,-0.16239999,1.2981491,-0.8940671111258343
2,1,516295.64225818776,-0.16239999,1.2976719,-0.8942928767708705
2,1,516300.6424544621,-0.16239999,1.2970991,-0.8945186401773816
2,1,516305.6426507365,-0.16239999,1.2966982,-0.8947444031646791
2,1,516310.64284701087,-0.16239999,1.2962401,-0.8949701679883385
2,1,516315.64304328524,-0.16239999,1.2957056,-0.895195932376096
2,1,516320.6432395596,-0.16239999,1.295171,-0.8954216994905183
2,1,516325.643435834,-0.16239999,1.2948275,-0.8956474669216011
2,1,516330.64363210835,-0.16239999,1.2940638,-0.8958732342065797
2,1,516335.6438283827,-0.16239999,1.293892,-0.8960990006059475
2,1,516340.6440246571,-0.16239999,1.2930712,-0.8963247709077365
2,1,516345.64422093146,-0.16239999,1.292632,-0.8965505388516031
2,1,516350.6444172058,-0.16239999,1.2921929,-0.8967763057162803
2,1,516355.6446134802,-0.16239999,1.2918302,-0.8970020721684372
2,1,516360.64480975457,-0.16239999,1.2912766,-0.8972278391141768
2,1,516365.64500602894,-0.16239999,1.2908566,-0.8974536091778684
2,1,516370.6452023033,-0.16239999,1.2904176,-0.8976793797468916
2,1,516375.6453985777,-0.16239999,1.2899402,-0.8979051482345181
2,1,516380.64559485205,-0.16239999,1.2893866,-0.8981309142613743
2,1,516385.6457911264,-0.16239999,1.2889476,-0.8983566801515934
2,1,516390.6459874008,-0.16239999,1.2884895,-0.8985824474001536
2,1,516395.64618367516,-0.16239999,1.2879549,-0.8988082136512159
2,1,516400.6463799495,-0.16239999,1.2875922,-0.8990339808587573
2,1,516405.6465762239,-0.16239999,1.2870958,-0.8992597481674486
2,1,516410.64677249826,-0.16239999,1.2864277,-0.8994855178903739
2,1,516415.64696877263,-0.16239999,1.2860459,-0.899711287016011
2,1,516420.647165047,-0.16239999,1.2856067,-0.8999370556020306
2,1,516425.6473613214,-0.16239999,1.2849387,-0.900162827608183
2,1,516430.64755759574,-0.16239999,1.2844423,-0.9003885996343394
2,1,516435.6477538701,-0.16239999,1.2840605,-0.9006143713370305
2,1,516440.6479501445,-0.16239999,1.2834114,-0.9008401406151801
2,1,516445.64814641885,-0.16239999,1.2831632,-0.9010659085052783
2,1,516450.6483426932,-0.16239999,1.2826669,-0.9012916762499537
2,1,516455.64853896806,-0.16239999,1.2822278,-0.9015174438474286
2,1,516460.6487352429,-0.16239999,1.2817887,-0.9017432099909931
2,1,516465.64893151773,-0.16239999,1.2813306,-0.9019689785745334
2,1,516470.64912779257,-0.16239999,1.2808151,-0.9021947477975422
2,1,516475.6493240674,-0.16239999,1.280357,-0.9024205186223935
2,1,516480.64952034224,-0.16239999,1.2798225,-0.9026462884783713
2,1,516485.6497166171,-0.16239999,1.2792306,-0.9028720575749826
2,1,516490.6499128919,-0.16239999,1.278677,-0.903097823234838
2,1,516495.65010916675,-0.16239999,1.2782379,-0.9033235909101119
2,1,516500.6503054416,-0.16239999,1.277627,-0.9035493579052274
2,1,516505.6505017164,-0.16239999,1.2772453,-0.9037751256746742
2,1,516510.65069799125,-0.16239999,1.2768061,-0.9040008929872705
2,1,516515.6508942661,-0.16239999,1.2763098,-0.9042266634444521
2,1,516520.6510905409,-0.16239999,1.2756226,-0.9044524327863547
2,1,516525.65128681576,-0.16239999,1.2751262,-0.9046782021582922
2,1,516530.6514830906,-0.16239999,1.2747062,-0.9049039725825233
2,1,516535.65167936543,-0.16239999,1.2742481,-0.9051297429982491
2,1,516540.65187564027,-0.16239999,1.2737517,-0.9053555140294028
2,1,516545.6520719151,-0.16239999,1.2732935,-0.905581286804485
2,1,516550.65226818994,-0.16239999,1.2727399,-0.9058070575415146
2,1,516555.65246446454,-0.16239999,1.2722245,-0.9060328245594329
2,1,516560.65266073914,-0.16239999,1.2718045,-0.9062585967269914
2,1,516565.65285701375,-0.16239999,1.2714418,-0.9064843678380111
2,1,516570.65305328835,-0.16239999,1.2709073,-0.906710141169337
2,1,516575.65324956295,-0.16239999,1.2703918,-0.9069359112812074
2,1,516580.65344583755,-0.16239999,1.2696855,-0.9071616811035392
2,1,516585.65364211216,-0.16239999,1.2693037,-0.9073874525663108
2,1,516590.65383838676,-0.16239999,1.2689028,-0.9076132230202167
2,1,516595.6540346609,-0.16239999,1.2683492,-0.9078389930457987
2,1,516600.6542309355,-0.16239999,1.2679483,-0.9080647642920507
2,1,516605.6544272102,-0.16239999,1.267261,-0.9082905369653579
2,1,516610.65462348494,-0.16239999,1.2667456,-0.9085163081482145
2,1,516615.65481975966,-0.16239999,1.2662684,-0.9087420782928766
2,1,516620.6550160344,-0.16239999,1.2657146,-0.9089678499651527
2,1,516625.6552123091,-0.16239999,1.265161,-0.9091936215368113
2,1,516630.6554085838,-0.16239999,1.2648365,-0.9094193946608289
2,1,516635.65560485853,-0.16239999,1.2641112,-0.9096451660750559
2,1,516640.65580113325,-0.16239999,1.2635766,-0.9098709392640699
2,1,516645.655997408,-0.16239999,1.263023,-0.9100967142280391
2,1,516650.6561936827,-0.16239999,1.2627939,-0.9103224867888061
2,1,516655.6563899574,-0.16239999,1.2623166,-0.9105482569151141
2,1,516660.65658623213,-0.16239999,1.2616867,-0.9107740249647839
2,1,516665.6567825068,-0.16239999,1.2612858,-0.9109997925889137
2,1,516670.6569787815,-0.16239999,1.2605985,-0.9112255621798562
2,1,516675.6571750562,-0.16239999,1.2601594,-0.9114513319269983
2,1,516680.6573713309,-0.16239999,1.259625,-0.9116771039463407
2,1,516685.6575676056,-0.16239999,1.2590522,-0.9119028749671679
2,1,516690.6577638803,-0.16239999,1.2584223,-0.9121286424241382
2,1,516695.65796015505,-0.16239999,1.2579831,-0.9123544112713653
2,1,516700.65815642977,-0.16239999,1.257544,-0.9125801792417898
2,1,516705.6583527045,-0.16239999,1.2569332,-0.9128059481966232
2,1,516710.6585489791,-0.16239999,1.2563987,-0.9130317163286964
2,1,516715.6587452537,-0.16239999,1.2559978,-0.9132574842527725
2,1,516720.6589415285,-0.16239999,1.2555969,-0.9134832522600137
2,1,516725.65913780313,-0.16239999,1.2548906,-0.9137090184792679
2,1,516730.65933407773,-0.16239999,1.2544705,-0.9139347874800308
2,1,516735.65953035234,-0.16239999,1.2538406,-0.914160559108029
2,1,516740.65972662694,-0.16239999,1.2533823,-0.9143863280415818
2,1,516745.65992290154,-0.16239999,1.2527524,-0.9146120941614609
2,1,516750.66011917614,-0.16239999,1.2522751,-0.9148378615639616
2,1,516755.66031545075,-0.16239999,1.2519125,-0.9150636311588023
2,1,516760.6605117256,-0.16239999,1.2513587,-0.9152893983022355
2,1,516765.6607080004,-0.16239999,1.2506334,-0.9155151687911923
2,1,516770.66090427525,-0.16239999,1.2500798,-0.9157409372938822
2,1,516775.6611005501,-0.16239999,1.2495643,-0.9159667032883639
2,1,516780.6612968249,-0.16239999,1.2491252,-0.9161924694796999
2,1,516785.66149309976,-0.16239999,1.2485526,-0.9164182364675361
2,1,516790.6616893746,-0.16239999,1.2479035,-0.9166440028482328
2,1,516795.66188564943,-0.16239999,1.2474071,-0.916869768643948
2,1,516800.66208192427,-0.16239999,1.2469108,-0.9170955330430336
2,1,516805.6622781991,-0.16239999,1.2463189,-0.9173212998128418
2,1,516810.66247447394,-0.16239999,1.2458035,-0.9175470636086307
2,1,516815.6626707488,-0.16239999,1.245479,-0.9177728280734967
2,1,516820.6628670236,-0.16239999,1.2449063,-0.9179985914111627
2,1,516825.66306329845,-0.16239999,1.2442,-0.9182243549055831
2,1,516830.6632595733,-0.16239999,1.2438182,-0.918450118649083
2,1,516835.6634558481,-0.16239999,1.2433218,-0.9186758835482325
2,1,516840.66365212295,-0.16239999,1.2428254,-0.9189016481366407
2,1,516845.6638483978,-0.16239999,1.2421764,-0.9191274149790151
2,1,516850.6640446726,-0.16239999,1.2417182,-0.9193531822855747
2,1,516855.664240947,-0.16239999,1.2410309,-0.9195789487464339
2,1,516860.66443722136,-0.16239999,1.2407255,-0.9198047119032519
2,1,516865.66463349573,-0.16239999,1.2401719,-0.9200304733188494
2,1,516870.6648297701,-0.16239999,1.2396755,-0.9202562352945169
2,1,516875.6650260445,-0.16239999,1.2389883,-0.9204819997481193
2,1,516880.66522231884,-0.16239999,1.2384919,-0.9207077652594151
2,1,516885.6654185932,-0.16239999,1.2381102,-0.9209335318056439
2,1,516890.6656148676,-0.16239999,1.2373847,-0.9211592976297449
2,1,516895.66581114195,-0.16239999,1.2369456,-0.9213850612351674
2,1,516900.6660074163,-0.16239999,1.236392,-0.9216108265971346
2,1,516905.6662036907,-0.16239999,1.2359339,-0.9218365913731342
2,1,516910.66639996506,-0.16239999,1.235323,-0.9220623557259467
2,1,516915.66659623943,-0.16239999,1.2347884,-0.9222881219511837
2,1,516920.6667925138,-0.16239999,1.234273,-0.9225138894701196
2,1,516925.6669887882,-0.16239999,1.2336812,-0.9227396605882505
2,1,516930.66718506254,-0.16239999,1.2331657,-0.9229654294638204
2,1,516935.6673813369,-0.16239999,1.2327648,-0.923191198612171
2,1,516940.6675776113,-0.16239999,1.2320776,-0.9234169682604216
2,1,516945.66777388565,-0.16239999,1.231524,-0.9236427371273853
2,1,516950.66797016,-0.16239999,1.2309513,-0.9238685073924496
2,1,516955.6681664344,-0.16239999,1.2303785,-0.9240942760214277
2,1,516960.66836270876,-0.16239999,1.2299968,-0.9243200440028261
2,1,516965.66855898313,-0.16239999,1.2296722,-0.9245458091574403
2,1,516970.6687552575,-0.16239999,1.2287941,-0.9247715751095498
2,1,516975.6689515319,-0.16239999,1.2282405,-0.92499734035398
2,1,516980.66914780624,-0.16239999,1.2277632,-0.9252231067647074
2,1,516985.6693440806,-0.16239999,1.2272286,-0.9254488714334519
2,1,516990.669540355,-0.16239999,1.2265795,-0.9256746375956612
2,1,516995.66973662935,-0.16239999,1.2261024,-0.9259004075857957
2,1,517000.6699329037,-0.16239999,1.2255678,-0.9261261775041365
2,1,517005.6701291781,-0.16239999,1.2248232,-0.9263519442304755
2,1,517010.67032545246,-0.16239999,1.2242506,-0.9265777096324002
2,1,517015.67052172683,-0.16239999,1.2236397,-0.9268034759571396
2,1,517020.6707180012,-0.16239999,1.2232198,-0.9270292424754328
2,1,517025.6709142756,-0.16239999,1.2226852,-0.9272550066381628
2,1,517030.67111054994,-0.16239999,1.222017,-0.9274807705174836
2,1,517035.6713068243,-0.16239999,1.2215971,-0.9277065388983142
2,1,517040.6715030987,-0.16239999,1.220967,-0.927932306887751
2,1,517045.67169937305,-0.16239999,1.2205089,-0.9281580772536075
2,1,517050.6718956474,-0.16239999,1.2198408,-0.9283838482126098
2,1,517055.6720919218,-0.16239999,1.2192872,-0.9286096170506619
2,1,517060.67228819616,-0.16239999,1.2186381,-0.9288353877711355
2,1,517065.67248447053,-0.16239999,1.2180845,-0.9290611606839193
2,1,517070.6726807449,-0.16239999,1.2178553,-0.9292869284840758
2,1,517075.6728770193,-0.16239999,1.2171681,-0.929512697114337
2,1,517080.67307329364,-0.16239999,1.2166336,-0.92973846648056
2,1,517085.673269568,-0.16239999,1.2161945,-0.9299642363672921
2,1,517090.6734658424,-0.16239999,1.2158318,-0.9301900081849017
2,1,517095.67366211675,-0.16239999,1.2152781,-0.9304157815116282
2,1,517100.6738583911,-0.16239999,1.214629,-0.930641556434255
2,1,517105.6740546655,-0.16239999,1.21398,-0.9308673304552464
2,1,517110.67425093986,-0.16239999,1.2137891,-0.9310931041794315
2,1,517115.67444721423,-0.16239999,1.2132927,-0.9313188776067258
2,1,517120.6746434886,-0.16239999,1.2125292,-0.9315446511988253
2,1,517125.67483976297,-0.16239999,1.2121474,-0.9317704258563397
2,1,517130.67503603734,-0.16239999,1.2115555,-0.9319962008653088
2,1,517135.6752323117,-0.16239999,1.211021,-0.9322219758392236
2,1,517140.6754285861,-0.16239999,1.2106774,-0.9324477499908684
2,1,517145.67562486045,-0.16239999,1.2098947,-0.9326735236678872
2,1,517150.6758211348,-0.16239999,1.2094938,-0.9328992978329695
2,1,517155.6760174092,-0.16239999,1.2091119,-0.9331250722785744
2,1,517160.67621368356,-0.16239999,1.2084056,-0.9333508489898976
2,1,517165.67640995793,-0.16239999,1.2077948,-0.933576626801871
2,1,517170.6766062323,-0.16239999,1.2071457,-0.9338024048879588
2,1,517175.67680250667,-0.16239999,1.206573,-0.934028179827933
2,1,517180.67699878104,-0.16239999,1.2058475,-0.9342539561155623
2,1,517185.6771950554,-0.16239999,1.2052939,-0.9344797317365898
2,1,517190.6773913298,-0.16239999,1.2047212,-0.934705507115005
2,1,517195.67758760415,-0.16239999,1.2042248,-0.9349312845122758
2,1,517200.6777838785,-0.16239999,1.2035567,-0.9351570613382088
2,1,517205.6779801529,-0.16239999,1.2029077,-0.9353828368559374
2,1,517210.67817642726,-0.16239999,1.2022777,-0.9356086109289934
2,1,517215.67837270163,-0.16239999,1.2018768,-0.9358343862404477
2,1,517220.678568976,-0.16239999,1.2011514,-0.9360601615190466
2,1,517225.67876525037,-0.16239999,1.2007122,-0.9362859370657621
2,1,517230.67896152474,-0.16239999,1.2001586,-0.9365117136244594
2,1,517231.44016096625,-0.16239999,1.1999868,-0.9365460846771103
2,1,517231.44036096614,-0.16239999,1.2000059,-0.9365460937089384
2,2,517231.44116096594,0.16239999,1.2242591,1.7899475163883633e-08
2,2,517236.4413572403,0.16239999,1.3140514,0.00022539469565782281
2,2,517241.4415535149,0.16239999,1.3386778,0.0004507735592416591
2,2,517246.44174978975,0.16239999,1.3577299,0.0006761528706798951
2,2,517251.4419460646,0.16239999,1.374434,0.0009015319213097295
2,2,517256.4421423394,0.16239999,1.3891908,0.0011269127002656461
2,2,517261.44233861426,0.16239999,1.4025539,0.0013522925561169786
2,2,517266.4425348891,0.16239999,1.4151727,0.0015776705040559174
2,2,517271.44273116393,0.16239999,1.4271423,0.001803047824236254
2,2,517276.44292743877,0.16239999,1.4380237,0.002028428264103002
2,2,517281.4431237136,0.16239999,1.4485997,0.002253806987285614
2,2,517286.44331998844,0.16239999,1.4589276,0.0024791886638361547
2,2,517291.4435162633,0.16239999,1.4685682,0.002704568922566043
2,2,517296.4437125381,0.16239999,1.4781706,0.0029299518594849442
2,2,517301.44390881294,0.16239999,1.4874485,0.003155334185369313
2,2,517306.4441050878,0.16239999,1.4963255,0.003380716974808938
2,2,517311.4443013626,0.16239999,1.504897,0.0036061023709277316
2,2,517316.44449763745,0.16239999,1.5132586,0.003831489106566542
2,2,517321.4446939123,0.16239999,1.5215628,0.0040568757072952065
2,2,517326.4448901871,0.16239999,1.5296762,0.004282262278805177
2,2,517331.4450864615,0.16239999,1.537446,0.0045076459201234915
2,2,517336.4452827363,0.16239999,1.5453112,0.004733030772364802
2,2,517341.44547901116,0.16239999,1.5528327,0.004958414805446234
2,2,517346.44567528553,0.16239999,1.5602589,0.00518379862946272
2,2,517351.4458715599,0.16239999,1.5674559,0.005409180518161093
2,2,517356.4460678343,0.16239999,1.5747484,0.005634562220567631
2,2,517361.44626410864,0.16239999,1.5816019,0.005859942053991888
2,2,517366.446460383,0.16239999,1.588417,0.006085322393139204
2,2,517371.4466566574,0.16239999,1.5953087,0.006310702262388336
2,2,517376.44685293175,0.16239999,1.6021048,0.006536082808454005
2,2,517381.4470492061,0.16239999,1.60871,0.006761463980092771
2,2,517386.4472454805,0.16239999,1.6152772,0.006986845698470043
2,2,517391.44744175486,0.16239999,1.6216915,0.00721223080340359
2,2,517396.44763802923,0.16239999,1.6279913,0.0074376171388261855
2,2,517401.4478343036,0.16239999,1.634272,0.007663005521922476
2,2,517406.448030578,0.16239999,1.6405145,0.007888393739416367
2,2,517411.44822685234,0.16239999,1.6466616,0.008113780153400368
2,2,517416.4484231267,0.16239999,1.6527132,0.00833916486412949
2,2,517421.4486194011,0.16239999,1.6586884,0.008564547353552446
2,2,517426.44881567545,0.16239999,1.6646638,0.008789930897256566
2,2,517431.4490119498,0.16239999,1.6706008,0.009015312229271563
2,2,517436.4492082242,0.16239999,1.6762325,0.009240694327997663
2,2,517441.44940449856,0.16239999,1.6822077,0.009466074589999185
2,2,517446.44960077293,0.16239999,1.6878394,0.009691453672968678
2,2,517451.4497970473,0.16239999,1.6934519,0.009916833280366327
2,2,517456.4499933217,0.16239999,1.6991026,0.010142211114289031
2,2,517461.45018959604,0.16239999,1.7044097,0.010367586394939158
2,2,517466.4503858704,0.16239999,1.7100605,0.010592963358490004
2,2,517471.4505821448,0.16239999,1.7155012,0.010818340685707828
2,2,517476.45077841915,0.16239999,1.7208083,0.011043719007275172
2,2,517481.4509746935,0.16239999,1.7260009,0.011269097395730517
2,2,517486.4511709679,0.16239999,1.7312698,0.01149447349796196
2,2,517491.45136724226,0.16239999,1.7364242,0.011719851689216992
2,2,517496.45156351663,0.16239999,1.7415786,0.011945228854921958
2,2,517501.451759791,0.16239999,1.7469047,0.012170606820569271
2,2,517506.4519560654,0.16239999,1.7519255,0.012395986825717822
2,2,517511.45215233974,0.16239999,1.756908,0.012621367833615178
2,2,517516.4523486141,0.16239999,1.7619479,0.012846748964960377
2,2,517521.4525448885,0.16239999,1.7667204,0.013072127551961276
2,2,517526.45274116285,0.16239999,1.7717413,0.013297508414694004
2,2,517531.4529374372,0.16239999,1.776552,0.013522889368719525
2,2,517536.4531337116,0.16239999,1.7815536,0.013748270897402532
2,2,517541.45332998596,0.16239999,1.7861353,0.013973651729077101
2,2,517546.45352626033,0.16239999,1.7908506,0.014199034446002708
2,2,517551.4537225347,0.16239999,1.7956041,0.014424413875959814
2,2,517556.4539188091,0.16239999,1.8001475,0.014649792350365056
2,2,517561.45411508344,0.16239999,1.8047292,0.014875169966702661
2,2,517566.4543113578,0.16239999,1.8095018,0.015100547443346019
2,2,517571.4545076322,0.16239999,1.8140644,0.015325924412213268
2,2,517576.45470390655,0.16239999,1.8185506,0.015551301504176527
2,2,517581.4549001809,0.16239999,1.8231132,0.01577667987174458
2,2,517586.4550964553,0.16239999,1.8273131,0.01600205815927436
2,2,517591.45529272966,0.16239999,1.8317039,0.016227438965457183
2,2,517596.45548900403,0.16239999,1.8360946,0.016452822263528077
2,2,517601.4556852784,0.16239999,1.8402945,0.016678203349985182
2,2,517606.45588155277,0.16239999,1.8445325,0.016903584263394278
2,2,517611.45607782714,0.16239999,1.8486942,0.017128965150632794
2,2,517616.4562741015,0.16239999,1.8529513,0.017354345301845837
2,2,517621.4564703759,0.16239999,1.8572085,0.017579726992577316
2,2,517626.45666665025,0.16239999,1.8611411,0.017805107651094595
2,2,517631.4568629246,0.16239999,1.8652073,0.018030488468714887
2,2,517636.457059199,0.16239999,1.8692735,0.01825587023134447
2,2,517641.45725547336,0.16239999,1.8731489,0.018481252947484452
2,2,517646.45745174773,0.16239999,1.8771387,0.01870663340364562
2,2,517651.4576480221,0.16239999,1.880995,0.018932014811278215
2,2,517656.45784429647,0.16239999,1.8846794,0.01915739672814061
2,2,517661.45804057084,0.16239999,1.8885547,0.019382775007991324
2,2,517666.4582368452,0.16239999,1.8923346,0.019608153967186806
2,2,517671.4584331196,0.16239999,1.8961145,0.01983353118048608
2,2,517676.45862939395,0.16239999,1.8996844,0.020058909448938234
2,2,517681.4588256683,0.16239999,1.9034451,0.020284287018963027
2,2,517686.4590219427,0.16239999,1.9071296,0.02050966685914082
2,2,517691.45921821706,0.16239999,1.9106423,0.020735046820610756
2,2,517696.45941449143,0.16239999,1.9142503,0.020960425745833247
2,2,517701.4596107658,0.16239999,1.9177629,0.021185804093283078
2,2,517706.45980704017,0.16239999,1.9212564,0.021411183012778556
2,2,517711.46000331454,0.16239999,1.9247881,0.021636563407754727
2,2,517716.4601995889,0.16239999,1.9282435,0.021861945586409002
2,2,517721.4603958633,0.16239999,1.9316033,0.022087327856713693
2,2,517726.46059213765,0.16239999,1.934906,0.02231270883905142
2,2,517731.460788412,0.16239999,1.9383422,0.022538089189477258
2,2,517736.46098468686,0.16239999,1.941473,0.022763468468776173
2,2,517741.4611809617,0.16239999,1.9447757,0.022988849723573353
2,2,517746.4613772365,0.16239999,1.9479256,0.023214231700680314
2,2,517751.46157351136,0.16239999,1.9511709,0.023439613583985296
2,2,517756.4617697862,0.16239999,1.9543208,0.02366499459853602
2,2,517761.46196606103,0.16239999,1.9573944,0.023890373806534537
2,2,517766.46216233587,0.16239999,1.9603915,0.024115748863532308
2,2,517771.4623586107,0.16239999,1.9633315,0.02434112463428411
2,2,517776.46255488554,0.16239999,1.9662905,0.02456650146335032
2,2,517781.4627511604,0.16239999,1.9691349,0.02479187814058777
2,2,517786.4629474352,0.16239999,1.971903,0.025017254291382924
2,2,517791.46314371005,0.16239999,1.9749192,0.02524263467281808
2,2,517796.4633399849,0.16239999,1.9777255,0.02546801398943033
2,2,517801.46353625925,0.16239999,1.9804173,0.02569339216471546
2,2,517806.4637325341,0.16239999,1.9832236,0.025918770404527582
2,2,517811.4639288089,0.16239999,1.9856671,0.026144149136511814
2,2,517816.46412508376,0.16239999,1.9886452,0.02636952546986772
2,2,517821.4643213586,0.16239999,1.9910887,0.026594901475293767
2,2,517826.46451763343,0.16239999,1.9937805,0.02682027953675058
2,2,517831.46471390827,0.16239999,1.9963003,0.02704565642849687
2,2,517836.46491018287,0.16239999,1.9987822,0.02727103369662497
2,2,517841.4651064575,0.16239999,2.001321,0.027496409904782144
2,2,517846.4653027321,0.16239999,2.0038602,0.02772178571788884
2,2,517851.4654990067,0.16239999,2.0062466,0.027947161520575487
2,2,517856.4656952813,0.16239999,2.008652,0.02817253721142064
2,2,517861.4658915559,0.16239999,2.0108855,0.028397914862862066
2,2,517866.4660878305,0.16239999,2.0133672,0.028623291202937565
2,2,517871.4662841051,0.16239999,2.0157344,0.028848666871100666
2,2,517876.4664803797,0.16239999,2.0179107,0.029074041187747486
2,2,517881.4666766543,0.16239999,2.0202014,0.02929941297762427
2,2,517886.466872929,0.16239999,2.0224543,0.029524786130464737
2,2,517891.46706920373,0.16239999,2.0247831,0.029750162156052886
2,2,517896.46726547845,0.16239999,2.0267494,0.029975539334442053
2,2,517901.4674617532,0.16239999,2.028964,0.030200918105968998
2,2,517906.4676580279,0.16239999,2.0309875,0.030426295169925524
2,2,517911.4678543026,0.16239999,2.033221,0.030651673065416513
2,2,517916.4680505773,0.16239999,2.0353591,0.030877050108549495
2,2,517921.46824685205,0.16239999,2.0373828,0.031102425496042602
2,2,517926.468443127,0.16239999,2.039311,0.03132780013814403
2,2,517931.4686394017,0.16239999,2.0411818,0.031553173270359634
2,2,517936.46883567644,0.16239999,2.043129,0.03177854763360238
2,2,517941.46903195116,0.16239999,2.045229,0.032003923520526945
2,2,517946.4692282259,0.16239999,2.0470998,0.03222930004887862
2,2,517951.46942450054,0.16239999,2.0489705,0.032454677245823044
2,2,517956.46962077526,0.16239999,2.0508223,0.03268005655592266
2,2,517961.4698170499,0.16239999,2.0527503,0.032905435803351306
2,2,517966.47001332464,0.16239999,2.0545259,0.03313081188093209
2,2,517971.47020959936,0.16239999,2.0564158,0.03335618694260882
2,2,517976.4704058741,0.16239999,2.0580766,0.033581560381589666
2,2,517981.4706021488,0.16239999,2.059833,0.033806935792184536
2,2,517986.4707984235,0.16239999,2.0615702,0.03403231300205075
2,2,517991.4709946979,0.16239999,2.0633647,0.03425768883230537
2,2,517996.4711909725,0.16239999,2.0648155,0.034483065156449874
2,2,518001.4713872471,0.16239999,2.0667436,0.034708444786463344
2,2,518006.4715835217,0.16239999,2.068118,0.034933821458121135
2,2,518011.4717797963,0.16239999,2.0698364,0.0351591970200878
2,2,518016.4719760709,0.16239999,2.0714207,0.03538457052496655
2,2,518021.4721723455,0.16239999,2.0730433,0.03560994527215593
2,2,518026.4723686201,0.16239999,2.0747235,0.035835324766851126
2,2,518031.4725648947,0.16239999,2.0761552,0.03606070257599568
2,2,518036.47276116954,0.16239999,2.0777397,0.0362860797886542
2,2,518041.4729574444,0.16239999,2.0793052,0.03651145861970549
2,2,518046.4731537192,0.16239999,2.0807369,0.03673684002382307
2,2,518051.47334999405,0.16239999,2.0823023,0.036962219963092756
2,2,518056.4735462689,0.16239999,2.0838103,0.037187599791217996
2,2,518061.4737425437,0.16239999,2.0850513,0.03741297913526577
2,2,518066.47393881856,0.16239999,2.086693,0.037638356587461286
2,2,518071.4741350929,0.16239999,2.0879912,0.03786373604942195
2,2,518076.47433136776,0.16239999,2.089461,0.03808911569069408
2,2,518081.4745276426,0.16239999,2.0910265,0.038314495185525044
2,2,518086.47472391743,0.16239999,2.0922482,0.038539874223177624
2,2,518091.47492019227,0.16239999,2.093661,0.03876525333589894
2,2,518096.4751164671,0.16239999,2.0948827,0.03899063308594706
2,2,518101.47531274194,0.16239999,2.0962763,0.0392160134883556
2,2,518106.4755090168,0.16239999,2.0975935,0.03944139455340802
2,2,518111.4757052916,0.16239999,2.098968,0.039666775153970546
2,2,518116.47590156645,0.16239999,2.1000752,0.03989215622401568
2,2,518121.4760978413,0.16239999,2.1014497,0.040117537462159986
2,2,518126.4762941161,0.16239999,2.102748,0.04034291574617475
2,2,518131.47649039095,0.16239999,2.1038551,0.04056829600503958
2,2,518136.4766866658,0.16239999,2.105077,0.040793674389986524
2,2,518141.47688294016,0.16239999,2.1063752,0.041019054577603103
2,2,518146.4770792145,0.16239999,2.107425,0.041244434405058615
2,2,518151.4772754889,0.16239999,2.1087422,0.041469816161543126
2,2,518156.47747176327,0.16239999,2.109907,0.04169519693802131
2,2,518161.47766803764,0.16239999,2.1110713,0.04192057851862079
2,2,518166.477864312,0.16239999,2.1121976,0.04214595910374572
2,2,518171.4780605864,0.16239999,2.1135721,0.042371338190590344
2,2,518176.47825686075,0.16239999,2.1144693,0.04259671661865463
2,2,518181.4784531351,0.16239999,2.1155767,0.04282209593487779
2,2,518186.4786494095,0.16239999,2.1169128,0.043047474655577705
2,2,518191.47884568386,0.16239999,2.1177146,0.04327285053011278
2,2,518196.4790419582,0.16239999,2.1190128,0.04349822794202467
2,2,518201.4792382326,0.16239999,2.1198528,0.04372360644102759
2,2,518206.47943450697,0.16239999,2.1211128,0.043948984569240776
2,2,518211.47963078134,0.16239999,2.1221056,0.04417436362175064
2,2,518216.4798270557,0.16239999,2.1229837,0.044399742089110114
2,2,518221.4800233301,0.16239999,2.124129,0.044625121193033954
2,2,518226.48021960445,0.16239999,2.1250646,0.04485050269295027
2,2,518231.4804158788,0.16239999,2.1259809,0.04507588202760865
2,2,518236.4806121532,0.16239999,2.1270118,0.0453012618211425
2,2,518241.48080842756,0.16239999,2.1280043,0.045526643792564665
2,2,518246.4810047019,0.16239999,2.128997,0.0457520285520181
2,2,518251.4812009763,0.16239999,2.1300852,0.045977411915997655
2,2,518256.48139725067,0.16239999,2.1309633,0.04620279562037934
2,2,518261.48159352504,0.16239999,2.1320896,0.04642817959790262
2,2,518266.4817897994,0.16239999,2.132968,0.046653565464542135
2,2,518271.4819860738,0.16239999,2.1339033,0.04687894823632885
2,2,518276.48218234815,0.16239999,2.1347814,0.04710433048504424
2,2,518281.4823786225,0.16239999,2.1356215,0.047329712002200375
2,2,518286.4825748969,0.16239999,2.136786,0.04755509333312262
2,2,518291.48277117126,0.16239999,2.137664,0.04778047500938259
2,2,518296.4829674456,0.16239999,2.138523,0.0480058582491411
2,2,518301.48316372,0.16239999,2.1393058,0.04823124192386782
2,2,518306.48335999437,0.16239999,2.1403558,0.04845662643041295
2,2,518311.48355626874,0.16239999,2.1411004,0.04868200928273713
2,2,518316.4837525431,0.16239999,2.1419785,0.04890739151771034
2,2,518321.4839488175,0.16239999,2.1427994,0.04913277236987235
2,2,518326.48414509185,0.16239999,2.143582,0.0493581544265242
2,2,518331.4843413662,0.16239999,2.1443458,0.04958353746387113
2,2,518336.4845376406,0.16239999,2.1453958,0.04980892200960466
2,2,518341.48473391496,0.16239999,2.1461976,0.05003430629264645
2,2,518346.4849301893,0.16239999,2.1468465,0.050259690287859066
2,2,518351.4851264637,0.16239999,2.1479347,0.05048507570265398
2,2,518356.48532273807,0.16239999,2.1486027,0.05071046170022172
2,2,518361.48551901244,0.16239999,2.149462,0.05093584652161514
2,2,518366.4857152868,0.16239999,2.1502254,0.051161231555326106
2,2,518371.4859115612,0.16239999,2.1510656,0.05138661504240416
2,2,518376.48610783555,0.16239999,2.15181,0.05161199750654068
2,2,518381.4863041099,0.16239999,2.1526499,0.05183738098909209
2,2,518386.4865003843,0.16239999,2.1534517,0.05206276544885916
2,2,518391.48669665866,0.16239999,2.154311,0.05228815058369851
2,2,518396.486892933,0.16239999,2.154979,0.05251353527487566
2,2,518401.4870892074,0.16239999,2.1555898,0.052738921549787945
2,2,518406.48728548177,0.16239999,2.1563153,0.052964305929939774
2,2,518411.48748175614,0.16239999,2.1570218,0.05318969011621094
2,2,518416.4876780305,0.16239999,2.157938,0.053415076852363845
2,2,518421.4878743049,0.16239999,2.1585107,0.053640462332641914
2,2,518426.48807057925,0.16239999,2.159179,0.053865848079999286
2,2,518431.4882668536,0.16239999,2.159866,0.054091232385089824
2,2,518436.488463128,0.16239999,2.1604197,0.05431662025054875
2,2,518441.48865940236,0.16239999,2.1612978,0.054542007797203126
2,2,518446.4888556767,0.16239999,2.1618898,0.05476739532965421
2,2,518451.4890519511,0.16239999,2.1627488,0.054992783334073085
2,2,518456.48924822547,0.16239999,2.1633024,0.05521817004572103
2,2,518461.48944449984,0.16239999,2.1641424,0.055443558715764014
2,2,518466.4896407742,0.16239999,2.164715,0.05566894374061044
2,2,518471.4898370486,0.16239999,2.165383,0.0558943278203532
2,2,518476.49003332295,0.16239999,2.1661658,0.056119711878230165
2,2,518481.4902295973,0.16239999,2.166815,0.056345096568706954
2,2,518486.4904258717,0.16239999,2.1673687,0.05657048009405781
2,2,518491.49062214606,0.16239999,2.1683805,0.056795867148453985
2,2,518496.4908184204,0.16239999,2.1688004,0.05702125471749156
2,2,518501.4910146948,0.16239999,2.1696212,0.05724664280122021
2,2,518506.49121096916,0.16239999,2.170194,0.05747203380161688
2,2,518511.49140724353,0.16239999,2.1707284,0.057697421413706394
2,2,518516.4916035179,0.16239999,2.1713393,0.05792280962133572
2,2,518521.4917997923,0.16239999,2.1718547,0.05814819683536803
2,2,518526.49199606664,0.16239999,2.1726184,0.05837358384167153
2,2,518531.4921923415,0.16239999,2.1732101,0.05859897084234653
2,2,518536.4923886163,0.16239999,2.1738594,0.05882436099888714
2,2,518541.4925848907,0.16239999,2.174394,0.05904974977715891
2,2,518546.4927811655,0.16239999,2.1751192,0.059275138106499266
2,2,518551.49297744036,0.16239999,2.1755774,0.05950052667733115
2,2,518556.4931737152,0.16239999,2.176303,0.05972591512548425
2,2,518561.49336999,0.16239999,2.176952,0.059951303026358274
2,2,518566.49356626486,0.16239999,2.1775055,0.06017669097064931
2,2,518571.4937625397,0.16239999,2.1781929,0.060402079759428885
2,2,518576.49395881454,0.16239999,2.1786702,0.06062746733365869
2,2,518581.4941550894,0.16239999,2.1791472,0.06085285647747168
2,2,518586.4943513642,0.16239999,2.1796627,0.061078245559014366
2,2,518591.49454763904,0.16239999,2.1805217,0.06130363299201179
2,2,518596.4947439139,0.16239999,2.1810753,0.06152901984584744
2,2,518601.4949401887,0.16239999,2.1814954,0.06175440601637047
2,2,518606.49513646355,0.16239999,2.182068,0.06197979207794284
2,2,518611.4953327384,0.16239999,2.1826408,0.06220517964439258
2,2,518616.4955290132,0.16239999,2.1833854,0.06243056617732179
2,2,518621.49572528806,0.16239999,2.183748,0.06265595327247181
2,2,518626.4959215629,0.16239999,2.184149,0.06288134200236034
2,2,518631.4961178375,0.16239999,2.1848361,0.06310673147521084
2,2,518636.4963141121,0.16239999,2.1854472,0.06333212234259147
2,2,518641.4965103867,0.16239999,2.1859243,0.06355751407256804
2,2,518646.4967066613,0.16239999,2.186478,0.06378290439330951
2,2,518651.4969029359,0.16239999,2.1869934,0.06400829268152845
2,2,518656.4970992105,0.16239999,2.1875088,0.0642336813213643
2,2,518661.4972954851,0.16239999,2.1881006,0.06445906816457955
2,2,518666.49749175995,0.16239999,2.188616,0.06468445806847263
2,2,518671.49768803455,0.16239999,2.188998,0.06490984672332968
2,2,518676.49788430915,0.16239999,2.1895134,0.06513523547126103
2,2,518681.4980805839,0.16239999,2.190048,0.06536062345657993
2,2,518686.4982768586,0.16239999,2.1906397,0.06558600883905671
2,2,518691.4984731333,0.16239999,2.1910596,0.06581139725562267
2,2,518696.498669408,0.16239999,2.1916513,0.0660367844990111
2,2,518701.49886568275,0.16239999,2.1921477,0.06626217439371926
2,2,518706.49906195747,0.16239999,2.1926823,0.06648756637742617
2,2,518711.4992582322,0.16239999,2.193274,0.06671295790287436
2,2,518716.4994545069,0.16239999,2.193675,0.06693834872347114
2,2,518721.4996507816,0.16239999,2.1941524,0.06716374105395043
2,2,518726.49984705634,0.16239999,2.194706,0.06738913298564732
2,2,518731.50004333095,0.16239999,2.1949542,0.0676145257875712
2,2,518736.5002396056,0.16239999,2.195584,0.06783991961859245
2,2,518741.5004358803,0.16239999,2.1960995,0.06806531264334996
2,2,518746.50063215505,0.16239999,2.196443,0.06829070589658034
2,2,518751.50082842977,0.16239999,2.1969395,0.0685160989088275
2,2,518756.5010247044,0.16239999,2.1973596,0.06874148945873226
2,2,518761.50122097915,0.16239999,2.1979895,0.06896687940995391
2,2,518766.50141725386,0.16239999,2.198333,0.06919227118592623
2,2,518771.5016135286,0.16239999,2.1988294,0.06941766482129111
2,2,518776.5018098033,0.16239999,2.199154,0.06964305839440721
2,2,518781.5020060779,0.16239999,2.1997075,0.06986845108710062
2,2,518786.5022023525,0.16239999,2.2002993,0.07009384376721083
2,2,518791.5023986271,0.16239999,2.2007194,0.07031923388488258
2,2,518796.5025949017,0.16239999,2.201101,0.07054462439526947
2,2,518801.5027911763,0.16239999,2.2015975,0.07077001742337312
2,2,518806.50298745045,0.16239999,2.202132,0.07099540986032286
2,2,518811.50318372506,0.16239999,2.2024374,0.07122080238759765
2,2,518816.50337999966,0.16239999,2.2028575,0.07144619595250155
2,2,518821.50357627426,0.16239999,2.203411,0.07167158970358636
2,2,518826.50377254887,0.16239999,2.2038884,0.07189698161470807
2,2,518831.5039688237,0.16239999,2.204232,0.07212237507218205
2,2,518836.50416509854,0.16239999,2.2046137,0.07234776628127446
2,2,518841.5043613734,0.16239999,2.2051864,0.07257315762908756
2,2,518846.5045576482,0.16239999,2.2057974,0.07279854437713158
2,2,518851.50475392304,0.16239999,2.206141,0.07302393285122843
2,2,518856.5049501979,0.16239999,2.2064464,0.07324932072891625
2,2,518861.5051464727,0.16239999,2.207172,0.07347470687162627
2,2,518866.50534274755,0.16239999,2.20742,0.0737000912648547
2,2,518871.5055390224,0.16239999,2.2078972,0.07392547573141339
2,2,518876.5057352972,0.16239999,2.2083745,0.07415086006526068
2,2,518881.50593157206,0.16239999,2.2088137,0.0743762461642805
2,2,518886.5061278469,0.16239999,2.2091763,0.07460163364185972
2,2,518891.5063241217,0.16239999,2.2096155,0.07482702025993913
2,2,518896.50652039656,0.16239999,2.2097871,0.0750524035725668
2,2,518901.5067166714,0.16239999,2.2104745,0.07527778924708564
2,2,518906.50691294624,0.16239999,2.2108946,0.07550317714502992
2,2,518911.5071092211,0.16239999,2.2110853,0.07572856204031904
2,2,518916.5073054959,0.16239999,2.2115817,0.07595394814187618
2,2,518921.50750177074,0.16239999,2.2120972,0.07617933667566792
2,2,518926.5076980456,0.16239999,2.2124789,0.07640472267787489
2,2,518931.5078943204,0.16239999,2.2130134,0.07663010828022244
2,2,518936.5080905948,0.16239999,2.2133381,0.07685549284082153
2,2,518941.50828686915,0.16239999,2.2138917,0.0770808773872099
2,2,518946.5084831435,0.16239999,2.2140825,0.07730626049215678
2,2,518951.5086794179,0.16239999,2.2146552,0.07753164213189069
2,2,518956.50887569226,0.16239999,2.215037,0.07775702782508896
2,2,518961.50907196663,0.16239999,2.215228,0.07798241567994654
2,2,518966.509268241,0.16239999,2.2158198,0.07820780227590021
2,2,518971.5094645154,0.16239999,2.2162588,0.07843318754591462
2,2,518976.50966078974,0.16239999,2.216717,0.07865857251275993
2,2,518981.5098570641,0.16239999,2.2169843,0.07888395935769628
2,2,518986.5100533385,0.16239999,2.2175188,0.07910934655428016
2,2,518991.51024961285,0.16239999,2.2178814,0.0793347329265409
2,2,518996.5104458872,0.16239999,2.2182825,0.07956011919444385
2,2,519001.5106421616,0.16239999,2.2187407,0.07978550761365724
2,2,519006.51083843596,0.16239999,2.2189696,0.08001089576499329
2,2,519011.51103471033,0.16239999,2.2194088,0.08023628622125172
2,2,519016.5112309847,0.16239999,2.2197905,0.08046167575051469
2,2,519021.5114272591,0.16239999,2.2202678,0.08068706502026815
2,2,519026.51162353344,0.16239999,2.2205732,0.0809124539327315
2,2,519031.5118198078,0.16239999,2.220917,0.08113784223513304
2,2,519036.5120160822,0.16239999,2.2215087,0.0813632299703939
2,2,519041.51221235655,0.16239999,2.2216995,0.08158861631143258
2,2,519046.5124086309,0.16239999,2.2219095,0.0818140032384619
2,2,519051.5126049053,0.16239999,2.2223105,0.08203938794943855
2,2,519056.51280117966,0.16239999,2.2229404,0.0822647737208017
2,2,519061.51299745403,0.16239999,2.2231123,0.08249015839790469
2,2,519066.5131937284,0.16239999,2.2235131,0.08271554562995499
2,2,519071.5133900028,0.16239999,2.2239523,0.08294093161617798
2,2,519076.51358627714,0.16239999,2.2242959,0.08316631843062489
2,2,519081.5137825515,0.16239999,2.2246585,0.08339170271506738
2,2,519086.5139788259,0.16239999,2.2251358,0.08361708854421805
2,2,519091.51417510025,0.16239999,2.2253268,0.0838424734411885
2,2,519096.5143713746,0.16239999,2.2258804,0.08406785342406396
2,2,519101.514567649,0.16239999,2.2261095,0.08429323169751297
2,2,519106.51476392336,0.16239999,2.226625,0.0845186090647578
2,2,519111.51496019773,0.16239999,2.2268348,0.08474398446998992
2,2,519116.5151564721,0.16239999,2.2273312,0.0849693613778187
2,2,519121.5153527465,0.16239999,2.2278657,0.08519473749138662
2,2,519126.51554902084,0.16239999,2.2281902,0.0854201192457353
2,2,519131.5157452952,0.16239999,2.2285721,0.08564549813133643
2,2,519136.5159415696,0.16239999,2.2288013,0.08587087553175372
2,2,519141.51613784395,0.16239999,2.2291448,0.08609625351928422
2,2,519146.5163341183,0.16239999,2.2296793,0.08632163328447193
2,2,519151.5165303927,0.16239999,2.2299848,0.08654701349435084
2,2,519156.51672666706,0.16239999,2.2303092,0.08677239185483422
2,2,519161.51692294143,0.16239999,2.2308438,0.08699776921144294
2,2,519166.5171192158,0.16239999,2.2312257,0.087223147727963
2,2,519171.5173154902,0.16239999,2.231493,0.08744852856741432
2,2,519176.51751176454,0.16239999,2.2317984,0.08767390834743281
2,2,519181.5177080389,0.16239999,2.2322757,0.08789929010759212
2,2,519186.5179043133,0.16239999,2.2326193,0.08812467193415928
2,2,519191.51810058765,0.16239999,2.2328675,0.08835004999281468
2,2,519196.518296862,0.16239999,2.2332492,0.08857542908812813
2,2,519201.5184931364,0.16239999,2.2336693,0.08880080954896163
2,2,519206.51868941076,0.16239999,2.2341657,0.08902618819711028
2,2,519211.51888568513,0.16239999,2.2344136,0.08925156657387731
2,2,519216.5190819595,0.16239999,2.2348719,0.08947694564876044
2,2,519221.51927823387,0.16239999,2.2351582,0.08970232483635099
2,2,519226.51947450824,0.16239999,2.2353873,0.08992770452440366
2,2,519231.5196707826,0.16239999,2.2358074,0.09015308367079083
2,2,519236.519867057,0.16239999,2.2362082,0.09037846181752451
2,2,519241.52006333135,0.16239999,2.2365136,0.0906038420809582
2,2,519246.5202596057,0.16239999,2.2368572,0.09082922408717624
2,2,519251.5204558801,0.16239999,2.237201,0.09105460608357938
2,2,519256.52065215446,0.16239999,2.237678,0.09127998906375138
2,2,519261.52084842883,0.16239999,2.2379072,0.0915053712856182
2,2,519266.5210447032,0.16239999,2.2382126,0.09173075400061079
2,2,519271.52124097757,0.16239999,2.2385182,0.09195613534387119
2,2,519276.52143725194,0.16239999,2.238938,0.09218151814945871
2,2,519281.5216335263,0.16239999,2.2391672,0.0924069018378531
2,2,519286.5218298007,0.16239999,2.2395298,0.09263228340365408
2,2,519291.52202607505,0.16239999,2.2400835,0.09285766553632172
2,2,519296.5222223494,0.16239999,2.2403126,0.0930830469160403
2,2,519301.5224186238,0.16239999,2.2406945,0.09330842740179518
2,2,519306.52261489816,0.16239999,2.2410572,0.09353380373269901
2,2,519311.52281117253,0.16239999,2.2413054,0.09375918164941008
2,2,519316.5230074469,0.16239999,2.241668,0.09398455860367916
2,2,519321.52320372127,0.16239999,2.2422216,0.09420993471594985
2,2,519326.52339999564,0.16239999,2.2423172,0.09443531288275953
2,2,519331.5235962705,0.16239999,2.2428708,0.09466069401448719
2,2,519336.5237925453,0.16239999,2.2431571,0.09488607433884262
2,2,519341.52398882015,0.16239999,2.2435198,0.09511145526285886
2,2,519346.524185095,0.16239999,2.243749,0.09533683524987684
2,2,519351.5243813698,0.16239999,2.2440543,0.09556221621910402
2,2,519356.52457764465,0.16239999,2.244436,0.09578759837522939
2,2,519361.5247739195,0.16239999,2.2447226,0.09601298100114036
2,2,519366.5249701943,0.16239999,2.2451043,0.09623836177868067
2,2,519371.52516646916,0.16239999,2.2454479,0.09646374441521452
2,2,519376.525362744,0.16239999,2.2456388,0.09668912943898145
2,2,519381.52555901883,0.16239999,2.2459252,0.09691451232601457
2,2,519386.52575529367,0.16239999,2.2462878,0.09713989298741522
2,2,519391.5259515685,0.16239999,2.2468605,0.09736527333243525
2,2,519396.52614784334,0.16239999,2.2472043,0.09759065219033512
2,2,519401.5263441182,0.16239999,2.2475479,0.0978160309425063
2,2,519406.526540393,0.16239999,2.247796,0.09804141026155405
2,2,519411.52673666785,0.16239999,2.248216,0.09826678857606404
2,2,519416.5269329427,0.16239999,2.2484832,0.09849216947698596
2,2,519421.5271292175,0.16239999,2.2488842,0.09871754887096586
2,2,519426.52732549235,0.16239999,2.2494378,0.09894292870435949
2,2,519431.52752176696,0.16239999,2.2495904,0.09916831198592983
2,2,519436.52771804156,0.16239999,2.2499151,0.09939369555374818
2,2,519441.52791431616,0.16239999,2.2501442,0.09961908018514766
2,2,519446.52811059076,0.16239999,2.2504306,0.09984446412516555
2,2,519451.52830686537,0.16239999,2.2507741,0.10006984826474392
2,2,519456.52850313997,0.16239999,2.2510986,0.1002952314560869
2,2,519461.5286994146,0.16239999,2.2514803,0.10052061461374913
2,2,519466.5288956892,0.16239999,2.2518432,0.10074599957077789
2,2,519471.5290919638,0.16239999,2.2521486,0.10097138504995244
2,2,519476.5292882384,0.16239999,2.252416,0.10119676886363166
2,2,519481.5294845131,0.16239999,2.252645,0.10142215520759593
2,2,519486.5296807878,0.16239999,2.253084,0.10164754246579694
2,2,519491.52987706254,0.16239999,2.2533896,0.10187292978839498
2,2,519496.53007333726,0.16239999,2.2538857,0.102098319119725
2,2,519501.530269612,0.16239999,2.254134,0.10232370817305317
2,2,519506.5304658867,0.16239999,2.2544584,0.1025490944037562
2,2,519511.5306621614,0.16239999,2.254974,0.10277447914025274
2,2,519516.53085843613,0.16239999,2.2551649,0.1029998639850327
2,2,519521.53105471085,0.16239999,2.2555275,0.10322524693045602
2,2,519526.5312509856,0.16239999,2.2558138,0.10345062881471219
2,2,519531.53144726023,0.16239999,2.256272,0.10367600947916593
2,2,519536.53164353495,0.16239999,2.2565584,0.10390139163937918
2,2,519541.5318398097,0.16239999,2.2566922,0.1041267736710989
2,2,519546.5320360839,0.16239999,2.2570167,0.1043521567724811
2,2,519551.5322323586,0.16239999,2.2574365,0.10457754002709027
2,2,519556.5324286333,0.16239999,2.2575703,0.10480292156424127
2,2,519561.532624908,0.16239999,2.2580476,0.1050283033239552
2,2,519566.53282118274,0.16239999,2.2582383,0.10525368451999627
2,2,519571.53301745746,0.16239999,2.2584484,0.10547906755283394
2,2,519576.53321373207,0.16239999,2.2587347,0.1057044485605707
2,2,519581.53341000667,0.16239999,2.2591166,0.10592982797934199
2,2,519586.5336062813,0.16239999,2.259613,0.10615520624077818
2,2,519591.5338025561,0.16239999,2.2597466,0.1063805873317611
2,2,519596.5339988307,0.16239999,2.260052,0.10660597075863266
2,2,519601.5341951053,0.16239999,2.2603765,0.10683135459221405
2,2,519606.5343913799,0.16239999,2.2607775,0.10705673596228164
2,2,519611.5345876545,0.16239999,2.261102,0.1072821173851689
2,2,519616.5347839291,0.16239999,2.2614455,0.10750749803563459
2,2,519621.5349802037,0.16239999,2.261751,0.10773287979115134
2,2,519626.5351764783,0.16239999,2.2622283,0.10795826388894604
2,2,519631.53537275316,0.16239999,2.2626483,0.10818364884832007
2,2,519636.535569028,0.16239999,2.2627628,0.10840903592550923
2,2,519641.53576530283,0.16239999,2.2632973,0.10863442494397696
2,2,519646.53596157767,0.16239999,2.2635646,0.10885981275875786
2,2,519651.5361578525,0.16239999,2.2640038,0.10908520017447822
2,2,519656.53635412734,0.16239999,2.264252,0.1093105863464119
2,2,519661.5365504022,0.16239999,2.2643664,0.10953597332233773
2,2,519666.536746677,0.16239999,2.2648056,0.10976134937125696
2,2,519671.53694295185,0.16239999,2.265092,0.10998672406219695
2,2,519676.5371392267,0.16239999,2.2655118,0.11021209972003354
2,2,519681.5373355015,0.16239999,2.2657409,0.11043747203707699
2,2,519686.53753177635,0.16239999,2.2660654,0.11066285582309138
2,2,519691.5377280512,0.16239999,2.2663517,0.11088824026447622
2,2,519696.537924326,0.16239999,2.266619,0.11111362431568905
2,2,519701.53812060086,0.16239999,2.2669246,0.1113390095450324
2,2,519706.5383168757,0.16239999,2.2671535,0.11156439471493335
2,2,519711.53851315053,0.16239999,2.267669,0.11178977758508014
2,2,519716.53870942537,0.16239999,2.2679172,0.1120151613343135
2,2,519721.5389057002,0.16239999,2.26828,0.11224054451571244
2,2,519726.53910197504,0.16239999,2.2685854,0.1124659278909581
2,2,519731.5392982494,0.16239999,2.2688718,0.11269131055117818
2,2,519736.5394945238,0.16239999,2.2693298,0.11291669597974921
2,2,519741.53969079815,0.16239999,2.2696161,0.1131420826862579
2,2,519746.5398870725,0.16239999,2.26996,0.11336746872897616
2,2,519751.5400833469,0.16239999,2.2700934,0.11359285603607863
2,2,519756.54027962126,0.16239999,2.2704563,0.11381824266985476
2,2,519761.5404758956,0.16239999,2.270819,0.11404362931139439
2,2,519766.54067217,0.16239999,2.2712772,0.11426901492260896
2,2,519771.54086844437,0.16239999,2.271468,0.1144944014391916
2,2,519776.54106471874,0.16239999,2.2718308,0.11471978599523756
2,2,519781.5412609931,0.16239999,2.2721171,0.1149451709365754
2,2,519786.5414572675,0.16239999,2.272518,0.11517055548967094
2,2,519791.54165354185,0.16239999,2.272728,0.11539594057046543
2,2,519796.5418498162,0.16239999,2.2730334,0.11562132655783912
2,2,519801.5420460906,0.16239999,2.2734535,0.11584671499728333
2,2,519806.54224236496,0.16239999,2.2736824,0.11607210056185478
2,2,519811.5424386393,0.16239999,2.2741787,0.1162974857257961
2,2,519816.5426349137,0.16239999,2.2743697,0.11652286914849534
2,2,519821.54283118807,0.16239999,2.274809,0.11674825217068696
2,2,519826.54302746244,0.16239999,2.2749424,0.116973633051792
2,2,519831.5432237368,0.16239999,2.2754388,0.11719901304195246
2,2,519836.5434200112,0.16239999,2.275515,0.11742439437170911
2,2,519841.54361628555,0.16239999,2.275897,0.1176497757896053
2,2,519846.5438125599,0.16239999,2.2761834,0.11787515786878852
2,2,519851.5440088343,0.16239999,2.276527,0.11810054008346967
2,2,519856.54420510866,0.16239999,2.2769852,0.11832592437704244
2,2,519861.544401383,0.16239999,2.2772334,0.11855130861327802
2,2,519866.5445976574,0.16239999,2.2775197,0.11877669291058023
2,2,519871.54479393177,0.16239999,2.277768,0.11900207654627666
2,2,519876.54499020614,0.16239999,2.2780159,0.11922746092046636
2,2,519881.5451864805,0.16239999,2.2783787,0.11945284388566602
2,2,519886.5453827549,0.16239999,2.2786841,0.11967822858679382
2,2,519891.54557902925,0.16239999,2.2789323,0.11990361134884925
2,2,519896.5457753036,0.16239999,2.2793522,0.12012899319105103
2,2,519901.545971578,0.16239999,2.2798295,0.12035437529926254
2,2,519906.54616785236,0.16239999,2.279925,0.12057975806600026
2,2,519911.5463641267,0.16239999,2.280345,0.12080513991303002
2,2,519916.5465604011,0.16239999,2.2806504,0.12103051862705255
2,2,519921.54675667547,0.16239999,2.2810323,0.12125589387318662
2,2,519926.54695294984,0.16239999,2.2811277,0.12148126914044971
2,2,519931.5471492242,0.16239999,2.281605,0.1217066466803841
2,2,519936.5473454986,0.16239999,2.2818913,0.12193202551668557
2,2,519941.54754177295,0.16239999,2.282082,0.12215740430781334
2,2,519946.5477380473,0.16239999,2.2826166,0.1223827841578317
2,2,519951.5479343217,0.16239999,2.2828648,0.1226081632854012
2,2,519956.54813059606,0.16239999,2.2829795,0.12283354591624693
2,2,519961.5483268704,0.16239999,2.2834377,0.1230589279745437
2,2,519966.5485231448,0.16239999,2.2838194,0.12328430950639155
2,2,519971.54871941917,0.16239999,2.2840104,0.12350968994701743
2,2,519976.54891569354,0.16239999,2.284354,0.12373506820298158
2,2,519981.5491119679,0.16239999,2.2848122,0.12396044682315827
2,2,519986.5493082423,0.16239999,2.285003,0.1241858281055524
2,2,519991.54950451665,0.16239999,2.2853084,0.12441120992042545
2,2,519996.549700791,0.16239999,2.2855184,0.12463659218464633
2,2,520001.5498970654,0.16239999,2.2859194,0.1248619741457453
2,2,520006.55009333976,0.16239999,2.286263,0.12508735568398244
2,2,520011.5502896141,0.16239999,2.286454,0.12531273754424527
2,2,520016.5504858885,0.16239999,2.2867594,0.1255381198293667
2,2,520021.55068216287,0.16239999,2.2871792,0.12576350123945632
2,2,520026.55087843724,0.16239999,2.2874656,0.1259888832157826
2,2,520031.5510747116,0.16239999,2.2878857,0.12621426405381914
2,2,520036.551270986,0.16239999,2.2883055,0.1264396454811461
2,2,520041.55146726035,0.16239999,2.288363,0.12666502828579818
2,2,520046.5516635347,0.16239999,2.2888594,0.12689041448253482
2,2,520051.5518598091,0.16239999,2.2888975,0.12711580085455135
2,2,520056.55205608346,0.16239999,2.2893555,0.1273411887949333
2,2,520061.5522523578,0.16239999,2.2898138,0.1275665769797622
2,2,520066.5524486322,0.16239999,2.2899857,0.12779196647888674
2,2,520071.55264490657,0.16239999,2.2903483,0.12801735404043565
2,2,520076.55284118094,0.16239999,2.2906919,0.1282427433912506
2,2,520081.5530374553,0.16239999,2.290902,0.12846813331071041
2,2,520086.5532337297,0.16239999,2.291322,0.12869352286146418
2,2,520091.55343000405,0.16239999,2.2916846,0.12891890862273014
2,2,520096.5536262784,0.16239999,2.291971,0.12914429515815945
2,2,520101.5538225528,0.16239999,2.2921429,0.12936968150211295
2,2,520106.55401882716,0.16239999,2.2924864,0.12959506546927163
2,2,520111.5542151015,0.16239999,2.2929063,0.12982044984801033
2,2,520116.5544113759,0.16239999,2.2929637,0.13004583475119458
2,2,520121.55460765027,0.16239999,2.2934601,0.13027121721507032
2,2,520126.5548039251,0.16239999,2.293689,0.1304965973089528
2,2,520131.55500019994,0.16239999,2.2940137,0.13072197847740935
2,2,520136.5551964748,0.16239999,2.2942045,0.13094736233138626
2,2,520141.5553927496,0.16239999,2.2944717,0.13117274461512352
2,2,520146.55558902444,0.16239999,2.2948346,0.13139812755695152
2,2,520151.5557852993,0.16239999,2.2950828,0.13162351226934213
2,2,520156.5559815741,0.16239999,2.295617,0.13184889699569677
2,2,520161.55617784895,0.16239999,2.2959228,0.13207428264364768
2,2,520166.5563741238,0.16239999,2.2961135,0.13229966849015987
2,2,520171.5565703986,0.16239999,2.2965717,0.13252505216332197
2,2,520176.55676667346,0.16239999,2.2967055,0.13275043685491553
2,2,520181.5569629483,0.16239999,2.2970872,0.13297582098038002
2,2,520186.5571592231,0.16239999,2.2974117,0.13320120478877015
2,2,520191.55735549796,0.16239999,2.297717,0.13342658813366215
2,2,520196.5575517728,0.16239999,2.2982707,0.1336519720521636
2,2,520201.55774804763,0.16239999,2.2984426,0.13387735729318034
2,2,520206.55794432247,0.16239999,2.2986336,0.13410274488510196
2,2,520211.5581405973,0.16239999,2.298939,0.13432813142438652
2,2,520216.55833687214,0.16239999,2.2994354,0.13455351961025516
2,2,520221.558533147,0.16239999,2.2996836,0.13477890746853338
2,2,520226.5587294216,0.16239999,2.2998743,0.13500429315764212
2,2,520231.5589256962,0.16239999,2.300428,0.13522967987991624
2,2,520236.5591219708,0.16239999,2.3005998,0.13545506550231495
2,2,520241.5593182454,0.16239999,2.3009434,0.13568045129814332
2,2,520246.55951452,0.16239999,2.3012297,0.1359058360063972
2,2,520251.5597107946,0.16239999,2.3016307,0.1361312233853092
2,2,520256.5599070692,0.16239999,2.3019743,0.13635660901491758
2,2,520261.5601033438,0.16239999,2.3022797,0.13658199470803226
2,2,520266.5602996184,0.16239999,2.3025088,0.1368073807834031
2,2,520271.560495893,0.16239999,2.3027952,0.1370327669321133
2,2,520276.5606921677,0.16239999,2.3029096,0.13725815361183302
2,2,520281.56088844244,0.16239999,2.3032725,0.13748353919895406
2,2,520286.5610847167,0.16239999,2.303578,0.13770892450307226
2,2,520291.5612809914,0.16239999,2.3039405,0.13793430941604326
2,2,520296.56147726614,0.16239999,2.3043416,0.13815969390273755
2,2,520301.56167354085,0.16239999,2.304647,0.13838507636545183
2,2,520306.5618698156,0.16239999,2.304857,0.13861045737240546
2,2,520311.5620660903,0.16239999,2.3052769,0.13883584135137994
2,2,520316.562262365,0.16239999,2.3052769,0.13906122594465148
2,2,520321.56245863973,0.16239999,2.3057542,0.1392866122892482
2,2,520326.56265491445,0.16239999,2.3060405,0.13951199839326323
2,2,520331.56285118917,0.16239999,2.3064413,0.1397373829393428
2,2,520336.56304746383,0.16239999,2.3065941,0.13996277028068566
2,2,520341.56324373855,0.16239999,2.3068233,0.14018815525291112
2,2,520346.56344001327,0.16239999,2.307205,0.14041354020768648
2,2,520351.56363628793,0.16239999,2.307587,0.14063892467059108
2,2,520356.56383256265,0.16239999,2.3078923,0.14086431183793144
2,2,520361.56402883737,0.16239999,2.3081214,0.14108970119966646
2,2,520366.5642251121,0.16239999,2.308446,0.14131508926463704
2,2,520371.5644213868,0.16239999,2.3088467,0.14154047668916397
2,2,520376.5646176615,0.16239999,2.3089614,0.14176586375419709
2,2,520381.56481393613,0.16239999,2.309534,0.14199124865405838
2,2,520386.56501021073,0.16239999,2.3096867,0.14221663353847544
2,2,520391.56520648533,0.16239999,2.3099158,0.14244201706387016
2,2,520396.56540275994,0.16239999,2.3102977,0.14266740121123606
2,2,520401.56559903454,0.16239999,2.3106031,0.14289278520474333
2,2,520406.56579530914,0.16239999,2.3108323,0.14311816910578723
2,2,520411.565991584,0.16239999,2.3111186,0.14334355327617956
2,2,520416.5661878586,0.16239999,2.3113477,0.14356893470286247
2,2,520421.5663841332,0.16239999,2.3115385,0.14379431863655648
2,2,520426.5665804078,0.16239999,2.312054,0.1440197017373393
2,2,520431.5667766826,0.16239999,2.312302,0.14424508256539206
2,2,520436.56697295746,0.16239999,2.3125694,0.14447046306152145
2,2,520441.5671692323,0.16239999,2.3129513,0.14469584442502756
2,2,520446.56736550713,0.16239999,2.3132758,0.14492122892835652
2,2,520451.56756178197,0.16239999,2.3134665,0.14514661245199126
2,2,520456.5677580568,0.16239999,2.3137913,0.14537200019570024
2,2,520461.56795433164,0.16239999,2.3142493,0.14559738317900978
2,2,520466.5681506065,0.16239999,2.314383,0.14582276574152706
2,2,520471.5683468813,0.16239999,2.3148603,0.14604814617508646
2,2,520476.56854315614,0.16239999,2.3151848,0.14627352834955268
2,2,520481.568739431,0.16239999,2.3153949,0.14649891134420862
2,2,520486.5689357058,0.16239999,2.3155093,0.14672429377055413
2,2,520491.56913198065,0.16239999,2.3158147,0.14694967641339116
2,2,520496.5693282555,0.16239999,2.3161583,0.14717506037144606
2,2,520501.5695245303,0.16239999,2.3165593,0.1474004457334917
2,2,520506.56972080516,0.16239999,2.3168075,0.14762583312593644
2,2,520511.56991708,0.16239999,2.317132,0.14785122020306019
2,2,520516.5701133548,0.16239999,2.317304,0.14807660648158105
2,2,520521.57030962966,0.16239999,2.317781,0.14830199378440773
2,2,520526.57050590403,0.16239999,2.3181057,0.1485273816498087
2,2,520531.5707021784,0.16239999,2.3182392,0.14875276957923583
2,2,520536.5708984528,0.16239999,2.3185446,0.14897815731869468
2,2,520541.57109472714,0.16239999,2.3189838,0.1492035430686341
2,2,520546.5712910015,0.16239999,2.3191364,0.14942892877597522
2,2,520551.5714872759,0.16239999,2.3195755,0.14965431357587455
2,2,520556.57168355025,0.16239999,2.3196137,0.14987969731206277
2,2,520561.5718798246,0.16239999,2.3200338,0.1501050836620703
2,2,520566.572076099,0.16239999,2.3203392,0.15033047166689648
2,2,520571.57227237336,0.16239999,2.3205492,0.15055586016078704
2,2,520576.57246864773,0.16239999,2.3208737,0.15078125033389195
2,2,520581.5726649221,0.16239999,2.32116,0.15100663977522316
2,2,520586.5728611965,0.16239999,2.32158,0.1512320308882519
2,2,520591.57305747084,0.16239999,2.3218856,0.1514574222064142
2,2,520596.5732537452,0.16239999,2.3220572,0.15168281181803425
2,2,520601.5734500196,0.16239999,2.3223245,0.15190820292638238
2,2,520606.57364629395,0.16239999,2.3224583,0.1521335946927724
2,2,520611.5738425683,0.16239999,2.3227828,0.15235898434183162
2,2,520616.5740388427,0.16239999,2.323031,0.152584372816931
2,2,520621.57423511706,0.16239999,2.3233745,0.15280976023974346
2,2,520626.57443139143,0.16239999,2.3237946,0.15303514632222134
2,2,520631.5746276658,0.16239999,2.324081,0.15326053337591716
2,2,520636.5748239402,0.16239999,2.3242717,0.15348591958884972
2,2,520641.57502021454,0.16239999,2.3244245,0.15371130407412925
2,2,520646.5752164889,0.16239999,2.32494,0.15393668915103786
2,2,520651.5754127633,0.16239999,2.3252072,0.15416207345655475
2,2,520656.57560903765,0.16239999,2.3255317,0.15438745832925865
2,2,520661.575805312,0.16239999,2.3258562,0.1546128436927439
2,2,520666.5760015864,0.16239999,2.3260853,0.1548382286893518
2,2,520671.57619786076,0.16239999,2.326467,0.15506361658471818
2,2,520676.57639413513,0.16239999,2.3265245,0.15528900349690347
2,2,520681.5765904095,0.16239999,2.3269634,0.1555143902958979
2,2,520686.5767866839,0.16239999,2.3272307,0.15573977636140832
2,2,520691.57698295824,0.16239999,2.327517,0.155965163239287
2,2,520696.5771792326,0.16239999,2.3276317,0.15619054920823044
2,2,520701.577375507,0.16239999,2.3280897,0.15641593528932002
2,2,520706.57757178135,0.16239999,2.3284526,0.15664132398772324
2,2,520711.5777680557,0.16239999,2.3286433,0.15686671201175867
2,2,520716.5779643301,0.16239999,2.3290634,0.15709210087525433
2,2,520721.57816060446,0.16239999,2.3293688,0.15731748943096815
2,2,520726.57835687883,0.16239999,2.329598,0.15754287680889337
2,2,520731.5785531532,0.16239999,2.3299606,0.157768265687392
2,2,520736.5787494276,0.16239999,2.3300943,0.15799365619418027
2,2,520741.57894570194,0.16239999,2.330266,0.1582190451465398
2,2,520746.5791419763,0.16239999,2.3305717,0.1584444353104242
2,2,520751.5793382507,0.16239999,2.3308198,0.15866982520439477
2,2,520756.57953452505,0.16239999,2.3310678,0.15889521497557146
2,2,520761.5797307994,0.16239999,2.331316,0.15912060461690608
2,2,520766.5799270738,0.16239999,2.3317742,0.15934599425050036
2,2,520771.58012334816,0.16239999,2.3320796,0.15957138379734093
2,2,520776.58031962253,0.16239999,2.3321369,0.15979677310256163
2,2,520781.5805158969,0.16239999,2.332557,0.16002216268309455
2,2,520786.5807121713,0.16239999,2.332748,0.16024755230363874
2,2,520791.58090844564,0.16239999,2.3329577,0.16047293817020375
2,2,520796.58110472,0.16239999,2.333206,0.1606983249468845
2,2,520801.5813009944,0.16239999,2.3335307,0.1609237146097099
2,2,520806.58149726875,0.16239999,2.3338742,0.16114910388801829
2,2,520811.5816935431,0.16239999,2.3339505,0.16137449043192303
2,2,520816.5818898175,0.16239999,2.3343132,0.16159987591638006
2,2,520821.58208609186,0.16239999,2.3347905,0.1618252625883247
2,2,520826.58228236623,0.16239999,2.3349624,0.1620506476536079
2,2,520831.5824786406,0.16239999,2.3351724,0.16227603285433273
2,2,520836.582674915,0.16239999,2.3354013,0.1625014164549535
2,2,520841.58287118934,0.16239999,2.3358405,0.1627267991675255
2,2,520846.5830674637,0.16239999,2.3360505,0.16295218315534632
2,2,520851.5832637381,0.16239999,2.336356,0.16317756894919366
2,2,520856.58346001245,0.16239999,2.3366423,0.1634029549011175
2,2,520861.5836562868,0.16239999,2.3368905,0.1636283401070983
2,2,520866.5838525612,0.16239999,2.3371768,0.1638537242531405
2,2,520871.58404883556,0.16239999,2.337425,0.16407910866148698
2,2,520876.58424510993,0.16239999,2.3375776,0.1643044945542987
2,2,520881.5844413843,0.16239999,2.3377876,0.16452988085000805
2,2,520886.58463765867,0.16239999,2.338265,0.1647552662195167
2,2,520891.58483393304,0.16239999,2.3384368,0.16498064893921144
2,2,520896.5850302074,0.16239999,2.3385894,0.1652060319356547
2,2,520901.5852264818,0.16239999,2.339143,0.16543141543294748
2,2,520906.58542275615,0.16239999,2.3392959,0.16565679993807286
2,2,520911.5856190305,0.16239999,2.3394675,0.16588218355011122
2,2,520916.5858153049,0.16239999,2.3399067,0.1661075660415293
2,2,520921.5860115797,0.16239999,2.3401167,0.16633295148531277
2,2,520926.58620785456,0.16239999,2.340365,0.16655833602397238
2,2,520931.5864041294,0.16239999,2.340575,0.16678372190623658
2,2,520936.58660040423,0.16239999,2.3409376,0.16700910641799546
2,2,520941.58679667907,0.16239999,2.341052,0.16723448826940782
2,2,520946.5869929539,0.16239999,2.3413384,0.16745986881081107
2,2,520951.58718922874,0.16239999,2.3414912,0.1676852515537955
2,2,520956.5873855036,0.16239999,2.341911,0.16791063469476095
2,2,520961.5875817784,0.16239999,2.3421783,0.1681360191036273
2,2,520966.58777805325,0.16239999,2.3425412,0.1683614016127918
2,2,520971.5879743281,0.16239999,2.3426938,0.16858678313294886
2,2,520976.5881706029,0.16239999,2.342961,0.16881216451351266
2,2,520981.58836687775,0.16239999,2.3431902,0.16903754706439464
2,2,520986.5885631526,0.16239999,2.343553,0.16926293071461723
2,2,520991.5887594274,0.16239999,2.3437629,0.1694883128628632
2,2,520996.58895570226,0.16239999,2.343992,0.1697136933115804
2,2,521001.5891519771,0.16239999,2.3444502,0.16993907536522468
2,2,521006.58934825193,0.16239999,2.3445075,0.1701644584479622
2,2,521011.58954452677,0.16239999,2.3447556,0.17038984227831913
2,2,521016.5897408016,0.16239999,2.3450992,0.17061522440353702
2,2,521021.58993707574,0.16239999,2.3452902,0.17084060596763842
2,2,521026.59013335034,0.16239999,2.3455575,0.17106598790174146
2,2,521031.59032962495,0.16239999,2.3457103,0.1712913700237109
2,2,521036.59052589955,0.16239999,2.346092,0.17151675109794326
2,2,521041.59072217415,0.16239999,2.3462446,0.17174212998276042
2,2,521046.59091844875,0.16239999,2.3463974,0.17196750788830306
2,2,521051.59111472336,0.16239999,2.3465884,0.1721928886456581
2,2,521056.59131099796,0.16239999,2.34697,0.17241826972810845
2,2,521061.59150727256,0.16239999,2.347142,0.17264364958145306
2,2,521066.59170354716,0.16239999,2.3474855,0.17286903117638994
2,2,521071.5918998219,0.16239999,2.3476193,0.1730944142404116
2,2,521076.5920960966,0.16239999,2.347982,0.1733197980272621
2,2,521081.5922923713,0.16239999,2.3480773,0.17354518022743778
2,2,521086.59248864604,0.16239999,2.3483636,0.17377056299481045
2,2,521091.59268492076,0.16239999,2.3487837,0.1739959440150145
2,2,521096.5928811955,0.16239999,2.3489747,0.17422132587840325
2,2,521101.5930774702,0.16239999,2.3491654,0.17444670960996217
2,2,521106.5932737449,0.16239999,2.3495665,0.17467209437335365
2,2,521111.59347001964,0.16239999,2.3496428,0.17489747928781477
2,2,521116.59366629436,0.16239999,2.3500054,0.1751228618415056
2,2,521121.5938625691,0.16239999,2.35012,0.1753482453800208
2,2,521126.5940588438,0.16239999,2.35054,0.17557363117022565
2,2,521131.59425511846,0.16239999,2.3508453,0.17579901670964393
2,2,521136.5944513932,0.16239999,2.3508837,0.17602440107632014
2,2,521141.5946476679,0.16239999,2.3511126,0.17624978522621593
2,2,521146.59484394256,0.16239999,2.3513799,0.1764751676681464
2,2,521151.5950402175,0.16239999,2.3519144,0.17670054976247912
2,2,521156.5952364922,0.16239999,2.3518953,0.17692593139943066
2,2,521161.59543276695,0.16239999,2.3522582,0.17715131238603757
2,2,521166.59562904167,0.16239999,2.3523917,0.17737669426112207
2,2,521171.5958253164,0.16239999,2.352468,0.17760207727199462
2,2,521176.596021591,0.16239999,2.352659,0.17782746188251095
2,2,521181.5962178656,0.16239999,2.353079,0.17805284541558142
2,2,521186.5964141402,0.16239999,2.3531935,0.17827822881150326
2,2,521191.5966104148,0.16239999,2.3535562,0.17850361358199185
2,2,521196.5968066894,0.16239999,2.3538043,0.17872899891871874
2,2,521201.597002964,0.16239999,2.3541481,0.1789543830905631
2,2,521206.5971992386,0.16239999,2.3541481,0.17917976681516154
2,2,521211.597395513,0.16239999,2.354549,0.17940515192705642
2,2,521216.5975917876,0.16239999,2.3546636,0.1796305349152825
2,2,521221.5977880624,0.16239999,2.3549116,0.17985591774280865
2,2,521226.59798433725,0.16239999,2.3552935,0.18008130141812315
2,2,521231.5981806121,0.16239999,2.3555226,0.18030668205761
2,2,521236.5983768869,0.16239999,2.355618,0.18053206173582376
2,2,521241.59857316175,0.16239999,2.3559806,0.18075744531181703
2,2,521246.5987694366,0.16239999,2.3562098,0.18098282860290424
2,2,521251.5989657114,0.16239999,2.356458,0.18120821094573206
2,2,521256.59916198626,0.16239999,2.3565917,0.18143359376279514
2,2,521261.5993582611,0.16239999,2.3569925,0.18165897600480502
2,2,521266.59955453593,0.16239999,2.3572407,0.18188435851498447
2,2,521271.59975081077,0.16239999,2.3574889,0.18210974083122447
2,2,521276.5999470856,0.16239999,2.3576608,0.1823351229452284
2,2,521281.60014336044,0.16239999,2.3578324,0.18256050673740112
2,2,521286.6003396353,0.16239999,2.3581953,0.18278589164511283
2,2,521291.60053590965,0.16239999,2.358348,0.18301127625674427
2,2,521296.6007321845,0.16239999,2.3584435,0.18323666180833267
2,2,521301.6009284593,0.16239999,2.3588061,0.1834620498037264
2,2,521306.60112473415,0.16239999,2.3589587,0.1836874388668405
2,2,521311.601321009,0.16239999,2.3591688,0.18391282701609452
2,2,521316.6015172838,0.16239999,2.3593025,0.18413821673349542
2,2,521321.60171355866,0.16239999,2.3597605,0.1843636063418811
2,2,521326.601909833,0.16239999,2.3597414,0.18458899641459686
2,2,521331.6021061074,0.16239999,2.3600278,0.1848143853103411
2,2,521336.60230238177,0.16239999,2.360276,0.18503977423540754
2,2,521341.60249865614,0.16239999,2.360467,0.1852651624819968
2,2,521346.6026949305,0.16239999,2.3606007,0.1854905490575897
2,2,521351.6028912049,0.16239999,2.3608296,0.1857159344553948
2,2,521356.60308747925,0.16239999,2.3608487,0.185941323456328
2,2,521361.6032837536,0.16239999,2.3611925,0.1861667143643325
2,2,521366.603480028,0.16239999,2.361517,0.1863921038200119
2,2,521371.60367630236,0.16239999,2.361555,0.18661749268253897
2,2,521376.6038725767,0.16239999,2.3619561,0.18684288233372406
2,2,521381.6040688511,0.16239999,2.3622234,0.1870682700743419
2,2,521386.60426512547,0.16239999,2.3622615,0.18729366069855546
2,2,521391.60446139984,0.16239999,2.3624141,0.18751905100074084
2,2,521396.6046576742,0.16239999,2.3626242,0.18774444288465633
2,2,521401.6048539486,0.16239999,2.3629105,0.1879698351312098
2,2,521406.60505022295,0.16239999,2.3630059,0.18819522572328817
2,2,521411.6052464973,0.16239999,2.3633497,0.18842061338601432
2,2,521416.6054427717,0.16239999,2.3633115,0.1886460012224491
2,2,521421.60563904606,0.16239999,2.3637123,0.18887139166209188
2,2,521426.6058353204,0.16239999,2.3639033,0.18909678257288126
2,2,521431.6060315948,0.16239999,2.3641896,0.18932217399617207
2,2,521436.60622786917,0.16239999,2.3643231,0.18954756492054303
2,2,521441.60642414354,0.16239999,2.364476,0.18977295571324485
2,2,521446.6066204179,0.16239999,2.364686,0.18999834753946387
2,2,521451.6068166923,0.16239999,2.3650868,0.19022373828964356
2,2,521456.60701296665,0.16239999,2.3652778,0.1904491289308883
2,2,521461.607209241,0.16239999,2.3653922,0.1906745196514602
2,2,521466.6074055154,0.16239999,2.365507,0.19089990993747452
2,2,521471.60760178976,0.16239999,2.3656785,0.19112529838991915
2,2,521476.6077980641,0.16239999,2.3658886,0.19135068628827323
2,2,521481.6079943385,0.16239999,2.3660796,0.19157607636448581
2,2,521486.60819061287,0.16239999,2.3663468,0.19180146838821807
2,2,521491.60838688724,0.16239999,2.366385,0.19202685939253872
2,2,521496.6085831616,0.16239999,2.366576,0.19225225073079438
2,2,521501.608779436,0.16239999,2.3668623,0.19247764264585082
2,2,521506.60897571035,0.16239999,2.3669386,0.1927030337347372
2,2,521511.6091719847,0.16239999,2.3672822,0.19292842592111897
2,2,521516.6093682591,0.16239999,2.3673968,0.19315381741712248
2,2,521521.60956453346,0.16239999,2.367664,0.19337920908791328
2,2,521526.6097608078,0.16239999,2.3678548,0.19360459816670259
2,2,521531.6099570822,0.16239999,2.3681602,0.19382998611742844
2,2,521536.61015335657,0.16239999,2.3683703,0.19405537298567185
2,2,521541.61034963094,0.16239999,2.368504,0.1942807580413231
2,2,521546.6105459053,0.16239999,2.3687522,0.19450614669762392
2,2,521551.6107421797,0.16239999,2.3688095,0.19473153551414119
2,2,521556.61093845405,0.16239999,2.3690195,0.1949569216781996
2,2,521561.6111347284,0.16239999,2.3692677,0.19518230971697145
2,2,521566.6113310028,0.16239999,2.3693821,0.19540769518908452
2,2,521571.61152727716,0.16239999,2.3696113,0.19563308000550012
2,2,521576.6117235515,0.16239999,2.3697639,0.19585846615911448
2,2,521581.6119198259,0.16239999,2.3699167,0.19608385493564448
2,2,521586.61211610027,0.16239999,2.3700502,0.19630924373696257
2,2,521591.61231237464,0.16239999,2.3702793,0.19653463192090154
2,2,521596.612508649,0.16239999,2.3704894,0.1967600184864022
2,2,521601.6127049234,0.16239999,2.3707185,0.19698540517741867
2,2,521606.61290119775,0.16239999,2.3709095,0.19721079127129426
2,2,521611.6130974721,0.16239999,2.3709857,0.19743617805426827
2,2,521616.6132937465,0.16239999,2.3713675,0.19766156409537555
2,2,521621.61349002086,0.16239999,2.3713865,0.19788694888639213
2,2,521626.6136862952,0.16239999,2.3715584,0.198112330432334
2,2,521631.6138825696,0.16239999,2.371883,0.19833771020599963
2,2,521636.61407884397,0.16239999,2.3718066,0.19856309050747517
2,2,521641.61427511834,0.16239999,2.3722458,0.19878847232487895
2,2,521646.6144713927,0.16239999,2.3724556,0.19901385575866715
2,2,521651.6146676671,0.16239999,2.3726466,0.19923924113978628
2,2,521656.61486394145,0.16239999,2.3728375,0.19946462492240155
2,2,521661.6150602158,0.16239999,2.372971,0.19969000483651558
2,2,521666.6152564902,0.16239999,2.3732193,0.1999153849346631
2,2,521671.61545276456,0.16239999,2.3732955,0.20014076563570582
2,2,521676.6156490389,0.16239999,2.373582,0.20036614661658655
2,2,521681.6158453133,0.16239999,2.3735056,0.20059152465395647
2,2,521686.61604158767,0.16239999,2.3736203,0.20081690338091154
2,2,521691.61623786204,0.16239999,2.374002,0.20104228279103437
2,2,521696.6164341364,0.16239999,2.374193,0.20126766186944411
2,2,521701.6166304108,0.16239999,2.3742883,0.20149304047754588
2,2,521706.61682668515,0.16239999,2.3743837,0.2017184213625517
2,2,521711.6170229595,0.16239999,2.374651,0.20194379949371116
2,2,521716.61721923435,0.16239999,2.374861,0.20216918092507302
2,2,521721.6174155092,0.16239999,2.3750138,0.20239456350915808
2,2,521726.617611784,0.16239999,2.3749757,0.20261994626242927
2,2,521731.61780805886,0.16239999,2.3751092,0.2028453293763549
2,2,521736.6180043337,0.16239999,2.375281,0.2030707112298857
2,2,521741.61820060853,0.16239999,2.3755102,0.20329609584614478
2,2,521746.61839688336,0.16239999,2.37572,0.2035214802892391
2,2,521751.6185931582,0.16239999,2.3757966,0.2037468652517929
2,2,521756.61878943304,0.16239999,2.3757966,0.2039722496036168
2,2,521761.6189857074,0.16239999,2.3761592,0.20419763228932777
2,2,521766.61918198224,0.16239999,2.3762546,0.2044230138802339
2,2,521771.6193782571,0.16239999,2.3764265,0.20464839484696515
2,2,521776.6195745319,0.16239999,2.3766174,0.20487377631465853
2,2,521781.61977080675,0.16239999,2.37677,0.20509915940573906
2,2,521786.6199670816,0.16239999,2.3768656,0.2053245414902097
2,2,521791.6201633564,0.16239999,2.3770373,0.20554992305708109
2,2,521796.62035963126,0.16239999,2.3773427,0.205775305520278
2,2,521801.6205559061,0.16239999,2.3774765,0.20600068950237843
2,2,521806.6207521809,0.16239999,2.3774765,0.20622607470844284
2,2,521811.62094845576,0.16239999,2.3777246,0.20645145671751527
2,2,521816.62114473036,0.16239999,2.377992,0.20667683826769073
2,2,521821.62134100497,0.16239999,2.3778772,0.2069022210862555
2,2,521826.62153727957,0.16239999,2.3782592,0.20712760400875835
2,2,521831.6217335542,0.16239999,2.3785455,0.20735298674854646
2,2,521836.6219298288,0.16239999,2.3786027,0.20757836974092914
2,2,521841.6221261034,0.16239999,2.3787172,0.20780375522601863
2,2,521846.622322378,0.16239999,2.379042,0.20802913934996817
2,2,521851.6225186526,0.16239999,2.379042,0.2082545255953124
2,2,521856.6227149272,0.16239999,2.3793664,0.20847991312381053
2,2,521861.6229112018,0.16239999,2.3794236,0.20870529873612698
2,2,521866.6231074765,0.16239999,2.379748,0.20893068511681598
2,2,521871.6233037512,0.16239999,2.379729,0.20915607050936263
2,2,521876.62350002595,0.16239999,2.3799582,0.2093814550360616
2,2,521881.62369630067,0.16239999,2.3802636,0.2096068377677344
2,2,521886.6238925756,0.16239999,2.3803399,0.2098322221501272
2,2,521891.62408885034,0.16239999,2.380569,0.21005760952411354
2,2,521896.62428512506,0.16239999,2.38076,0.21028299600496733
2,2,521901.6244813998,0.16239999,2.380798,0.21050838216323664
2,2,521906.6246776745,0.16239999,2.3808553,0.21073377013516933
2,2,521911.6248739492,0.16239999,2.380951,0.21095915743971377
2,2,521916.62507022393,0.16239999,2.3810844,0.21118454599682665
2,2,521921.62526649865,0.16239999,2.3813517,0.21140993304353134
2,2,521926.6254627734,0.16239999,2.3814473,0.21163531863846224
2,2,521931.62565904803,0.16239999,2.3816953,0.21186070743097374
2,2,521936.62585532275,0.16239999,2.3817527,0.2120860939659883
2,2,521941.6260515974,0.16239999,2.3819244,0.21231148188480994
2,2,521946.62624787213,0.16239999,2.3821917,0.21253686905509328
2,2,521951.62644414674,0.16239999,2.3823254,0.21276225447414082
2,2,521956.62664042145,0.16239999,2.3825355,0.21298763769386142
2,2,521961.6268366962,0.16239999,2.3826308,0.213213023366237
2,2,521966.6270329708,0.16239999,2.382879,0.21343840659678906
2,2,521971.6272292454,0.16239999,2.383089,0.21366378873837505
2,2,521976.62742552,0.16239999,2.3830316,0.21388917144854713
2,2,521981.6276217946,0.16239999,2.3831081,0.2141145536287147
2,2,521986.6278180692,0.16239999,2.383337,0.2143399353832422
2,2,521991.6280143438,0.16239999,2.3834517,0.21456531750456095
2,2,521996.6282106184,0.16239999,2.3836236,0.2147907015160862
2,2,522001.628406893,0.16239999,2.383738,0.21501608614357248
2,2,522006.6286031676,0.16239999,2.383929,0.21524147053121215
2,2,522011.6287994422,0.16239999,2.3841007,0.2154668564318644
2,2,522016.62899571704,0.16239999,2.3841197,0.21569224257165626
2,2,522021.6291919919,0.16239999,2.3841963,0.21591762938579107
2,2,522026.6293882667,0.16239999,2.3846734,0.21614301542611686
2,2,522031.6295845411,0.16239999,2.3846161,0.21636840059363197
2,2,522036.6297808159,0.16239999,2.3849216,0.21659378554181524
2,2,522041.62997709075,0.16239999,2.384979,0.21681917169408932
2,2,522046.6301733656,0.16239999,2.3850172,0.21704455449873641
2,2,522051.6303696404,0.16239999,2.3853416,0.21726994112782033
2,2,522056.63056591526,0.16239999,2.3855135,0.21749532806730784
2,2,522061.6307621901,0.16239999,2.3855135,0.21772071749210126
2,2,522066.6309584649,0.16239999,2.3855326,0.2179461041112792
2,2,522071.63115473976,0.16239999,2.3857808,0.21817148959049765
2,2,522076.6313510146,0.16239999,2.3858762,0.21839687666047297
2,2,522081.63154728943,0.16239999,2.3859715,0.2186222631383929
2,2,522086.63174356427,0.16239999,2.3862388,0.2188476479742744
2,2,522091.6319398391,0.16239999,2.3864489,0.21907303025510427
2,2,522096.63213611394,0.16239999,2.386468,0.2192984145451198
2,2,522101.6323323888,0.16239999,2.3865633,0.21952379937574698
2,2,522106.6325286636,0.16239999,2.3867924,0.2197491828091651
2,2,522111.63272493845,0.16239999,2.3867924,0.219974566028038
2,2,522116.6329212133,0.16239999,2.3868496,0.22019994966159365
2,2,522121.63311748765,0.16239999,2.3870215,0.22042533296261496
2,2,522126.633313762,0.16239999,2.3872125,0.22065070438601259
2,2,522131.6335100364,0.16239999,2.3871362,0.2208760752368745
2,2,522136.63370631076,0.16239999,2.3874416,0.22110144560993647
2,2,522141.63390258513,0.16239999,2.3876705,0.22132681678330338
2,2,522146.6340988595,0.16239999,2.3876705,0.22155218915367478
2,2,522151.6342951339,0.16239999,2.3878615,0.22177755989018103
2,2,522156.63449140824,0.16239999,2.3878996,0.2220029432892495
2,2,522161.6346876826,0.16239999,2.3881478,0.2222283308255103
2,2,522166.634883957,0.16239999,2.3885489,0.2224537198246628
2,2,522171.63508023135,0.16239999,2.388377,0.22267910689082923
2,2,522176.6352765057,0.16239999,2.3887396,0.22290449157099276
2,2,522181.6354727801,0.16239999,2.388759,0.22312987530724307
2,2,522186.63566905446,0.16239999,2.3889878,0.22335526074935597
2,2,522191.63586532883,0.16239999,2.3890452,0.22358064820116197
2,2,522196.6360616032,0.16239999,2.389026,0.22380603517600747
2,2,522201.6362578776,0.16239999,2.389236,0.2240314232083528
2,2,522206.63645415194,0.16239999,2.3894079,0.22425681337760078
2,2,522211.6366504263,0.16239999,2.3895988,0.2244822018544767
2,2,522216.6368467007,0.16239999,2.3896751,0.2247075898571298
2,2,522221.63704297505,0.16239999,2.3897324,0.22493297545483149
2,2,522226.6372392494,0.16239999,2.3899043,0.22515836049175778
2,2,522231.6374355238,0.16239999,2.390095,0.22538374606075323
2,2,522236.63763179816,0.16239999,2.3901143,0.22560913231451746
2,2,522241.63782807253,0.16239999,2.3903432,0.22583452039162832
2,2,522246.6380243469,0.16239999,2.3904006,0.22605990598974973
2,2,522251.6382206213,0.16239999,2.3907442,0.22628529121625027
2,2,522256.63841689564,0.16239999,2.3907251,0.2265106758791384
2,2,522261.63861317,0.16239999,2.3909733,0.22673606284128148
2,2,522266.6388094444,0.16239999,2.3910878,0.22696144879396526
2,2,522271.63900571875,0.16239999,2.391126,0.2271868334501247
2,2,522276.6392019931,0.16239999,2.3912787,0.22741221682581408
2,2,522281.6393982675,0.16239999,2.3914888,0.22763760047247777
2,2,522286.63959454186,0.16239999,2.3915842,0.22786298305629546
2,2,522291.63979081623,0.16239999,2.3916032,0.22808836515701666
2,2,522296.6399870906,0.16239999,2.391756,0.22831374988846087
2,2,522301.640183365,0.16239999,2.3919659,0.22853913474500281
2,2,522306.64037963934,0.16239999,2.3917751,0.22876452090229363
2,2,522311.6405759137,0.16239999,2.3920615,0.2289899051512581
2,2,522316.6407721881,0.16239999,2.3923097,0.22921529041569536
2,2,522321.64096846245,0.16239999,2.3923097,0.229440675805655
2,2,522326.6411647368,0.16239999,2.392424,0.22966606311735946
2,2,522331.6413610112,0.16239999,2.392615,0.22989144801765535
2,2,522336.64155728556,0.16239999,2.3927295,0.23011683360147744
2,2,522341.64175355993,0.16239999,2.3929205,0.2303422186172027
2,2,522346.6419498343,0.16239999,2.3929396,0.23056760254020345
2,2,522351.6421461087,0.16239999,2.3931496,0.230792986544394
2,2,522356.64234238304,0.16239999,2.3931687,0.23101836964301287
2,2,522361.6425386574,0.16239999,2.393245,0.23124375119973736
2,2,522366.6427349318,0.16239999,2.3933403,0.23146913167256714
2,2,522371.64293120615,0.16239999,2.393417,0.23169451200952645
2,2,522376.6431274805,0.16239999,2.3935695,0.23191989195966156
2,2,522381.6433237549,0.16239999,2.3935313,0.23214527168450602
2,2,522386.64352002926,0.16239999,2.3937986,0.23237065253674752
2,2,522391.64371630363,0.16239999,2.3937414,0.2325960358459769
2,2,522396.643912578,0.16239999,2.3937986,0.2328214215523743
2,2,522401.6441088524,0.16239999,2.3941612,0.23304681035123287
2,2,522406.64430512674,0.16239999,2.3942378,0.23327219745550323
2,2,522411.6445014011,0.16239999,2.394295,0.23349758388160352
2,2,522416.6446976755,0.16239999,2.3943522,0.23372296733299494
2,2,522421.64489394985,0.16239999,2.394486,0.23394835215793236
2,2,522426.6450902242,0.16239999,2.3946958,0.23417373781795073
2,2,522431.6452864986,0.16239999,2.3948295,0.23439912422551978
2,2,522436.64548277296,0.16239999,2.3946767,0.23462451364841744
2,2,522441.64567904733,0.16239999,2.3948486,0.23484990081501686
2,2,522446.6458753217,0.16239999,2.3950968,0.2350752886978944
2,2,522451.6460715961,0.16239999,2.395173,0.23530067620554665
2,2,522456.64626787044,0.16239999,2.395364,0.23552606210260027
2,2,522461.6464641448,0.16239999,2.395536,0.23575144829200306
2,2,522466.6466604192,0.16239999,2.395555,0.23597683358401655
2,2,522471.64685669355,0.16239999,2.3956313,0.23620221979079245
2,2,522476.6470529679,0.16239999,2.395574,0.23642760662452478
2,2,522481.6472492423,0.16239999,2.3958414,0.23665299289066194
2,2,522486.64744551666,0.16239999,2.3959749,0.23687838144137394
2,2,522491.64764179103,0.16239999,2.396185,0.23710376742934533
2,2,522496.6478380654,0.16239999,2.3961658,0.23732915044910227
2,2,522501.64803433977,0.16239999,2.3962994,0.23755453462935586
2,2,522506.64823061414,0.16239999,2.3967004,0.23777991897803313
2,2,522511.6484268885,0.16239999,2.3967004,0.2380053030946281
2,2,522516.64862316335,0.16239999,2.3966432,0.23823068870663908
2,2,522521.6488194382,0.16239999,2.3967004,0.2384560714658931
2,2,522526.649015713,0.16239999,2.3969486,0.2386814519442901
2,2,522531.64921198785,0.16239999,2.397044,0.23890683249171757
2,2,522536.6494082627,0.16239999,2.3971202,0.23913221592083425
2,2,522541.6496045375,0.16239999,2.397254,0.2393576001213261
2,2,522546.64980081236,0.16239999,2.397273,0.2395829862381172
2,2,522551.6499970872,0.16239999,2.3973684,0.23980837015082787
2,2,522556.65019336203,0.16239999,2.3975403,0.24003375309091657
2,2,522561.65038963687,0.16239999,2.3978648,0.2402591351155864
2,2,522566.6505859117,0.16239999,2.3976548,0.24048451866214077
2,2,522571.65078218654,0.16239999,2.3978267,0.240709903390743
2,2,522576.6509784614,0.16239999,2.3978648,0.24093528678258938
2,2,522581.6511747362,0.16239999,2.397941,0.24116066585707516
2,2,522586.65137101104,0.16239999,2.3981512,0.24138604894262072
2,2,522591.6515672859,0.16239999,2.398304,0.24161143315304834
2,2,522596.6517635607,0.16239999,2.398094,0.24183681502784973
2,2,522601.65195983555,0.16239999,2.3984947,0.24206219632091144
2,2,522606.6521561104,0.16239999,2.3984375,0.2422875804679081
2,2,522611.652352385,0.16239999,2.3986094,0.24251296442562278
2,2,522616.6525486596,0.16239999,2.3984947,0.24273834757940987
2,2,522621.6527449342,0.16239999,2.3986666,0.24296373120766235
2,2,522626.65294120903,0.16239999,2.3988767,0.24318911342203386
2,2,522631.65313748363,0.16239999,2.398934,0.24341449422569922
2,2,522636.65333375824,0.16239999,2.3992202,0.24363987625012648
2,2,522641.65353003284,0.16239999,2.3993921,0.24386525912684717
2,2,522646.65372630744,0.16239999,2.3992584,0.2440906444153059
2,2,522651.65392258205,0.16239999,2.3994303,0.24431602900923474
2,2,522656.65411885665,0.16239999,2.3994493,0.24454141077568978
2,2,522661.65431513137,0.16239999,2.3995447,0.24476679253789302
2,2,522666.6545114061,0.16239999,2.3997166,0.2449921734795249
2,2,522671.6547076808,0.16239999,2.3997166,0.24521755506385962
2,2,522676.6549039555,0.16239999,2.3998501,0.245442936892883
2,2,522681.65510023024,0.16239999,2.4001174,0.2456683184172819
2,2,522686.65529650485,0.16239999,2.4001174,0.2458936987690447
2,2,522691.65549277957,0.16239999,2.400232,0.24611907928615412
2,2,522696.6556890543,0.16239999,2.4002512,0.24634446032266916
2,2,522701.655885329,0.16239999,2.4004421,0.24656984236469137
2,2,522706.6560816037,0.16239999,2.4004803,0.24679522386538089
2,2,522711.65627787844,0.16239999,2.4004612,0.24702060532999967
2,2,522716.6564741531,0.16239999,2.400652,0.24724598758294947
2,2,522721.6566704278,0.16239999,2.4007857,0.24747137003980346
2,2,522726.65686670254,0.16239999,2.4008238,0.24769675044614672
2,2,522731.65706297726,0.16239999,2.4009767,0.24792213338517166
2,2,522736.6572592519,0.16239999,2.4011674,0.24814751733185203
2,2,522741.65745552664,0.16239999,2.4011865,0.24837290140358542
2,2,522746.65765180136,0.16239999,2.4013011,0.2485982856472128
2,2,522751.6578480761,0.16239999,2.4014156,0.24882366742578912
2,2,522756.6580443508,0.16239999,2.4015303,0.2490490518739631
2,2,522761.6582406254,0.16239999,2.401721,0.24927443583875664
2,2,522766.65843689954,0.16239999,2.4018357,0.24949982088463274
2,2,522771.65863317414,0.16239999,2.4019501,0.24972520749070842
2,2,522776.65882944874,0.16239999,2.4020267,0.2499505919019896
2,2,522781.65902572335,0.16239999,2.4018548,0.2501759776709652
2,2,522786.65922199795,0.16239999,2.4020267,0.25040136268633534
2,2,522791.65941827255,0.16239999,2.4020839,0.2506267469656278
2,2,522796.65961454716,0.16239999,2.402141,0.2508521337797941
2,2,522801.65981082176,0.16239999,2.4021983,0.2510775204588383
2,2,522806.66000709636,0.16239999,2.4023511,0.2513029055584174
2,2,522811.6602033712,0.16239999,2.4024274,0.25152829394546994
2,2,522816.66039964603,0.16239999,2.4024274,0.2517536815741138
2,2,522821.66059592087,0.16239999,2.4026756,0.25197907065504555
2,2,522826.6607921957,0.16239999,2.4026566,0.2522044593505919
2,2,522831.66098847054,0.16239999,2.4027328,0.25242984550769726
2,2,522836.6611847454,0.16239999,2.4028857,0.25265523218926306
2,2,522841.6613810202,0.16239999,2.402943,0.25288061704991277
2,2,522846.66157729505,0.16239999,2.402981,0.2531060017025994
2,2,522851.6617735699,0.16239999,2.403153,0.2533313873388181
2,2,522856.6619698447,0.16239999,2.4032674,0.25355677419361816
2,2,522861.66216611955,0.16239999,2.4034584,0.2537821618081672
2,2,522866.6623623944,0.16239999,2.4035919,0.2540075475555933
2,2,522871.6625586692,0.16239999,2.4035919,0.25423293383476897
2,2,522876.66275494406,0.16239999,2.4038973,0.25445831860985785
2,2,522881.6629512189,0.16239999,2.4037066,0.25468370292522685
2,2,522886.66314749373,0.16239999,2.4039738,0.2549090874654147
2,2,522891.66334376857,0.16239999,2.4039164,0.25513447316331095
2,2,522896.6635400434,0.16239999,2.4041836,0.2553598587716032
2,2,522901.66373631824,0.16239999,2.4041073,0.2555852462464638
2,2,522906.6639325931,0.16239999,2.4042983,0.2558106309779212
2,2,522911.6641288679,0.16239999,2.4044127,0.25603601755549515
2,2,522916.6643251423,0.16239999,2.4045274,0.2562614051467388
2,2,522921.66452141665,0.16239999,2.4045084,0.2564867911182303
2,2,522926.664717691,0.16239999,2.4046419,0.25671217457812284
2,2,522931.6649139654,0.16239999,2.4047756,0.256937559275984
2,2,522936.66511023976,0.16239999,2.405081,0.2571629415169756
2,2,522941.6653065141,0.16239999,2.404852,0.25738832509713544
2,2,522946.6655027885,0.16239999,2.4050238,0.25761370899860486
2,2,522951.66569906287,0.16239999,2.405062,0.25783909104664215
2,2,522956.66589533724,0.16239999,2.405272,0.25806447280638173
2,2,522961.6660916116,0.16239999,2.4052145,0.2582898542359182
2,2,522966.666287886,0.16239999,2.4053483,0.25851523620258776
2,2,522971.66648416035,0.16239999,2.4053674,0.2587406190216964
2,2,522976.6666804347,0.16239999,2.405501,0.25896600074818404
2,2,522981.6668767091,0.16239999,2.40573,0.25919138444632134
2,2,522986.66707298346,0.16239999,2.4056728,0.25941676839796046
2,2,522991.6672692578,0.16239999,2.4056537,0.2596421504997297
2,2,522996.6674655322,0.16239999,2.4058828,0.25986753293432135
2,2,523001.66766180657,0.16239999,2.4060545,0.2600929124904921
2,2,523006.66785808094,0.16239999,2.406131,0.26031829117501115
2,2,523011.6680543553,0.16239999,2.4059591,0.26054366908040066
2,2,523016.6682506297,0.16239999,2.4060354,0.2607690485242895
2,2,523021.66844690405,0.16239999,2.4060736,0.26099443205814393
2,2,523026.6686431784,0.16239999,2.4063027,0.2612198151934776
2,2,523031.6688394528,0.16239999,2.4063218,0.2614451991330592
2,2,523036.66903572716,0.16239999,2.4064364,0.26167058230499257
2,2,523041.6692320015,0.16239999,2.4064174,0.2618959649691374
2,2,523046.6694282759,0.16239999,2.4066274,0.26212134607281445
2,2,523051.66962455027,0.16239999,2.4066465,0.2623467276697489
2,2,523056.66982082464,0.16239999,2.4068372,0.26257211006635833
2,2,523061.670017099,0.16239999,2.4068372,0.26279749303999783
2,2,523066.6702133734,0.16239999,2.40699,0.2630228770433349
2,2,523071.67040964775,0.16239999,2.4072382,0.26324826141749313
2,2,523076.6706059221,0.16239999,2.4072382,0.2634736478714851
2,2,523081.6708021965,0.16239999,2.4072764,0.26369903227879016
2,2,523086.67099847086,0.16239999,2.4073336,0.2639244176589084
2,2,523091.6711947452,0.16239999,2.4073908,0.26414980375805236
2,2,523096.6713910196,0.16239999,2.4075437,0.264375189512905
2,2,523101.67158729397,0.16239999,2.407658,0.2646005739911677
2,2,523106.67178356834,0.16239999,2.407658,0.2648259586816106
2,2,523111.6719798427,0.16239999,2.4077919,0.2650513442352512
2,2,523116.6721761171,0.16239999,2.4079635,0.2652767311981203
2,2,523121.67237239145,0.16239999,2.4080591,0.26550211946329705
2,2,523126.6725686658,0.16239999,2.4080973,0.26572750740161355
2,2,523131.6727649402,0.16239999,2.4079828,0.2659528924554643
2,2,523136.67296121456,0.16239999,2.4083455,0.2661782774696266
2,2,523141.6731574889,0.16239999,2.4083264,0.26640366292651146
2,2,523146.6733537633,0.16239999,2.408479,0.2666290473873365
2,2,523151.67355003767,0.16239999,2.4085364,0.26685443161113376
2,2,523156.67374631204,0.16239999,2.4086127,0.26707981566518857
2,2,523161.6739425864,0.16239999,2.4087462,0.26730519945950126
2,2,523166.6741388608,0.16239999,2.408708,0.26753058503352173
2,2,523171.67433513515,0.16239999,2.408708,0.26775597085625247
2,2,523176.6745314095,0.16239999,2.4089563,0.26798135570923964
2,2,523181.6747276839,0.16239999,2.40888,0.26820673959827485
2,2,523186.67492395826,0.16239999,2.4091282,0.26843212401740896
2,2,523191.6751202326,0.16239999,2.4091282,0.26865750890348417
2,2,523196.675316507,0.16239999,2.4093764,0.26888289260886505
2,2,523201.67551278137,0.16239999,2.4092999,0.26910827439956675
2,2,523206.67570905574,0.16239999,2.4092617,0.2693336537160242
2,2,523211.6759053301,0.16239999,2.4096055,0.26955903460106895
2,2,523216.6761016045,0.16239999,2.409567,0.2697844144559972
2,2,523221.67629787885,0.16239999,2.4096818,0.2700097950922629
2,2,523226.6764941532,0.16239999,2.40972,0.27023517758763393
2,2,523231.6766904276,0.16239999,2.4098535,0.27046055765956284
2,2,523236.67688670196,0.16239999,2.40993,0.270685938693466
2,2,523241.6770829763,0.16239999,2.4100444,0.2709113196775273
2,2,523246.6772792507,0.16239999,2.4101207,0.27113669914620836
2,2,523251.67747552507,0.16239999,2.4101207,0.2713620781244351
2,2,523256.67767179944,0.16239999,2.4103117,0.2715874587306932
2,2,523261.6778680738,0.16239999,2.4101973,0.2718128415917958
2,2,523266.6780643482,0.16239999,2.410388,0.2720382225090519
2,2,523271.67826062255,0.16239999,2.410407,0.2722636036273296
2,2,523276.6784568969,0.16239999,2.410407,0.2724889828781168
2,2,523281.6786531713,0.16239999,2.4106362,0.27271435970694957
2,2,523286.67884944566,0.16239999,2.4107318,0.27293973809556965
2,2,523291.67904572,0.16239999,2.4107127,0.27316511567438445
2,2,523296.6792419944,0.16239999,2.4109225,0.2733904929645861
2,2,523301.67943826877,0.16239999,2.4106743,0.27361587055618364
2,2,523306.67963454314,0.16239999,2.4108272,0.27384124678554683
2,2,523311.679830818,0.16239999,2.41077,0.27406662349929795
2,2,523316.6800270928,0.16239999,2.4111898,0.27429199928603454
2,2,523321.68022336764,0.16239999,2.4109225,0.2745173788360404
2,2,523326.6804196425,0.16239999,2.4110944,0.274742757696389
2,2,523331.6806159173,0.16239999,2.4112089,0.2749681380425291
2,2,523336.68081219215,0.16239999,2.4112282,0.2751935193101098
2,2,523341.681008467,0.16239999,2.411419,0.2754189021650086
2,2,523346.6812047418,0.16239999,2.4113808,0.2756442831353186
2,2,523351.68140101666,0.16239999,2.411457,0.2758696635748219
2,2,523356.6815972915,0.16239999,2.41161,0.2760950439970374
2,2,523361.6817935663,0.16239999,2.411648,0.27632042627618175
2,2,523366.68198984116,0.16239999,2.4117818,0.27654580831653175
2,2,523371.682186116,0.16239999,2.4119344,0.27677119044173637
2,2,523376.68238239083,0.16239999,2.4121826,0.27699657240272774
2,2,523381.68257866567,0.16239999,2.4122589,0.2772219526260533
2,2,523386.6827749405,0.16239999,2.4121444,0.27744733251005793
2,2,523391.68297121534,0.16239999,2.4122016,0.2776727134743313
2,2,523396.6831674902,0.16239999,2.4123354,0.27789809474093685
2,2,523401.683363765,0.16239999,2.412469,0.27812347281512756
2,2,523406.68356003985,0.16239999,2.412488,0.2783488516174999
2,2,523411.68375631445,0.16239999,2.412717,0.2785742301470833
2,2,523416.68395258905,0.16239999,2.4127743,0.27879961066633185
2,2,523421.68414886366,0.16239999,2.412717,0.27902499067318326
2,2,523426.68434513826,0.16239999,2.4127553,0.2792503736953219
2,2,523431.68454141286,0.16239999,2.412908,0.27947575843112554
2,2,523436.68473768746,0.16239999,2.4130225,0.2797011415106494
2,2,523441.68493396207,0.16239999,2.4130988,0.2799265265414679
2,2,523446.68513023667,0.16239999,2.4132326,0.2801519121572
2,2,523451.6853265113,0.16239999,2.4132135,0.28037729484489615
2,2,523456.6855227859,0.16239999,2.4131563,0.2806026783172336
2,2,523461.6857190606,0.16239999,2.4134426,0.28082806333010446
2,2,523466.6859153353,0.16239999,2.4134045,0.2810534479341827
2,2,523471.68611161003,0.16239999,2.413366,0.2812788321459067
2,2,523476.68630788475,0.16239999,2.4135952,0.281504216064327
2,2,523481.6865041595,0.16239999,2.4135952,0.28172959938205255
2,2,523486.6867004342,0.16239999,2.413748,0.28195498324311746
2,2,523491.6868967089,0.16239999,2.4136524,0.2821803676990326
2,2,523496.68709298363,0.16239999,2.413729,0.28240575112454736
2,2,523501.68728925835,0.16239999,2.4138434,0.2826311303593067
2,2,523506.6874855326,0.16239999,2.4139771,0.2828565098760267
2,2,523511.68768180726,0.16239999,2.4137862,0.28308189166155273
2,2,523516.687878082,0.16239999,2.4142253,0.28330727213770546
2,2,523521.6880743567,0.16239999,2.4142253,0.28353265416098783
2,2,523526.6882706314,0.16239999,2.4142444,0.2837580390183684
2,2,523531.68846690614,0.16239999,2.4142635,0.2839834227185173
2,2,523536.6886631808,0.16239999,2.4144542,0.28420880575096175
2,2,523541.6888594555,0.16239999,2.4146643,0.28443418808816273
2,2,523546.68905573024,0.16239999,2.414569,0.2846595697763776
2,2,523551.68925200496,0.16239999,2.414779,0.2848849528897908
2,2,523556.6894482797,0.16239999,2.4146833,0.2851103339234837
2,2,523561.6896445544,0.16239999,2.414817,0.28533571450463335
2,2,523566.689840829,0.16239999,2.4150271,0.2855610983225677
2,2,523571.6900371036,0.16239999,2.4149506,0.28578648288861813
2,2,523576.6902333782,0.16239999,2.4151034,0.2860118667779853
2,2,523581.6904296528,0.16239999,2.4149888,0.28623725127136773
2,2,523586.6906259274,0.16239999,2.4151607,0.2864626330755426
2,2,523591.690822202,0.16239999,2.4152179,0.28668801602770705
2,2,523596.6910184766,0.16239999,2.4152944,0.28691339837125673
2,2,523601.6912147512,0.16239999,2.4153516,0.2871387780332125
2,2,523606.6914110258,0.16239999,2.4153898,0.2873641587967987
2,2,523611.69160730066,0.16239999,2.4155424,0.2875895410851818
2,2,523616.6918035755,0.16239999,2.4155807,0.287814920200736
2,2,523621.6919998503,0.16239999,2.4157143,0.2880402991241108
2,2,523626.69219612516,0.16239999,2.4158096,0.2882656774990632
2,2,523631.6923924,0.16239999,2.4157333,0.28849105759899885
2,2,523636.69258867484,0.16239999,2.4158287,0.28871643744737807
2,2,523641.6927849497,0.16239999,2.4160578,0.2889418190581466
2,2,523646.6929812245,0.16239999,2.4160578,0.2891671997398145
2,2,523651.69317749934,0.16239999,2.4160388,0.289392585286137
2,2,523656.6933737742,0.16239999,2.416096,0.2896179698940547
2,2,523661.693570049,0.16239999,2.4164207,0.28984335562446367
2,2,523666.69376632385,0.16239999,2.4164016,0.29006874233390295
2,2,523671.6939625987,0.16239999,2.4164207,0.2902941267767166
2,2,523676.6941588735,0.16239999,2.4163442,0.29051951175344387
2,2,523681.69435514836,0.16239999,2.416707,0.29074489885643606
2,2,523686.6945514232,0.16239999,2.4166114,0.29097028236161904
2,2,523691.694747698,0.16239999,2.4166114,0.2911956667647973
2,2,523696.69494397286,0.16239999,2.416726,0.29142105198418583
2,2,523701.6951402477,0.16239999,2.4167643,0.2916464353333222
2,2,523706.69533652253,0.16239999,2.4168596,0.291871816001781
2,2,523711.6955327969,0.16239999,2.4168787,0.2920971952527851
2,2,523716.6957290713,0.16239999,2.4168024,0.29232257673847245
2,2,523721.69592534564,0.16239999,2.417127,0.2925479573899026
2,2,523726.69612162,0.16239999,2.4172225,0.29277333760376506
2,2,523731.6963178944,0.16239999,2.4170887,0.29299872084467343
2,2,523736.69651416875,0.16239999,2.4172416,0.2932241033502989
2,2,523741.6967104431,0.16239999,2.4174132,0.29344948676416344
2,2,523746.6969067175,0.16239999,2.417528,0.29367486905982326
2,2,523751.69710299186,0.16239999,2.4176233,0.29390025117400437
2,2,523756.69729926623,0.16239999,2.417528,0.2941256334173578
2,2,523761.6974955406,0.16239999,2.4176424,0.29435101326123275
2,2,523766.697691815,0.16239999,2.4178333,0.29457639416557035
2,2,523771.69788808934,0.16239999,2.417547,0.29480177670864244
2,2,523776.6980843637,0.16239999,2.417757,0.29502715843998206
2,2,523781.6982806381,0.16239999,2.4178715,0.295252538282323
2,2,523786.69847691245,0.16239999,2.4180815,0.29547791768629167
2,2,523791.6986731868,0.16239999,2.4181387,0.29570329979848425
2,2,523796.6988694612,0.16239999,2.4180434,0.29592868263166294
2,2,523801.69906573556,0.16239999,2.418234,0.2961540676099681
2,2,523806.69926200993,0.16239999,2.417986,0.2963794495632514
2,2,523811.6994582843,0.16239999,2.418196,0.29660483135162935
2,2,523816.6996545587,0.16239999,2.4183488,0.29683021170314133
2,2,523821.69985083304,0.16239999,2.4185205,0.2970555934865191
2,2,523826.7000471074,0.16239999,2.4185398,0.297280974814183
2,2,523831.7002433818,0.16239999,2.4185588,0.29750635764916306
2,2,523836.70043965615,0.16239999,2.4184823,0.2977317408938944
2,2,523841.7006359305,0.16239999,2.418616,0.2979571238251931
2,2,523846.7008322049,0.16239999,2.4187877,0.29818250808074476
2,2,523851.70102847926,0.16239999,2.4189215,0.2984078925019302
2,2,523856.70122475363,0.16239999,2.4188643,0.2986332781676441
2,2,523861.701421028,0.16239999,2.419055,0.2988586627725187
2,2,523866.7016173024,0.16239999,2.4189787,0.2990840466680765
2,2,523871.70181357674,0.16239999,2.419074,0.2993094290969701
2,2,523876.7020098511,0.16239999,2.4192078,0.29953481388861253
2,2,523881.7022061255,0.16239999,2.4191887,0.29976019939151716
2,2,523886.70240239985,0.16239999,2.419284,0.29998558366263556
2,2,523891.7025986742,0.16239999,2.4193988,0.30021096676903614
2,2,523896.7027949486,0.16239999,2.4195132,0.30043635151613235
2,2,523901.70299122296,0.16239999,2.419456,0.3006617368467266
2,2,523906.70318749733,0.16239999,2.4198186,0.3008871217128003
2,2,523911.7033837717,0.16239999,2.4196851,0.3011125062840264
2,2,523916.7035800461,0.16239999,2.4197614,0.30133789146986584
2,2,523921.70377632044,0.16239999,2.4197805,0.30156327584085096
2,2,523926.7039725948,0.16239999,2.4198952,0.30178865958061546
2,2,523931.7041688692,0.16239999,2.4198568,0.302014046061427
2,2,523936.70436514355,0.16239999,2.4199333,0.30223943325841324
2,2,523941.7045614179,0.16239999,2.4199715,0.30246482147515213
2,2,523946.7047576923,0.16239999,2.4198952,0.30269021071983937
2,2,523951.70495396666,0.16239999,2.4202006,0.3029155994805493
2,2,523956.70515024103,0.16239999,2.420086,0.30314098783954213
2,2,523961.7053465154,0.16239999,2.420296,0.3033663785355064
2,2,523966.7055427898,0.16239999,2.4202769,0.30359176877700267
2,2,523971.70573906414,0.16239999,2.420506,0.3038171600614486
2,2,523976.7059353385,0.16239999,2.4205632,0.30404255131662034
2,2,523981.7061316129,0.16239999,2.4205823,0.3042679409893981
2,2,523986.70632788725,0.16239999,2.4207542,0.30449332968593945
2,2,523991.7065241616,0.16239999,2.4206014,0.3047187197723734
2,2,523996.706720436,0.16239999,2.4208496,0.3049441097085126
2,2,524001.70691671036,0.16239999,2.4206967,0.30516949968455626
2,2,524006.70711298473,0.16239999,2.4209068,0.3053948913960744
2,2,524011.7073092591,0.16239999,2.4208686,0.30562028116161516
2,2,524016.7075055335,0.16239999,2.4210596,0.30584566986387696
2,2,524021.70770180784,0.16239999,2.4210596,0.30607105849112215
2,2,524026.7078980822,0.16239999,2.421136,0.30629644538709827
2,2,524031.7080943566,0.16239999,2.4210978,0.3065218316383765
2,2,524036.70829063095,0.16239999,2.4212887,0.30674721996409504
2,2,524041.7084869053,0.16239999,2.4212313,0.3069726059039638
2,2,524046.7086831797,0.16239999,2.4211931,0.30719799233000944
2,2,524051.70887945406,0.16239999,2.4215178,0.3074233781537071
2,2,524056.70907572843,0.16239999,2.4214604,0.30764876566009275
2,2,524061.7092720028,0.16239999,2.4216323,0.3078741530840046
2,2,524066.7094682772,0.16239999,2.4217277,0.30809954107500004
2,2,524071.70966455154,0.16239999,2.4216895,0.30832492869457906
2,2,524076.7098608259,0.16239999,2.4217849,0.3085503185467552
2,2,524081.7100571003,0.16239999,2.4217849,0.3087757088413418
2,2,524086.71025337465,0.16239999,2.4219377,0.3090010992012791
2,2,524091.710449649,0.16239999,2.4219377,0.309226488474334
2,2,524096.7106459234,0.16239999,2.4219759,0.3094518769249855
2,2,524101.71084219776,0.16239999,2.4220905,0.30967726619438796
2,2,524106.7110384726,0.16239999,2.422205,0.30990265408426493
2,2,524111.71123474743,0.16239999,2.4221287,0.3101280383406858
2,2,524116.71143102227,0.16239999,2.4223387,0.3103534205806236
2,2,524121.7116272971,0.16239999,2.4223578,0.31057880531083515
2,2,524126.71182357194,0.16239999,2.422396,0.310804189615318
2,2,524131.7120198468,0.16239999,2.4225295,0.3110295748273115
2,2,524136.7122161216,0.16239999,2.422606,0.311254963026717
2,2,524141.71241239645,0.16239999,2.422625,0.3114803514098208
2,2,524146.7126086713,0.16239999,2.4225485,0.3117057391686801
2,2,524151.7128049461,0.16239999,2.4227777,0.31193112499924724
2,2,524156.71300122095,0.16239999,2.4227777,0.3121565118283296
2,2,524161.7131974958,0.16239999,2.4230068,0.3123818980516913
2,2,524166.7133937706,0.16239999,2.4228923,0.3126072838192704
2,2,524171.71359004546,0.16239999,2.4231787,0.31283266736552096
2,2,524176.7137863203,0.16239999,2.4231405,0.31305804784325153
2,2,524181.71398259513,0.16239999,2.4231405,0.3132834285612418
2,2,524186.71417886997,0.16239999,2.4231977,0.31350880909113477
2,2,524191.7143751448,0.16239999,2.4234076,0.313734188260132
2,2,524196.71457141964,0.16239999,2.423465,0.31395956830697397
2,2,524201.7147676945,0.16239999,2.4235604,0.3141849506976834
2,2,524206.7149639691,0.16239999,2.4235795,0.31441033207094726
2,2,524211.7151602437,0.16239999,2.4236176,0.31463571572783233
2,2,524216.7153565183,0.16239999,2.4236941,0.3148610968006209
2,2,524221.7155527929,0.16239999,2.4235222,0.3150864761841253
2,2,524226.7157490675,0.16239999,2.4236941,0.3153118561492104
2,2,524231.7159453421,0.16239999,2.4238276,0.31553723457303534
2,2,524236.7161416167,0.16239999,2.4238086,0.3157626133248985
2,2,524241.7163378913,0.16239999,2.4239995,0.3159879944018131
2,2,524246.71653416543,0.16239999,2.4240186,0.316213372935265
2,2,524251.71673044004,0.16239999,2.4239995,0.3164387514223652
2,2,524256.71692671475,0.16239999,2.4240568,0.31666412875469
2,2,524261.7171229895,0.16239999,2.4242287,0.31688950805775795
2,2,524266.7173192642,0.16239999,2.4242287,0.31711488747725114
2,2,524271.7175155389,0.16239999,2.4243622,0.31734026521451086
2,2,524276.71771181363,0.16239999,2.424515,0.31756564674484955
2,2,524281.71790808835,0.16239999,2.4243813,0.317791029244354
2,2,524286.71810436307,0.16239999,2.4244766,0.318016410055777
2,2,524291.7182988673,0.16239999,2.424534,0.31824179078760306
2,2,524296.7184927575,0.16239999,2.4246294,0.3184671721003542
2,2,524301.7186866477,0.16239999,2.4249158,0.3186925522328166
2,2,524306.7188805379,0.16239999,2.424763,0.31891793361779863
2,2,524311.7190744281,0.16239999,2.4248586,0.3191433133338125
2,2,524316.7192683183,0.16239999,2.424973,0.3193686902722905
2,2,524321.7194622084,0.16239999,2.4250495,0.31959406914692107
2,2,524326.7196560986,0.16239999,2.4250112,0.3198194457553582
2,2,524331.7198499888,0.16239999,2.425145,0.32004482263115613
2,2,524336.720043879,0.16239999,2.424992,0.32027019772546805
2,2,524341.7202377692,0.16239999,2.424992,0.32049557401825474
2,2,524346.7204316594,0.16239999,2.4252212,0.32072095318928845
2,2,524351.7206255496,0.16239999,2.4253168,0.3209463300413505
2,2,524356.7208194397,0.16239999,2.4252594,0.32117170971106146
2,2,524361.7210133299,0.16239999,2.425336,0.321397086108941
2,2,524366.7212072201,0.16239999,2.4254694,0.32162246300810726
2,2,524371.7214011103,0.16239999,2.4255457,0.3218478407408875
2,2,524376.7215950005,0.16239999,2.4255075,0.3220732192273246
2,2,524381.7217888907,0.16239999,2.4255266,0.32229859757581836
2,2,524386.7219827808,0.16239999,2.4256985,0.32252397629927915
2,2,524391.722176671,0.16239999,2.4257367,0.32274935485863426
2,2,524396.7223705612,0.16239999,2.425794,0.3229747326122289
2,2,524401.7225644514,0.16239999,2.425794,0.323200109447369
2,2,524406.7227583416,0.16239999,2.4259849,0.32342548596400006
2,2,524411.7229522318,0.16239999,2.4258895,0.32365086580233093
2,2,524416.723146122,0.16239999,2.426042,0.323876242741073
2,2,524421.7233400121,0.16239999,2.426004,0.3241016195074492
2,2,524426.7235339023,0.16239999,2.4259086,0.32432699478824417
2,2,524431.7237277925,0.16239999,2.4261568,0.32455236872793547
2,2,524436.7239216827,0.16239999,2.4262521,0.32477774479383126
2,2,524441.7241155729,0.16239999,2.4263284,0.3250031221950731
2,2,524446.724309463,0.16239999,2.4262712,0.3252284993253158
2,2,524451.7245033532,0.16239999,2.4263475,0.32545387686057037
2,2,524456.7246972434,0.16239999,2.4263284,0.3256792560956807
2,2,524461.7248911336,0.16239999,2.4265385,0.325904638272729
2,2,524466.7250850238,0.16239999,2.4265957,0.3261300218797763
2,2,524471.725278914,0.16239999,2.4266148,0.32635540558875914
2,2,524476.7254728042,0.16239999,2.4267676,0.3265807898454399
2,2,524481.7256666943,0.16239999,2.4268248,0.32680617514842647
2,2,524486.7258605845,0.16239999,2.426863,0.3270315571472577
2,2,524491.7260544747,0.16239999,2.4267676,0.3272569391079303
2,2,524496.7262483649,0.16239999,2.4269395,0.32748232172991065
2,2,524501.7264422551,0.16239999,2.4269967,0.3277077046026395
2,2,524506.7266361453,0.16239999,2.427054,0.32793308922829456
2,2,524511.7268300354,0.16239999,2.4271111,0.3281584706342036
2,2,524516.7270239256,0.16239999,2.4271874,0.3283838545950715
2,2,524521.7272178158,0.16239999,2.427245,0.3286092396831701
2,2,524526.727411706,0.16239999,2.4273593,0.32883462472754776
2,2,524531.7276055962,0.16239999,2.4273975,0.32906001158638276
2,2,524536.7277994864,0.16239999,2.4275885,0.32928539863657347
2,2,524541.7279933766,0.16239999,2.4276266,0.32951078687736535
2,2,524546.7281872667,0.16239999,2.4275694,0.3297361756316239
2,2,524551.7283811569,0.16239999,2.427741,0.32996156383398645
2,2,524556.7285750471,0.16239999,2.4278176,0.33018695323685116
2,2,524561.7287689373,0.16239999,2.4278557,0.3304123427582207
2,2,524566.7289628275,0.16239999,2.4280276,0.3306377338258961
2,2,524571.7291567177,0.16239999,2.4278748,0.33086312377708466
2,2,524576.7293506078,0.16239999,2.427913,0.3310885149628857
2,2,524581.729544498,0.16239999,2.427932,0.3313139056179347
2,2,524586.7297383882,0.16239999,2.4282184,0.33153929613040944
2,2,524591.7299322784,0.16239999,2.4282374,0.33176468604057757
2,2,524596.7301261686,0.16239999,2.428123,0.33199007602753383
2,2,524601.7303200588,0.16239999,2.4282184,0.3322154645272425
2,2,524606.730513949,0.16239999,2.428295,0.33244085122003714
2,2,524611.7307078391,0.16239999,2.4285429,0.3326662385639223
2,2,524616.7309017293,0.16239999,2.4286385,0.3328916272190906
2,2,524621.7310956195,0.16239999,2.4287148,0.3331170145218676
2,2,524626.7312895097,0.16239999,2.4287338,0.33334239988670883
2,2,524631.7314833999,0.16239999,2.4288485,0.333567784840807
2,2,524636.73167729,0.16239999,2.4290583,0.3337931677225105
2,2,524641.7318711802,0.16239999,2.4289439,0.33401855142236303
2,2,524646.7320650704,0.16239999,2.4288867,0.33424393521878837
2,2,524651.7322589606,0.16239999,2.4289057,0.33446931952607684
2,2,524656.7324528508,0.16239999,2.4292302,0.3346947056572641
2,2,524661.732646741,0.16239999,2.429154,0.33492009270394063
2,2,524666.7328406312,0.16239999,2.4293637,0.33514548220051626
2,2,524671.7330345213,0.16239999,2.4292493,0.3353708690284992
2,2,524676.7332284115,0.16239999,2.429383,0.3355962548226305
2,2,524681.7334223017,0.16239999,2.4294212,0.335821643259871
2,2,524686.7336161919,0.16239999,2.4294975,0.33604703413320053
2,2,524691.7338100821,0.16239999,2.4295356,0.3362724281787654
2,2,524696.7340039723,0.16239999,2.4295166,0.3364978205895363
2,2,524701.7341978624,0.16239999,2.4295166,0.3367232109877133
2,2,524706.7343917526,0.16239999,2.4295166,0.3369486020870843
2,2,524711.7345856428,0.16239999,2.4295356,0.33717399386056734
2,2,524716.734779533,0.16239999,2.42986,0.33739939012138603
2,2,524721.7349734232,0.16239999,2.4298983,0.3376247872909148
2,2,524726.7351673134,0.16239999,2.430051,0.33785018143782575
2,2,524731.7353612036,0.16239999,2.4300702,0.338075575281484
2,2,524736.7355550937,0.16239999,2.430051,0.3383009653296427
2,2,524741.7357489839,0.16239999,2.4301465,0.3385263541802257
2,2,524746.7359428741,0.16239999,2.4301655,0.338751745175046
2,2,524751.7361367643,0.16239999,2.4303184,0.3389771341645434
2,2,524756.7363306545,0.16239999,2.4303374,0.3392025247869696
2,2,524761.7365245447,0.16239999,2.4303756,0.3394279133875558
2,2,524766.7367184348,0.16239999,2.4303565,0.3396533005134701
2,2,524771.736912325,0.16239999,2.4304712,0.33987868936209936
2,2,524776.7371062152,0.16239999,2.4305856,0.3401040775232677
2,2,524781.7373001054,0.16239999,2.4306047,0.34032946569834543
2,2,524786.7374939956,0.16239999,2.4307,0.34055485428513893
2,2,524791.7376878858,0.16239999,2.4307384,0.34078024211073144
2,2,524796.737881776,0.16239999,2.4308147,0.3410056283926299
2,2,524801.7380756661,0.16239999,2.430872,0.34123101466593037
2,2,524806.7382695563,0.16239999,2.431063,0.3414564004996731
2,2,524811.7384634465,0.16239999,2.4309864,0.3416817853044815
2,2,524816.7386573367,0.16239999,2.4311774,0.341907168814562
2,2,524821.7388512269,0.16239999,2.4314065,0.3421325523335741
2,2,524826.739045117,0.16239999,2.4314446,0.34235793491240896
2,2,524831.7392390072,0.16239999,2.4315019,0.34258331725349667
2,2,524836.7394328974,0.16239999,2.4315975,0.3428087007976172
2,2,524841.7396267876,0.16239999,2.4314446,0.34303408205553865
2,2,524846.7398206778,0.16239999,2.431521,0.3432594590639958
2,2,524851.740014568,0.16239999,2.43175,0.3434848374204699
2,2,524856.7402084582,0.16239999,2.4318075,0.3437102176214247
2,2,524861.7404023483,0.16239999,2.4316928,0.343935598656847
2,2,524866.7405962385,0.16239999,2.4318266,0.34416097782119587
2,2,524871.7407901287,0.16239999,2.431941,0.3443863554187489
2,2,524876.7409840189,0.16239999,2.43196,0.3446117337668113
2,2,524881.7411779091,0.16239999,2.431922,0.3448371109979663
2,2,524886.7413717993,0.16239999,2.4320364,0.34506249110814075
2,2,524891.7415656894,0.16239999,2.4322274,0.3452878747661128
2,2,524896.7417595796,0.16239999,2.4322083,0.34551325633616553
2,2,524901.7419534698,0.16239999,2.4321702,0.3457386385608023
2,2,524906.74214736,0.16239999,2.4322655,0.34596402267244514
2,2,524911.7423412506,0.16239999,2.4323993,0.3461894052023405
2,2,524916.7425351413,0.16239999,2.4324756,0.34641478937766423
2,2,524921.742729032,0.16239999,2.4325328,0.3466401740217322
2,2,524926.7429229226,0.16239999,2.432571,0.34686555753525733
2,2,524931.7431168132,0.16239999,2.4326284,0.3470909402109208
2,2,524936.7433107039,0.16239999,2.4327047,0.347316324778607
2,2,524941.7435045945,0.16239999,2.4328763,0.3475417082735049
2,2,524946.7436984852,0.16239999,2.432781,0.3477670929965341
2,2,524951.7438923758,0.16239999,2.4327238,0.3479924765292378
2,2,524956.7440862665,0.16239999,2.4328957,0.3482178609862937
2,2,524961.7442801571,0.16239999,2.4328382,0.3484432464339879
2,2,524966.7444740478,0.16239999,2.43301,0.34866863212940064
2,2,524971.7446679384,0.16239999,2.4330864,0.3488940181655723
2,2,524976.7448618291,0.16239999,2.4330673,0.34911940364482963
2,2,524981.7450557197,0.16239999,2.4333346,0.34934478900126664
2,2,524986.7452496104,0.16239999,2.433182,0.349570175050481
2,2,524991.745443501,0.16239999,2.4333727,0.34979555962840353
2,2,524996.7456373917,0.16239999,2.4333727,0.3500209466022068
2,2,525001.7458312823,0.16239999,2.4333346,0.35024633423554785
2,2,525006.746025173,0.16239999,2.4336019,0.3504717208034244
2,2,525011.7462190634,0.16239999,2.433621,0.3506971053406792
2,2,525016.7464129538,0.16239999,2.433659,0.35092248893310846
2,2,525021.7466068442,0.16239999,2.43364,0.35114787187572044
2,2,525026.7468007347,0.16239999,2.4337547,0.3513732556618797
2,2,525031.7469946251,0.16239999,2.4337738,0.3515986400586414
2,2,525036.7471885155,0.16239999,2.4337547,0.35182402406371444
2,2,525041.7473824054,0.16239999,2.43406,0.3520494072498213
2,2,525046.7475762959,0.16239999,2.4341936,0.3522747876504748
2,2,525051.7477701863,0.16239999,2.434251,0.3525001674287209
2,2,525056.7479640767,0.16239999,2.4343083,0.352725551533544
2,2,525061.7481579672,0.16239999,2.4343274,0.3529509350991595
2,2,525066.7483518578,0.16239999,2.43448,0.3531763168605829
2,2,525071.7485457483,0.16239999,2.4343846,0.3534017026712685
2,2,525076.7487396388,0.16239999,2.4344227,0.3536270886506833
2,2,525081.7489335294,0.16239999,2.4346137,0.35385247514891766
2,2,525086.7491274199,0.16239999,2.4345374,0.3540778647601155
2,2,525091.7493213104,0.16239999,2.4345946,0.3543032565644058
2,2,525096.749515201,0.16239999,2.4347856,0.3545286508650926
2,2,525101.7497090915,0.16239999,2.4348047,0.35475404345698713
2,2,525106.749902982,0.16239999,2.4346519,0.3549794343441085
2,2,525111.7500968726,0.16239999,2.4346328,0.3552048263787484
2,2,525116.7502907633,0.16239999,2.4347856,0.35543021731754204
2,2,525121.7504846539,0.16239999,2.434881,0.355655597071433
2,2,525126.7506785444,0.16239999,2.4350145,0.35588097655558976
2,2,525131.7508724348,0.16239999,2.4350526,0.3561063547480402
2,2,525136.7510663253,0.16239999,2.4352436,0.3563317313415555
2,2,525141.7512602159,0.16239999,2.4352818,0.3565571087078144
2,2,525146.7514541064,0.16239999,2.4351673,0.3567824881151623
2,2,525151.751647997,0.16239999,2.4351864,0.35700786537334633
2,2,525156.7518418874,0.16239999,2.43532,0.35723324259335115
2,2,525161.7520357778,0.16239999,2.43532,0.3574586218564442
2,2,525166.7522296682,0.16239999,2.4354346,0.3576839997002828
2,2,525171.7524235586,0.16239999,2.4356256,0.35790937912896253
2,2,525176.752617449,0.16239999,2.4356065,0.35813475497046837
2,2,525181.7528113395,0.16239999,2.4356256,0.35836012996669425
2,2,525186.7530052299,0.16239999,2.4356637,0.358585517340371
2,2,525191.7531991203,0.16239999,2.4357018,0.35881090718263203
2,2,525196.7533930107,0.16239999,2.4358544,0.3590362961434753
2,2,525201.7535869007,0.16239999,2.4358928,0.359261684170616
2,2,525206.7537807911,0.16239999,2.4358928,0.35948706875992137
2,2,525211.7539746817,0.16239999,2.4360645,0.3597124538467434
2,2,525216.7541685724,0.16239999,2.435969,0.3599378393278435
2,2,525221.754362463,0.16239999,2.4361792,0.36016322383225613
2,2,525226.7545563537,0.16239999,2.436141,0.3603886080288488
2,2,525231.7547502443,0.16239999,2.4361982,0.36061399050120085
2,2,525236.754944135,0.16239999,2.4364846,0.360839371238003
2,2,525241.7551380256,0.16239999,2.4362364,0.3610647523604771
2,2,525246.7553319163,0.16239999,2.4365036,0.36129013463039183
2,2,525251.7555258069,0.16239999,2.43658,0.3615155168843773
2,2,525256.7557196976,0.16239999,2.4367518,0.3617408979346469
2,2,525261.7559135882,0.16239999,2.436599,0.36196628191862573
2,2,525266.7561074789,0.16239999,2.4369044,0.3621916656470604
2,2,525271.7563013695,0.16239999,2.4368854,0.362417050989915
2,2,525276.7564952602,0.16239999,2.437,0.36264243951386205
2,2,525281.7566891508,0.16239999,2.437,0.3628678280826533
2,2,525286.7568830415,0.16239999,2.4369044,0.3630932158558318
2,2,525291.7570769321,0.16239999,2.436981,0.36331859916184917
2,2,525296.7572708228,0.16239999,2.4370763,0.36354398231733664
2,2,525301.7574647134,0.16239999,2.4371526,0.3637693646802355
2,2,525306.7576586041,0.16239999,2.4371526,0.36399474588594494
2,2,525311.7578524947,0.16239999,2.4373627,0.3642201298122074
2,2,525316.7580463849,0.16239999,2.437439,0.3644455136386122
2,2,525321.7582402751,0.16239999,2.4373817,0.3646708963808855
2,2,525326.7584341653,0.16239999,2.4375536,0.364896277502569
2,2,525331.7586280555,0.16239999,2.437649,0.36512165926082923
2,2,525336.7588219456,0.16239999,2.437668,0.3653470401310655
2,2,525341.7590158358,0.16239999,2.4377444,0.3655724182271899
2,2,525346.759209726,0.16239999,2.4378018,0.36579779521760586
2,2,525351.7594036162,0.16239999,2.438069,0.366023171634145
2,2,525356.7595975064,0.16239999,2.4382217,0.3662485484987008
2,2,525361.7597913966,0.16239999,2.43805,0.36647392798855644
2,2,525366.7599852867,0.16239999,2.4381835,0.36669930638189024
2,2,525371.7601791769,0.16239999,2.4382408,0.36692468498159025
2,2,525376.7603730671,0.16239999,2.438298,0.3671500635547273
2,2,525381.7605669573,0.16239999,2.4383554,0.3673754431907327
2,2,525386.7607608475,0.16239999,2.4383936,0.36760082409837086
2,2,525391.7609547377,0.16239999,2.438527,0.36782620742373817
2,2,525396.7611486278,0.16239999,2.438489,0.3680515887288417
2,2,525401.761342518,0.16239999,2.4386227,0.36827696885095773
2,2,525406.7615364082,0.16239999,2.438699,0.3685023484855715
2,2,525411.7617302984,0.16239999,2.4386418,0.36872772913284835
2,2,525416.7619241886,0.16239999,2.4387753,0.36895311191764046
2,2,525421.7621180788,0.16239999,2.4390044,0.36917849623697735
2,2,525426.762311969,0.16239999,2.4390426,0.3694038804576387
2,2,525431.7625058591,0.16239999,2.439119,0.36962926351590025
2,2,525436.7626997493,0.16239999,2.4391382,0.36985464740489904
2,2,525441.7628936395,0.16239999,2.4389472,0.37008002877928137
2,2,525446.7630875297,0.16239999,2.439329,0.37030540965335473
2,2,525451.7632814199,0.16239999,2.439329,0.370530788105063
2,2,525456.76347531,0.16239999,2.4394054,0.3707561651824877
2,2,525461.7636692002,0.16239999,2.4394817,0.37098154529518373
2,2,525466.7638630904,0.16239999,2.4396152,0.37120692658977117
2,2,525471.7640569806,0.16239999,2.4394817,0.3714323075296795
2,2,525476.7642508708,0.16239999,2.439539,0.3716576867937709
2,2,525481.764444761,0.16239999,2.4396918,0.3718830659075163
2,2,525486.7646386512,0.16239999,2.4396343,0.37210844647365054
2,2,525491.7648325413,0.16239999,2.4398825,0.37233382772487805
2,2,525496.7650264315,0.16239999,2.439959,0.37255920908512413
2,2,525501.7652203217,0.16239999,2.4398634,0.3727845911163157
2,2,525506.7654142119,0.16239999,2.4400544,0.37300997216864745
2,2,525511.7656081021,0.16239999,2.440188,0.3732353526743583
2,2,525516.7658019923,0.16239999,2.4401307,0.37346073393129875
2,2,525521.7659958825,0.16239999,2.440398,0.3736861148789598
2,2,525526.7661897726,0.16239999,2.4403026,0.3739114938802221
2,2,525531.7663836628,0.16239999,2.440188,0.3741368741924819
2,2,525536.766577553,0.16239999,2.440417,0.37436225314914173
2,2,525541.7667714432,0.16239999,2.4404936,0.3745876312524642
2,2,525546.7669653334,0.16239999,2.4405317,0.3748130122468313
2,2,525551.7671592236,0.16239999,2.4407034,0.3750383936860618
2,2,525556.7673531137,0.16239999,2.440799,0.3752637724760008
2,2,525561.7675470039,0.16239999,2.4408371,0.37548915239152547
2,2,525566.7677408941,0.16239999,2.4408753,0.37571453334451865
2,2,525571.7679347843,0.16239999,2.4408944,0.3759399143140513
2,2,525576.7681286745,0.16239999,2.4409897,0.3761652959492172
2,2,525581.7683225647,0.16239999,2.4411044,0.37639067904181184
2,2,525586.7685164548,0.16239999,2.4411807,0.3766160629162721
2,2,525591.768710345,0.16239999,2.441238,0.37684144841383965
2,2,525596.7689042352,0.16239999,2.4413145,0.3770668316847689
2,2,525601.7690981254,0.16239999,2.4414098,0.37729221707595295
2,2,525606.7692920156,0.16239999,2.441257,0.37751760359963765
2,2,525611.7694859058,0.16239999,2.4413717,0.377742987145144
2,2,525616.769679796,0.16239999,2.4414098,0.3779683698913156
2,2,525621.7698736861,0.16239999,2.4413908,0.37819375090228013
2,2,525626.7700675763,0.16239999,2.4416199,0.3784191316496895
2,2,525631.7702614665,0.16239999,2.4415243,0.37864451299791113
2,2,525636.7704553567,0.16239999,2.4418106,0.37886989564493123
2,2,525641.7706492469,0.16239999,2.4417343,0.37909527816997957
2,2,525646.770843137,0.16239999,2.4417725,0.3793206603985039
2,2,525651.7710370272,0.16239999,2.44183,0.37954604609464265
2,2,525656.7712309174,0.16239999,2.441849,0.379771435923462
2,2,525661.7714248076,0.16239999,2.4420588,0.37999682266076146
2,2,525666.7716186978,0.16239999,2.4420397,0.38022221073143586
2,2,525671.771812588,0.16239999,2.4422688,0.380447597597613
2,2,525676.7720064782,0.16239999,2.442326,0.38067298800505933
2,2,525681.7722003683,0.16239999,2.4422307,0.3808983776181372
2,2,525686.7723942585,0.16239999,2.442536,0.38112376850559715
2,2,525691.7725881487,0.16239999,2.4425552,0.3813491587173035
2,2,525696.7727820389,0.16239999,2.4425933,0.38157454872026614
2,2,525701.7729759291,0.16239999,2.442689,0.3817999386733587
2,2,525706.7731698193,0.16239999,2.4428606,0.3820253289415479
2,2,525711.7733637094,0.16239999,2.4428797,0.3822507187056449
2,2,525716.7735575996,0.16239999,2.4428797,0.38247611024028877
2,2,525721.7737514898,0.16239999,2.4428225,0.38270149969259804
2,2,525726.77394538,0.16239999,2.4429562,0.3829268893632722
2,2,525731.7741392702,0.16239999,2.4432425,0.38315227839625365
2,2,525736.7743331604,0.16239999,2.4432998,0.38337766851914246
2,2,525741.7745270506,0.16239999,2.4434142,0.3836030579078618
2,2,525746.7747209407,0.16239999,2.443357,0.38382844530347965
2,2,525751.7749148309,0.16239999,2.4433188,0.384053833491653
2,2,525756.7751087211,0.16239999,2.4434142,0.38427922231069434
2,2,525761.7753026113,0.16239999,2.443567,0.38450460986372476
2,2,525766.7754965015,0.16239999,2.4436433,0.3847299950768664
2,2,525771.7756903917,0.16239999,2.4436624,0.38495538072202334
2,2,525776.7758842818,0.16239999,2.4436243,0.3851807697215004
2,2,525781.776078172,0.16239999,2.4436815,0.38540615578314724
2,2,525786.7762720622,0.16239999,2.4437006,0.38563154241969333
2,2,525791.7764659524,0.16239999,2.4438915,0.38585692896010126
2,2,525796.7766598426,0.16239999,2.443987,0.38608231516033886
2,2,525801.7768537328,0.16239999,2.4439487,0.3863077005099942
2,2,525806.777047623,0.16239999,2.4441016,0.3865330865100587
2,2,525811.7772415131,0.16239999,2.4441206,0.3867584705140812
2,2,525816.7774354033,0.16239999,2.444235,0.3869838552074372
2,2,525821.7776292935,0.16239999,2.4442925,0.3872092383643544
2,2,525826.7778231837,0.16239999,2.4445024,0.38743462195617767
2,2,525831.7780170739,0.16239999,2.4443307,0.3876600079920091
2,2,525836.778210964,0.16239999,2.4443498,0.38788539246977516
2,2,525841.7784048542,0.16239999,2.444426,0.3881107759523795
2,2,525846.7785987444,0.16239999,2.4445598,0.3883361573083813
2,2,525851.7787926346,0.16239999,2.4445598,0.38856153861148635
2,2,525856.7789865248,0.16239999,2.444579,0.38878692066106674
2,2,525861.779180415,0.16239999,2.4446743,0.3890123019802568
2,2,525866.7793743052,0.16239999,2.4448462,0.38923768106861806
2,2,525871.7795681953,0.16239999,2.4448652,0.3894630624567202
2,2,525876.7797620855,0.16239999,2.4449797,0.389688442321744
2,2,525881.7799559757,0.16239999,2.4449415,0.3899138199168524
2,2,525886.7801498659,0.16239999,2.4451897,0.3901391974069722
2,2,525891.7803437561,0.16239999,2.4453232,0.39036457640468886
2,2,525896.7805376463,0.16239999,2.445266,0.39058995846433747
2,2,525901.7807315364,0.16239999,2.4451706,0.3908153389780668
2,2,525906.7809254266,0.16239999,2.4453998,0.3910407211612295
2,2,525911.7811193168,0.16239999,2.445476,0.3912661053417306
2,2,525916.781313207,0.16239999,2.4455142,0.39149148736468264
2,2,525921.7815070972,0.16239999,2.4454188,0.391716869926868
2,2,525926.7817009874,0.16239999,2.445667,0.3919422510298621
2,2,525931.7818948776,0.16239999,2.4457433,0.3921676334696542
2,2,525936.7820887677,0.16239999,2.4458387,0.3923930152121167
2,2,525941.7822826579,0.16239999,2.4459343,0.39261839703262574
2,2,525946.7824765481,0.16239999,2.4458961,0.39284377691776945
2,2,525951.7826704383,0.16239999,2.4459534,0.3930691560297333
2,2,525956.7828643285,0.16239999,2.446087,0.39329453542443177
2,2,525961.7830582187,0.16239999,2.4461634,0.39351991652710383
2,2,525966.7832521088,0.16239999,2.4462397,0.3937452975203832
2,2,525971.783445999,0.16239999,2.4461825,0.39397068104370664
2,2,525976.7836398892,0.16239999,2.4462397,0.3941960695035464
2,2,525981.7838337794,0.16239999,2.4463542,0.39442145671514983
2,2,525986.7840276696,0.16239999,2.4464114,0.39464684000729255
2,2,525991.7842215598,0.16239999,2.4466023,0.39487222119590293
2,2,525996.78441545,0.16239999,2.446507,0.39509760293472046
2,2,526001.7846093401,0.16239999,2.4466596,0.39532298595260895
2,2,526006.7848032303,0.16239999,2.4466023,0.3955483680845622
2,2,526011.7849971205,0.16239999,2.4469078,0.3957737491305461
2,2,526016.7851910107,0.16239999,2.446965,0.3959991301599632
2,2,526021.7853849009,0.16239999,2.4470224,0.3962245133997391
2,2,526026.785578791,0.16239999,2.4470224,0.39644989597112007
2,2,526031.7857726812,0.16239999,2.4470034,0.39667527775985817
2,2,526036.7859665714,0.16239999,2.447156,0.39690066000188545
2,2,526041.7861604616,0.16239999,2.4471369,0.3971260412503521
2,2,526046.7863543518,0.16239999,2.4471369,0.3973514203673128
2,2,526051.786548242,0.16239999,2.447175,0.3975768006345678
2,2,526056.7867421322,0.16239999,2.4475188,0.39780218205530676
2,2,526061.7869360223,0.16239999,2.4474804,0.39802756359595787
2,2,526066.7871299125,0.16239999,2.447557,0.39825294461794924
2,2,526071.7873238027,0.16239999,2.4477096,0.39847832508051295
2,2,526076.7875176929,0.16239999,2.4478052,0.3987037053562641
2,2,526081.7877115831,0.16239999,2.4479768,0.3989290833116213
2,2,526086.7879054733,0.16239999,2.4481678,0.3991544655635934
2,2,526091.7880993634,0.16239999,2.4479005,0.39937984564297957
2,2,526096.7882932536,0.16239999,2.4481487,0.39960522532838477
2,2,526101.7884871438,0.16239999,2.4480915,0.39983060566463213
2,2,526106.788681034,0.16239999,2.4483206,0.4000559856286659
2,2,526111.7888749242,0.16239999,2.448397,0.40028136349482146
2,2,526116.7890688144,0.16239999,2.4485114,0.40050674243191936
2,2,526121.7892627046,0.16239999,2.4484923,0.40073212252421153
2,2,526126.7894565947,0.16239999,2.448626,0.4009575058349004
2,2,526131.7896504849,0.16239999,2.4487023,0.4011828877888071
2,2,526136.7898443751,0.16239999,2.448626,0.4014082709107951
2,2,526141.7900382653,0.16239999,2.4487596,0.40163365524144196
2,2,526146.7902321555,0.16239999,2.4487977,0.40185903846632415
2,2,526151.7904260457,0.16239999,2.4489696,0.40208442283093404
2,2,526156.7906199358,0.16239999,2.4487405,0.4023098032631573
2,2,526161.790813826,0.16239999,2.4488933,0.4025351830983349
2,2,526166.7910077162,0.16239999,2.4489887,0.4027605635096039
2,2,526171.7912016064,0.16239999,2.4490268,0.40298594307377406
2,2,526176.7913954966,0.16239999,2.449275,0.40321132906033563
2,2,526181.7915893868,0.16239999,2.4492178,0.4034367155128739
2,2,526186.791783277,0.16239999,2.4493322,0.40366209967720723
2,2,526191.7919771671,0.16239999,2.4493704,0.4038874836954322
2,2,526196.7921710573,0.16239999,2.4494088,0.4041128653121844
2,2,526201.7923649475,0.16239999,2.4495995,0.4043382452613327
2,2,526206.7925588377,0.16239999,2.4496567,0.4045636259386611
2,2,526211.7927527279,0.16239999,2.4497142,0.4047890072515405
2,2,526216.792946618,0.16239999,2.449943,0.40501438853701505
2,2,526221.7931405082,0.16239999,2.449905,0.40523977090490415
2,2,526226.7933343984,0.16239999,2.4500387,0.405465155309498
2,2,526231.7935282886,0.16239999,2.450115,0.4056905389579838
2,2,526236.7937221788,0.16239999,2.4500768,0.40591592370579693
2,2,526241.793916069,0.16239999,2.4502296,0.40614130871931353
2,2,526246.7941099592,0.16239999,2.4502487,0.40636669245440404
2,2,526251.7943038493,0.16239999,2.450344,0.4065920750126579
2,2,526256.7944977395,0.16239999,2.4504585,0.406817458145643
2,2,526261.7946916297,0.16239999,2.4506495,0.40704284305269745
2,2,526266.7948855199,0.16239999,2.4506304,0.40726822557745024
2,2,526271.7950794101,0.16239999,2.4506876,0.40749361021914393
2,2,526276.7952733003,0.16239999,2.4508023,0.40771899359257163
2,2,526281.7954671904,0.16239999,2.4507642,0.40794437895994196
2,2,526286.7956610806,0.16239999,2.4508977,0.4081697653590074
2,2,526291.7958549708,0.16239999,2.450955,0.4083951533026519
2,2,526296.796048861,0.16239999,2.4510505,0.4086205442662303
2,2,526301.7962427512,0.16239999,2.4512413,0.4088459322333151
2,2,526306.7964366414,0.16239999,2.4512413,0.40907131974837324
2,2,526311.7966305315,0.16239999,2.4512987,0.4092967075278947
2,2,526316.7968244217,0.16239999,2.4512794,0.40952209660483957
2,2,526321.7970183119,0.16239999,2.4514513,0.40974748453087173
2,2,526326.7972122021,0.16239999,2.451375,0.4099728746937561
2,2,526331.7974060923,0.16239999,2.4515657,0.41019826384070246
2,2,526336.7975999825,0.16239999,2.4517376,0.4104236531755127
2,2,526341.7977938727,0.16239999,2.4517376,0.4106490437841819
2,2,526346.7979877628,0.16239999,2.451814,0.4108744323781818
2,2,526351.798181653,0.16239999,2.4519668,0.4110998200295292
2,2,526356.7983755432,0.16239999,2.4518905,0.41132520804797257
2,2,526361.7985694334,0.16239999,2.4520621,0.41155059506174485
2,2,526366.7987633236,0.16239999,2.4521387,0.41177598099950347
2,2,526371.7989572138,0.16239999,2.4523675,0.4120013682223283
2,2,526376.799151104,0.16239999,2.4523675,0.4122267539722081
2,2,526381.7993449941,0.16239999,2.4524632,0.4124521423638684
2,2,526386.7995388843,0.16239999,2.4525204,0.41267752999258184
2,2,526391.7997327745,0.16239999,2.452425,0.4129029180948426
2,2,526396.7999266647,0.16239999,2.4525776,0.41312830566578174
2,2,526401.8001205549,0.16239999,2.4526157,0.4133536928867853
2,2,526406.800314445,0.16239999,2.4528258,0.413579080689007
2,2,526411.8005083352,0.16239999,2.4528067,0.41380446645302055
2,2,526416.8007022254,0.16239999,2.4528067,0.41402985238442547
2,2,526421.8008961156,0.16239999,2.4529786,0.41425523821394866
2,2,526426.8010900058,0.16239999,2.453055,0.414480621990495
2,2,526431.801283896,0.16239999,2.453074,0.41470600469250124
2,2,526436.8014777862,0.16239999,2.4531503,0.4149313890553454
2,2,526441.8016716763,0.16239999,2.4532268,0.41515677301616527
2,2,526446.8018655665,0.16239999,2.453494,0.4153821559926691
2,2,526451.8020594567,0.16239999,2.453475,0.41560753760801805
2,2,526456.8022533469,0.16239999,2.4536467,0.415832916638653
2,2,526461.8024472371,0.16239999,2.4535894,0.41605829605055406
2,2,526466.8026411273,0.16239999,2.4536467,0.41628367892592455
2,2,526471.8028350174,0.16239999,2.4538758,0.416509062367357
2,2,526476.8030289076,0.16239999,2.4537804,0.4167344458148468
2,2,526481.8032227978,0.16239999,2.453914,0.41695983111857426
2,2,526486.803416688,0.16239999,2.454124,0.41718521879828524
2,2,526491.8036105782,0.16239999,2.4540668,0.4174106049387096
2,2,526496.8038044684,0.16239999,2.4541621,0.41763599114138683
2,2,526501.8039983585,0.16239999,2.454315,0.4178613789615048
2,2,526506.8041922487,0.16239999,2.4544675,0.41808676517381566
2,2,526511.8043861389,0.16239999,2.4544485,0.41831215077297934
2,2,526516.8045800291,0.16239999,2.4544866,0.41853753539838856
2,2,526521.8047739198,0.16239999,2.4545822,0.4187629214247073
2,2,526526.8049678104,0.16239999,2.4546394,0.4189883090537924
2,2,526531.805161701,0.16239999,2.454773,0.4192136958569434
2,2,526536.8053555917,0.16239999,2.4547157,0.41943908130427415
2,2,526541.8055494823,0.16239999,2.454773,0.4196644688268433
2,2,526546.805743373,0.16239999,2.4546776,0.41988985342852986
2,2,526551.8059372636,0.16239999,2.4549448,0.4201152384466335
2,2,526556.8061311543,0.16239999,2.4550784,0.4203406247307945
2,2,526561.806325045,0.16239999,2.4550784,0.4205660099929692
2,2,526566.8065189356,0.16239999,2.455193,0.42079139527333165
2,2,526571.8067128262,0.16239999,2.455193,0.4210167806438461
2,2,526576.8069067169,0.16239999,2.455212,0.42124216444129303
2,2,526581.8071006075,0.16239999,2.4552693,0.42146754955029875
2,2,526586.8072944982,0.16239999,2.455193,0.421692937484707
2,2,526591.8074883888,0.16239999,2.4554794,0.42191832300845256
2,2,526596.807682279,0.16239999,2.4556322,0.4221437105176123
2,2,526601.8078761697,0.16239999,2.4556513,0.4223690960003929
2,2,526606.8080700603,0.16239999,2.4557085,0.42259448244948405
2,2,526611.808263951,0.16239999,2.4558039,0.42281986839990615
2,2,526616.8084578416,0.16239999,2.4559758,0.42304525210882526
2,2,526621.808651732,0.16239999,2.4559758,0.4232706364916022
2,2,526626.8088456225,0.16239999,2.4561093,0.4234960199125472
2,2,526631.8090395129,0.16239999,2.456224,0.423721403231969
2,2,526636.8092334033,0.16239999,2.4563956,0.42394678642470357
2,2,526641.8094272937,0.16239999,2.456453,0.4241721733258446
2,2,526646.8096211841,0.16239999,2.4564912,0.4243975607564521
2,2,526651.8098150745,0.16239999,2.4564912,0.42462294990419897
2,2,526656.810008965,0.16239999,2.4565103,0.42484834040432146
2,2,526661.8102028554,0.16239999,2.4567204,0.4250737291763132
2,2,526666.8103967458,0.16239999,2.4568348,0.42529911952565247
2,2,526671.8105906366,0.16239999,2.4568157,0.4255245071189028
2,2,526676.8107845271,0.16239999,2.4569302,0.4257498934872379
2,2,526681.8109784176,0.16239999,2.457255,0.42597528114954764
2,2,526686.8111723082,0.16239999,2.457274,0.42620067108663884
2,2,526691.8113661987,0.16239999,2.4571784,0.42642606064731015
2,2,526696.8115600892,0.16239999,2.457293,0.4266514489235767
2,2,526701.8117539798,0.16239999,2.4571211,0.4268768361973701
2,2,526706.8119478703,0.16239999,2.4573503,0.42710222376096546
2,2,526711.8121417607,0.16239999,2.457312,0.42732761186882984
2,2,526716.8123356513,0.16239999,2.4573312,0.4275529999221891
2,2,526721.8125295418,0.16239999,2.4574838,0.4277783872977599
2,2,526726.8127234323,0.16239999,2.4576366,0.428003776391351
2,2,526731.8129173229,0.16239999,2.4575028,0.4282291664629633
2,2,526736.8131112133,0.16239999,2.45777,0.42845455633846713
2,2,526741.8133051039,0.16239999,2.4578657,0.42867994707840473
2,2,526746.8134989943,0.16239999,2.457732,0.4289053357986348
2,2,526751.8136928849,0.16239999,2.458114,0.4291307216320348
2,2,526756.8138867749,0.16239999,2.4580564,0.4293561067088664
2,2,526761.8140806655,0.16239999,2.4580564,0.429581492954137
2,2,526766.814274556,0.16239999,2.4581902,0.42980687581000354
2,2,526771.8144684464,0.16239999,2.4582665,0.43003226073255846
2,2,526776.8146623368,0.16239999,2.4583046,0.43025764436650565
2,2,526781.8148562273,0.16239999,2.4584575,0.43048303074996547
2,2,526786.8150501179,0.16239999,2.4585338,0.43070841561984063
2,2,526791.8152440083,0.16239999,2.4586675,0.4309338007770309
2,2,526796.8154378987,0.16239999,2.4587438,0.4311591853779443
2,2,526801.8156317892,0.16239999,2.458801,0.4313845732359717
2,2,526806.8158256796,0.16239999,2.4588392,0.43160995959408793
2,2,526811.81601957,0.16239999,2.4588773,0.43183534612717855
2,2,526816.8162134604,0.16239999,2.4589157,0.4320607343170962
2,2,526821.8164073508,0.16239999,2.4588966,0.4322861205378999
2,2,526826.8166012415,0.16239999,2.4591446,0.4325115052006307
2,2,526831.8167951321,0.16239999,2.4590683,0.4327368911039875
2,2,526836.8169890228,0.16239999,2.4591255,0.4329622781183807
2,2,526841.8171829134,0.16239999,2.4593737,0.4331876635717257
2,2,526846.8173768041,0.16239999,2.4593737,0.43341305026073385
2,2,526851.8175706947,0.16239999,2.4593356,0.4336384363233236
2,2,526856.8177645854,0.16239999,2.459622,0.4338638209143848
2,2,526861.817958476,0.16239999,2.4595647,0.4340892061897984
2,2,526866.8181523667,0.16239999,2.4596984,0.43431459037816733
2,2,526871.8183462573,0.16239999,2.45987,0.43453997571545055
2,2,526876.818540148,0.16239999,2.460023,0.43476536104320695
2,2,526881.8187340386,0.16239999,2.4599464,0.4349907460524999
2,2,526886.8189279293,0.16239999,2.4601183,0.4352161292534152
2,2,526891.8191218199,0.16239999,2.4602137,0.4354415131772173
2,2,526896.8193157106,0.16239999,2.4601755,0.4356668970892748
2,2,526901.8195096012,0.16239999,2.4603093,0.4358922792876011
2,2,526906.8197034919,0.16239999,2.4603093,0.4361176628319576
2,2,526911.8198973825,0.16239999,2.4603283,0.4363430463123508
2,2,526916.8200912732,0.16239999,2.4605765,0.43656843369755444
2,2,526921.8202851634,0.16239999,2.4605765,0.43679381862017475
2,2,526926.820479054,0.16239999,2.46092,0.43701920361886465
2,2,526931.8206729442,0.16239999,2.4608629,0.4372445859878192
2,2,526936.8208668344,0.16239999,2.4607482,0.4374699705276146
2,2,526941.8210607246,0.16239999,2.460901,0.43769535777524987
2,2,526946.8212546147,0.16239999,2.4610155,0.4379207452206798
2,2,526951.8214485049,0.16239999,2.4609392,0.4381461287060194
2,2,526956.8216423951,0.16239999,2.4609773,0.43837151138689495
2,2,526961.8218362853,0.16239999,2.4611683,0.43859689238916794
2,2,526966.8220301755,0.16239999,2.4613593,0.4388222759940902
2,2,526971.8222240657,0.16239999,2.4611492,0.43904766005242163
2,2,526976.8224179558,0.16239999,2.4613593,0.4392730459721134
2,2,526981.822611846,0.16239999,2.4613402,0.4394984330867136
2,2,526986.8228057362,0.16239999,2.4614165,0.43972381987863246
2,2,526991.8229996264,0.16239999,2.4616456,0.4399492052488919
2,2,526996.8231935166,0.16239999,2.4616075,0.44017459397455017
2,2,527001.8233874068,0.16239999,2.4616647,0.4403999817451152
2,2,527006.823581297,0.16239999,2.4618363,0.44062536970044136
2,2,527011.8237751871,0.16239999,2.461722,0.4408507580659725
2,2,527016.8239690773,0.16239999,2.4618747,0.4410761452809999
2,2,527021.8241629675,0.16239999,2.4620273,0.44130153290936314
2,2,527026.8243568577,0.16239999,2.4621036,0.4415269224311573
2,2,527031.8245507479,0.16239999,2.4621036,0.44175231242163193
2,2,527036.824744638,0.16239999,2.4623137,0.44197770348573684
2,2,527041.8249385282,0.16239999,2.4622946,0.4422030929893607
2,2,527046.8251324184,0.16239999,2.4624283,0.4424284837859567
2,2,527051.8253263086,0.16239999,2.4625237,0.44265387728440064
2,2,527056.8255201988,0.16239999,2.4626956,0.44287927069785243
2,2,527061.825714089,0.16239999,2.4627147,0.44310466402111826
2,2,527066.8259079792,0.16239999,2.4626572,0.44333005680254395
2,2,527071.8261018693,0.16239999,2.46281,0.44355544849720974
2,2,527076.8262957595,0.16239999,2.462982,0.44378083718465394
2,2,527081.8264896497,0.16239999,2.4629629,0.4440062257402742
2,2,527086.8266835399,0.16239999,2.46302,0.44423161298907343
2,2,527091.8268774301,0.16239999,2.4630964,0.44445699961195684
2,2,527096.8270713203,0.16239999,2.4631917,0.4446823946484638
2,2,527101.8272652104,0.16239999,2.4632492,0.44490778853441487
2,2,527106.8274591006,0.16239999,2.463211,0.44513318567025373
2,2,527111.8276529908,0.16239999,2.46344,0.4453585834589232
2,2,527116.827846881,0.16239999,2.4634018,0.4455839767110857
2,2,527121.8280407712,0.16239999,2.4635928,0.44580937017137845
2,2,527126.8282346614,0.16239999,2.4637454,0.44603476329189745
2,2,527131.8284285516,0.16239999,2.46386,0.4462601560642682
2,2,527136.8286224417,0.16239999,2.463822,0.44648554463767554
2,2,527141.8288163319,0.16239999,2.4637647,0.44671093360182107
2,2,527146.8290102221,0.16239999,2.4639363,0.4469363219420815
2,2,527151.8292041123,0.16239999,2.4640892,0.447161709232945
2,2,527156.8293980025,0.16239999,2.4641845,0.4473870956035203
2,2,527161.8295918927,0.16239999,2.4643373,0.4476124842810147
2,2,527166.8297857828,0.16239999,2.4643946,0.44783787115043283
2,2,527171.829979673,0.16239999,2.4645665,0.4480632596329546
2,2,527176.8301735632,0.16239999,2.464681,0.44828864700051607
2,2,527181.8303674534,0.16239999,2.4647,0.44851403355385244
2,2,527186.8305613436,0.16239999,2.4646618,0.4487394210590336
2,2,527191.8307552338,0.16239999,2.4647,0.4489648093908318
2,2,527196.830949124,0.16239999,2.464872,0.4491901961456128
2,2,527201.8311430141,0.16239999,2.4649673,0.44941558598012854
2,2,527206.8313369043,0.16239999,2.464929,0.44964097733652886
2,2,527211.8315307945,0.16239999,2.4650054,0.4498663659233555
2,2,527216.8317246847,0.16239999,2.4652154,0.4500917561187732
2,2,527221.8319185749,0.16239999,2.4651773,0.4503171447862996
2,2,527226.832112465,0.16239999,2.4654255,0.45054253154882756
2,2,527231.8323063552,0.16239999,2.4654064,0.4507679215323549
2,2,527236.8325002454,0.16239999,2.4654255,0.45099331448598584
2,2,527241.8326941356,0.16239999,2.4656162,0.45121870670743747
2,2,527246.8328880258,0.16239999,2.4656353,0.45144409742402414
2,2,527251.833081916,0.16239999,2.46575,0.45166948652259226
2,2,527256.8332758062,0.16239999,2.4658835,0.4518948741630635
2,2,527261.8334696963,0.16239999,2.46596,0.4521202594409532
2,2,527266.8336635865,0.16239999,2.4660935,0.4523456451104462
2,2,527271.8338574767,0.16239999,2.4660554,0.4525710305896481
2,2,527276.8340513669,0.16239999,2.4662464,0.45279641306946145
2,2,527281.8342452571,0.16239999,2.4663417,0.45302179502277123
2,2,527286.8344391473,0.16239999,2.4662464,0.45324717942633364
2,2,527291.8346330374,0.16239999,2.4664946,0.45347256174969724
2,2,527296.8348269276,0.16239999,2.466399,0.45369794426350846
2,2,527301.8350208178,0.16239999,2.4667044,0.45392332692378895
2,2,527306.835214708,0.16239999,2.4667428,0.45414871096533344
2,2,527311.8354085982,0.16239999,2.466819,0.4543740946213294
2,2,527316.8356024884,0.16239999,2.466781,0.45459947835081954
2,2,527321.8357963786,0.16239999,2.4669335,0.4548248628275773
2,2,527326.8359902687,0.16239999,2.4669335,0.4550502477201999
2,2,527331.8361841589,0.16239999,2.4671817,0.45527563319748865
2,2,527336.8363780491,0.16239999,2.4672008,0.4555010193886109
2,2,527341.8365719393,0.16239999,2.4672008,0.4557264062520056
2,2,527346.8367658295,0.16239999,2.4673345,0.4559517917998795
2,2,527351.8369597197,0.16239999,2.4673536,0.45617717705120947
2,2,527356.8371536098,0.16239999,2.4673727,0.45640256061616846
2,2,527361.8373475,0.16239999,2.467468,0.4566279465871956
2,2,527366.8375413902,0.16239999,2.4676208,0.4568533305013086
2,2,527371.8377352804,0.16239999,2.4675252,0.45707871115102094
2,2,527376.8379291706,0.16239999,2.4677734,0.45730409311734693
2,2,527381.8381230608,0.16239999,2.467869,0.45752947232652513
2,2,527386.838316951,0.16239999,2.467831,0.45775485146898753
2,2,527391.8385108411,0.16239999,2.467869,0.4579802317203919
2,2,527396.8387047313,0.16239999,2.4680982,0.4582056120011101
2,2,527401.8388986215,0.16239999,2.4681935,0.4584309918646736
2,2,527406.8390925117,0.16239999,2.4681935,0.45865637276487037
2,2,527411.8392864019,0.16239999,2.4682698,0.458881755107694
2,2,527416.839480292,0.16239999,2.4685562,0.4591071391541683
2,2,527421.8396741822,0.16239999,2.4684036,0.45933252538386055
2,2,527426.8398680724,0.16239999,2.4688044,0.45955791208309166
2,2,527431.8400619626,0.16239999,2.4688234,0.45978329973861803
2,2,527436.8402558528,0.16239999,2.4688234,0.46000868477484397
2,2,527441.840449743,0.16239999,2.4689,0.46023406897285973
2,2,527446.8406436332,0.16239999,2.4689,0.46045945192067717
2,2,527451.8408375233,0.16239999,2.4688616,0.4606848368874662
2,2,527456.8410314135,0.16239999,2.4690526,0.4609102202326041
2,2,527461.8412253037,0.16239999,2.4692245,0.4611356030587858
2,2,527466.8414191939,0.16239999,2.4692054,0.4613609874379028
2,2,527471.8416130841,0.16239999,2.4693007,0.46158637022827376
2,2,527476.8418069743,0.16239999,2.4694536,0.46181175285494136
2,2,527481.8420008644,0.16239999,2.469587,0.4620371352826197
2,2,527486.8421947546,0.16239999,2.4698925,0.4622625149883286
2,2,527491.8423886448,0.16239999,2.4697971,0.46248789517387556
2,2,527496.842582535,0.16239999,2.4698734,0.46271327696822806
2,2,527501.8427764252,0.16239999,2.4699116,0.4629386605912751
2,2,527506.8429703154,0.16239999,2.4700453,0.46316404397232724
2,2,527511.8431642056,0.16239999,2.4702935,0.4633894296255697
2,2,527516.8433580957,0.16239999,2.4702744,0.4636148125721082
2,2,527521.8435519859,0.16239999,2.470217,0.46384019623470124
2,2,527526.8437458761,0.16239999,2.4702935,0.46406557977630597
2,2,527531.8439397663,0.16239999,2.4703698,0.46429096367560974
2,2,527536.8441336565,0.16239999,2.470599,0.46451634437031614
2,2,527541.8443275467,0.16239999,2.4705226,0.46474172698708194
2,2,527546.8445214368,0.16239999,2.470599,0.4649671103234331
2,2,527551.844715327,0.16239999,2.4708853,0.4651924942983909
2,2,527556.8449092172,0.16239999,2.470828,0.46541787917224964
2,2,527561.8451031074,0.16239999,2.4709044,0.4656432635877702
2,2,527566.8452969976,0.16239999,2.4711144,0.46586864644222026
2,2,527571.8454908878,0.16239999,2.4710953,0.46609402827525037
2,2,527576.845684778,0.16239999,2.4710953,0.46631940964228724
2,2,527581.8458786681,0.16239999,2.4713242,0.4665447912555898
2,2,527586.8460725583,0.16239999,2.4714198,0.46677017076623833
2,2,527591.8462664485,0.16239999,2.4714007,0.4669955505260682
2,2,527596.8464603387,0.16239999,2.4715915,0.4672209285825911
2,2,527601.8466542289,0.16239999,2.4715533,0.46744630679828736
2,2,527606.846848119,0.16239999,2.471668,0.46767168362168204
2,2,527611.8470420092,0.16239999,2.4718206,0.4678970619637451
2,2,527616.8472358994,0.16239999,2.4719353,0.46812244128832364
2,2,527621.8474297896,0.16239999,2.4718587,0.4683478222473841
2,2,527626.8476236798,0.16239999,2.4720306,0.4685732020398434
2,2,527631.84781757,0.16239999,2.4720116,0.4687985836746607
2,2,527636.8480114602,0.16239999,2.4720688,0.46902396387532985
2,2,527641.8482053503,0.16239999,2.4722598,0.4692493449853912
2,2,527646.8483992405,0.16239999,2.472298,0.46947472627583614
2,2,527651.8485931307,0.16239999,2.4724889,0.4697001060569606
2,2,527656.8487870209,0.16239999,2.4726224,0.46992548608647916
2,2,527661.8489809111,0.16239999,2.4725842,0.47015086770114267
2,2,527666.8491748013,0.16239999,2.4726224,0.4703762493776874
2,2,527671.8493686914,0.16239999,2.4726605,0.4706016312025782
2,2,527676.8495625816,0.16239999,2.4729278,0.4708270121870228
2,2,527681.8497564718,0.16239999,2.4729662,0.471052394507277
2,2,527686.849950362,0.16239999,2.4730806,0.4712777782006533
2,2,527691.8501442522,0.16239999,2.4733098,0.471503161115218
2,2,527696.8503381424,0.16239999,2.4732716,0.4717285439892399
2,2,527701.8505320325,0.16239999,2.4734814,0.4719539271359415
2,2,527706.8507259227,0.16239999,2.4733098,0.47217930945468656
2,2,527711.8509198129,0.16239999,2.4737105,0.47240469121574574
2,2,527716.8511137031,0.16239999,2.4736342,0.472630077166201
2,2,527721.8513075933,0.16239999,2.4737678,0.4728554630261267
2,2,527726.8515014835,0.16239999,2.4739206,0.4730808482254185
2,2,527731.8516953737,0.16239999,2.4740543,0.47330623134253635
2,2,527736.8518892638,0.16239999,2.4738443,0.4735316164755983
2,2,527741.852083154,0.16239999,2.474035,0.47375700613318433
2,2,527746.8522770442,0.16239999,2.474245,0.4739823940494728
2,2,527751.8524709344,0.16239999,2.4743023,0.4742077836557491
2,2,527756.8526648246,0.16239999,2.474245,0.4744331727272716
2,2,527761.8528587148,0.16239999,2.474455,0.47465856008739904
2,2,527766.853052605,0.16239999,2.474436,0.4748839512657578
2,2,527771.8532464951,0.16239999,2.4747796,0.47510934427170093
2,2,527776.8534403853,0.16239999,2.4748943,0.475334737922496
2,2,527781.8536342755,0.16239999,2.4748178,0.47556013099807226
2,2,527786.8538281657,0.16239999,2.4750278,0.47578552391162077
2,2,527791.8540220559,0.16239999,2.4749706,0.4760109121053183
2,2,527796.854215946,0.16239999,2.4750469,0.47623629953612856
2,2,527801.8544098362,0.16239999,2.475104,0.47646168707217995
2,2,527806.8546037264,0.16239999,2.4753904,0.4766870745961208
2,2,527811.8547976166,0.16239999,2.4751806,0.47691246221132966
2,2,527816.8549915068,0.16239999,2.475295,0.4771378501125919
2,2,527821.855185397,0.16239999,2.475486,0.4773632387875738
2,2,527826.8553792872,0.16239999,2.4753332,0.47758862814128705
2,2,527831.8555731773,0.16239999,2.475505,0.4778140175871449
2,2,527836.8557670675,0.16239999,2.475677,0.4780394062641517
2,2,527841.8559609577,0.16239999,2.4757533,0.47826479830383817
2,2,527846.8561548479,0.16239999,2.4758296,0.4784901894471701
2,2,527851.8563487381,0.16239999,2.475925,0.4787155802996827
2,2,527856.8565426283,0.16239999,2.475925,0.47894096991409507
2,2,527861.8567365184,0.16239999,2.4760969,0.4791663607399892
2,2,527866.8569304086,0.16239999,2.4761922,0.4793917509190347
2,2,527871.8571242988,0.16239999,2.476116,0.47961714075466966
2,2,527876.857318189,0.16239999,2.4764788,0.47984253323416803
2,2,527881.8575120792,0.16239999,2.476498,0.48006792525894587
2,2,527886.8577059694,0.16239999,2.476517,0.48029331832291994
2,2,527891.8578998595,0.16239999,2.4765742,0.4805187090709083
2,2,527896.8580937497,0.16239999,2.4768414,0.48074409764224185
2,2,527901.8582876399,0.16239999,2.4768414,0.480969486027171
2,2,527906.8584815301,0.16239999,2.476975,0.48119487505072583
2,2,527911.8586754203,0.16239999,2.4770896,0.48142026358667245
2,2,527916.8588693105,0.16239999,2.4769177,0.4816456514552399
2,2,527921.8590632007,0.16239999,2.477166,0.48187104036801287
2,2,527926.8592570908,0.16239999,2.4772804,0.4820964305556083
2,2,527931.859450981,0.16239999,2.4774714,0.4823218223662515
2,2,527936.8596448712,0.16239999,2.477567,0.48254721483320967
2,2,527941.8598387614,0.16239999,2.4776242,0.48277260797157445
2,2,527946.8600326516,0.16239999,2.4777768,0.4829980004003484
2,2,527951.8602265418,0.16239999,2.4778533,0.4832233951495916
2,2,527956.8604204319,0.16239999,2.4778342,0.483448787660865
2,2,527961.8606143221,0.16239999,2.478006,0.483674182162364
2,2,527966.8608082123,0.16239999,2.4781015,0.4838995792819341
2,2,527971.8610021025,0.16239999,2.4782732,0.48412497616091915
2,2,527976.8611959927,0.16239999,2.478216,0.48435037222606325
2,2,527981.8613898829,0.16239999,2.4782922,0.48457576640641986
2,2,527986.861583773,0.16239999,2.478407,0.4848011599370221
2,2,527991.8617776632,0.16239999,2.4785595,0.48502655478131984
2,2,527996.8619715534,0.16239999,2.4785786,0.48525194987194037
2,2,528001.8621654436,0.16239999,2.4787314,0.48547734276531684
2,2,528006.8623593338,0.16239999,2.4788458,0.4857027350629026
2,2,528011.862553224,0.16239999,2.4789987,0.4859281278657471
2,2,528016.8627471142,0.16239999,2.4789605,0.48615352229905673
2,2,528021.8629410043,0.16239999,2.479094,0.4863789183225264
2,2,528026.8631348945,0.16239999,2.479285,0.4866043144631705
2,2,528031.8633287847,0.16239999,2.479266,0.4868297076926178
2,2,528036.8635226749,0.16239999,2.4794185,0.4870551020172102
2,2,528041.8637165651,0.16239999,2.4794185,0.4872804956261205
2,2,528046.8639104553,0.16239999,2.4796095,0.48750588812037515
2,2,528051.8641043454,0.16239999,2.4796667,0.48773128097841184
2,2,528056.8642982356,0.16239999,2.4796667,0.48795667233154133
2,2,528061.8644921258,0.16239999,2.479953,0.488182064692318
2,2,528066.864686016,0.16239999,2.4800296,0.4884074579755527
2,2,528071.8648799062,0.16239999,2.4798958,0.4886328500696565
2,2,528076.8650737964,0.16239999,2.4799721,0.4888582414187462
2,2,528081.8652676865,0.16239999,2.4800868,0.48908363249757675
2,2,528086.8654615767,0.16239999,2.480163,0.4893090227700848
2,2,528091.8656554669,0.16239999,2.4805067,0.48953441418880345
2,2,528096.8658493571,0.16239999,2.4804304,0.4897598032150363
2,2,528101.8660432473,0.16239999,2.4805832,0.489985191299116
2,2,528106.8662371375,0.16239999,2.4806023,0.49021057660033923
2,2,528111.8664310277,0.16239999,2.4806404,0.49043596388334987
2,2,528116.8666249178,0.16239999,2.4808314,0.4906613514571765
2,2,528121.866818808,0.16239999,2.4809458,0.49088673623899326
2,2,528126.8670126982,0.16239999,2.4810412,0.4911121207946551
2,2,528131.8672065889,0.16239999,2.4811559,0.49133750686826266
2,2,528136.8674004795,0.16239999,2.4811368,0.4915628938454211
2,2,528141.8675943702,0.16239999,2.4812894,0.4917882822682166
2,2,528146.8677882608,0.16239999,2.4812322,0.49201367203866564
2,2,528151.867982151,0.16239999,2.4813275,0.4922390618080492
2,2,528156.8681760416,0.16239999,2.4814804,0.49246445119387694
2,2,528161.8683699323,0.16239999,2.4817095,0.4926898411034109
2,2,528166.8685638229,0.16239999,2.481862,0.49291523080591976
2,2,528171.8687577136,0.16239999,2.481862,0.4931406205327713
2,2,528176.8689516042,0.16239999,2.4819195,0.493366012173855
2,2,528181.8691454949,0.16239999,2.4819195,0.4935914024336673
2,2,528186.8693393855,0.16239999,2.482244,0.49381679307850157
2,2,528191.8695332762,0.16239999,2.4823966,0.49404218483510737
2,2,528196.8697271668,0.16239999,2.4823966,0.4942675775698353
2,2,528201.8699210575,0.16239999,2.4824731,0.4944929708060759
2,2,528206.8701149481,0.16239999,2.4825494,0.49471836402779445
2,2,528211.8703088388,0.16239999,2.4826639,0.49494375468072505
2,2,528216.8705027294,0.16239999,2.4827976,0.4951691434177132
2,2,528221.8706966201,0.16239999,2.4827976,0.49539453147134316
2,2,528226.8708905107,0.16239999,2.4828358,0.4956199194148817
2,2,528231.8710844014,0.16239999,2.4828358,0.4958453079051306
2,2,528236.8712782918,0.16239999,2.483084,0.49607069989371516
2,2,528241.8714721822,0.16239999,2.483122,0.49629609161387434
2,2,528246.8716660726,0.16239999,2.4830267,0.4965214793905389
2,2,528251.871859963,0.16239999,2.4832559,0.49674686888921976
2,2,528256.8720538535,0.16239999,2.4833512,0.4969722591886915
2,2,528261.8722477439,0.16239999,2.4835804,0.49719764585216975
2,2,528266.8724416343,0.16239999,2.4834466,0.49742303443131897
2,2,528271.8726355247,0.16239999,2.4835422,0.49764842421581895
2,2,528276.8728294151,0.16239999,2.4838285,0.4978738156004644
2,2,528281.8730233056,0.16239999,2.4838095,0.498099205718709
2,2,528286.8732171961,0.16239999,2.4839048,0.4983245981248746
2,2,528291.8734110866,0.16239999,2.4842103,0.49854998995856
2,2,528296.8736049772,0.16239999,2.4840767,0.4987753805722351
2,2,528301.8737988677,0.16239999,2.4842103,0.49900077115441327
2,2,528306.8739927582,0.16239999,2.4842103,0.499226162299939
2,2,528311.8741866483,0.16239999,2.4842865,0.4994515519691603
2,2,528316.8743805388,0.16239999,2.4844203,0.4996769382363869
2,2,528321.8745744294,0.16239999,2.4844584,0.49990232513118504
2,2,528326.8747683199,0.16239999,2.4844394,0.500127711998762
2,2,528331.8749622104,0.16239999,2.4845157,0.5003531016981035
2,2,528336.875156101,0.16239999,2.4846303,0.5005784913616599
2,2,528341.8753499915,0.16239999,2.4849548,0.5008038822102593
2,2,528346.8755438819,0.16239999,2.4848402,0.501029273489518
2,2,528351.8757377726,0.16239999,2.4851649,0.5012546668085246
2,2,528356.875931663,0.16239999,2.4851649,0.5014800561303112
2,2,528361.8761255535,0.16239999,2.4850693,0.501705445384147
2,2,528366.876319444,0.16239999,2.4854512,0.5019308357228915
2,2,528371.8765133346,0.16239999,2.4855466,0.5021562274305462
2,2,528376.8767072251,0.16239999,2.4857757,0.5023816154166226
2,2,528381.8769011156,0.16239999,2.48568,0.5026070032551982
2,2,528386.8770950062,0.16239999,2.485661,0.502832392866637
2,2,528391.8772888968,0.16239999,2.4860048,0.5030577814878985
2,2,528396.8774827872,0.16239999,2.486062,0.5032831716260221
2,2,528401.8776766777,0.16239999,2.4861574,0.5035085615722337
2,2,528406.8778705681,0.16239999,2.4863293,0.5037339539430264
2,2,528411.8780644585,0.16239999,2.4863675,0.5039593464893988
2,2,528416.8782583489,0.16239999,2.4865394,0.5041847328651472
2,2,528421.8784522393,0.16239999,2.4864438,0.5044101186847512
2,2,528426.8786461295,0.16239999,2.4867876,0.5046355031392209
2,2,528431.8788400199,0.16239999,2.48673,0.5048608867459975
2,2,528436.8790339106,0.16239999,2.4867492,0.5050862693251933
2,2,528441.8792278012,0.16239999,2.4868639,0.5053116506082944
2,2,528446.8794216919,0.16239999,2.4869783,0.5055370340384128
2,2,528451.8796155825,0.16239999,2.4870164,0.5057624190890911
2,2,528456.8798094732,0.16239999,2.4869974,0.5059878049285716
2,2,528461.8800033638,0.16239999,2.4872074,0.5062131934900448
2,2,528466.8801972545,0.16239999,2.4872265,0.5064385816422451
2,2,528471.8803911451,0.16239999,2.4875128,0.5066639705503333
2,2,528476.8805850353,0.16239999,2.4875894,0.5068893526365358
2,2,528481.880778926,0.16239999,2.487742,0.5071147329133168
2,2,528486.8809728166,0.16239999,2.487933,0.5073401131624495
2,2,528491.8811667073,0.16239999,2.487933,0.5075654944912749
2,2,528496.8813605979,0.16239999,2.488143,0.5077908760181391
2,2,528501.8815544886,0.16239999,2.4880283,0.5080162549018743
2,2,528506.8817483792,0.16239999,2.4882383,0.5082416351758423
2,2,528511.8819422699,0.16239999,2.4883912,0.5084670178700834
2,2,528516.8821361605,0.16239999,2.4882574,0.5086924014867875
2,2,528521.8823300512,0.16239999,2.4882193,0.5089177805563758
2,2,528526.8825239418,0.16239999,2.4883528,0.5091431589392151
2,2,528531.8827178325,0.16239999,2.48862,0.5093685391134919
2,2,528536.8829117231,0.16239999,2.48862,0.5095939222481086
2,2,528541.8831056133,0.16239999,2.4886775,0.509819306277603
2,2,528546.8832995035,0.16239999,2.4889448,0.5100446910451875
2,2,528551.8834933937,0.16239999,2.488983,0.5102700785142358
2,2,528556.8836872838,0.16239999,2.4891737,0.510495467745497
2,2,528561.883881174,0.16239999,2.4891737,0.51072085616453
2,2,528566.8840750642,0.16239999,2.4893074,0.5109462438042123
2,2,528571.8842689544,0.16239999,2.48946,0.5111716325198834
2,2,528576.8844628446,0.16239999,2.4893646,0.5113970189799285
2,2,528581.8846567348,0.16239999,2.4894793,0.5116224066203592
2,2,528586.884850625,0.16239999,2.4895937,0.5118477929267742
2,2,528591.8850445151,0.16239999,2.4897656,0.5120731781709376
2,2,528596.8852384053,0.16239999,2.4897656,0.5122985643485263
2,2,528601.8854322955,0.16239999,2.48988,0.5125239506740429
2,2,528606.8856261857,0.16239999,2.4901092,0.5127493386763972
2,2,528611.8858200759,0.16239999,2.4900901,0.5129747250613438
2,2,528616.886013966,0.16239999,2.4903383,0.5132001141764745
2,2,528621.8862078562,0.16239999,2.4903955,0.5134255040923795
2,2,528626.8864017464,0.16239999,2.490491,0.5136508918140738
2,2,528631.8865956366,0.16239999,2.49051,0.5138762800876159
2,2,528636.8867895268,0.16239999,2.4906437,0.5141016689618495
2,2,528641.886983417,0.16239999,2.4908347,0.5143270585852613
2,2,528646.8871773072,0.16239999,2.4906247,0.5145524431260783
2,2,528651.8873711973,0.16239999,2.4909682,0.5147778268823582
2,2,528656.8875650875,0.16239999,2.4911592,0.5150032101128962
2,2,528661.8877589777,0.16239999,2.4911973,0.5152285918905718
2,2,528666.8879528679,0.16239999,2.4913118,0.5154539745882749
2,2,528671.8881467581,0.16239999,2.4914074,0.5156793556895743
2,2,528676.8883406483,0.16239999,2.4914646,0.5159047389438243
2,2,528681.8885345384,0.16239999,2.4915218,0.5161301240164099
2,2,528686.8887284286,0.16239999,2.4919229,0.5163555077802721
2,2,528691.8889223188,0.16239999,2.491789,0.5165808933674353
2,2,528696.889116209,0.16239999,2.4920182,0.5168062799919851
2,2,528701.8893100992,0.16239999,2.4920945,0.5170316680180215
2,2,528706.8895039894,0.16239999,2.4922473,0.5172570528989343
2,2,528711.8896978796,0.16239999,2.4921517,0.5174824395030067
2,2,528716.8898917697,0.16239999,2.4923427,0.5177078251211958
2,2,528721.8900856599,0.16239999,2.4926863,0.5179332088425201
2,2,528726.8902795501,0.16239999,2.4926481,0.5181585922486128
2,2,528731.8904734403,0.16239999,2.4927247,0.5183839725229715
2,2,528736.8906673305,0.16239999,2.4929154,0.5186093515053855
2,2,528741.8908612207,0.16239999,2.4931636,0.5188347290988035
2,2,528746.8910551108,0.16239999,2.4931636,0.5190601093926223
2,2,528751.891249001,0.16239999,2.4933355,0.5192854899496403
2,2,528756.8914428912,0.16239999,2.4935262,0.5195108714336811
2,2,528761.8916367814,0.16239999,2.4934309,0.5197362537984732
2,2,528766.8918306716,0.16239999,2.4935071,0.5199616357906031
2,2,528771.8920245618,0.16239999,2.4937744,0.5201870142411913
2,2,528776.892218452,0.16239999,2.4937744,0.5204123936350412
2,2,528781.8924123421,0.16239999,2.4938319,0.5206377744309447
2,2,528786.8926062323,0.16239999,2.4937172,0.5208631565590865
2,2,528791.8928001225,0.16239999,2.4940991,0.5210885384762941
2,2,528796.8929940127,0.16239999,2.4941945,0.5213139226507701
2,2,528801.8931879029,0.16239999,2.4941754,0.5215393039692234
2,2,528806.893381793,0.16239999,2.4942899,0.5217646872649325
2,2,528811.8935756832,0.16239999,2.4943473,0.5219900716524952
2,2,528816.8937695734,0.16239999,2.4946718,0.5222154567597923
2,2,528821.8939634636,0.16239999,2.49471,0.5224408428779345
2,2,528826.8941573538,0.16239999,2.494729,0.5226662311990543
2,2,528831.894351244,0.16239999,2.494729,0.5228916195513524
2,2,528836.8945451342,0.16239999,2.4948816,0.5231170052350529
2,2,528841.8947390243,0.16239999,2.4948816,0.5233423910150132
2,2,528846.8949329145,0.16239999,2.4952254,0.5235677750158726
2,2,528851.8951268047,0.16239999,2.4951298,0.5237931610661515
2,2,528856.8953206949,0.16239999,2.495397,0.5240185469204801
2,2,528861.8955145851,0.16239999,2.4954355,0.5242439356417947
2,2,528866.8957084753,0.16239999,2.495359,0.5244693236081502
2,2,528871.8959023654,0.16239999,2.495569,0.524694711541527
2,2,528876.8960962556,0.16239999,2.4958172,0.5249201013860018
2,2,528881.8962901458,0.16239999,2.4958935,0.5251454921440145
2,2,528886.896484036,0.16239999,2.4959507,0.5253708800804874
2,2,528891.8966779262,0.16239999,2.4960082,0.525596264944691
2,2,528896.8968718164,0.16239999,2.496199,0.5258216486192522
2,2,528901.8970657066,0.16239999,2.4963136,0.5260470319347599
2,2,528906.8972595967,0.16239999,2.4962945,0.5262724160346722
2,2,528911.8974534869,0.16239999,2.4963517,0.5264978004208143
2,2,528916.8976473771,0.16239999,2.496409,0.5267231845150766
2,2,528921.8978412673,0.16239999,2.4963136,0.5269485681263508
2,2,528926.8980351575,0.16239999,2.4965808,0.5271739541201097
2,2,528931.8982290477,0.16239999,2.4965043,0.5273993395967486
2,2,528936.8984229378,0.16239999,2.4967144,0.5276247234854684
2,2,528941.898616828,0.16239999,2.496829,0.5278501084737988
2,2,528946.8988107182,0.16239999,2.4969435,0.5280754937929961
2,2,528951.8990046084,0.16239999,2.496829,0.5283008774933934
2,2,528956.8991984986,0.16239999,2.4970963,0.5285262621498765
2,2,528961.8993923888,0.16239999,2.497268,0.528751649214961
2,2,528966.899586279,0.16239999,2.4974399,0.5289770352705406
2,2,528971.8997801691,0.16239999,2.497497,0.5292024198279517
2,2,528976.8999740593,0.16239999,2.4975734,0.5294278037503001
2,2,528981.9001679495,0.16239999,2.4977453,0.5296531891350278
2,2,528986.9003618397,0.16239999,2.4978025,0.5298785769887487
2,2,528991.9005557299,0.16239999,2.4979935,0.5301039642746486
2,2,528996.90074962,0.16239999,2.4979172,0.5303293541849201
2,2,529001.9009435102,0.16239999,2.4979744,0.5305547445756523
2,2,529006.9011374004,0.16239999,2.498108,0.530780134908328
2,2,529011.9013312906,0.16239999,2.4983752,0.5310055236502574
2,2,529016.9015251808,0.16239999,2.4983943,0.5312309148243064
2,2,529021.901719071,0.16239999,2.4984899,0.5314563043786034
2,2,529026.9019129612,0.16239999,2.4986234,0.5316816958496466
2,2,529031.9021068513,0.16239999,2.4986234,0.5319070826402301
2,2,529036.9023007415,0.16239999,2.4989097,0.5321324697866501
2,2,529041.9024946317,0.16239999,2.4990053,0.5323578560622934
2,2,529046.9026885219,0.16239999,2.4990816,0.5325832408591785
2,2,529051.9028824121,0.16239999,2.4990816,0.5328086283421486
2,2,529056.9030763023,0.16239999,2.4992535,0.5330340169789918
2,2,529061.9032701924,0.16239999,2.4994252,0.5332594043593716
2,2,529066.9034640826,0.16239999,2.4994824,0.5334847929627906
2,2,529071.9036579728,0.16239999,2.4994824,0.5337101818089786
2,2,529076.903851863,0.16239999,2.4996543,0.5339355711007411
2,2,529081.9040457532,0.16239999,2.4996734,0.5341609602396259
2,2,529086.9042396434,0.16239999,2.5000744,0.5343863472558519
2,2,529091.9044335335,0.16239999,2.4998643,0.5346117347126043
2,2,529096.9046274237,0.16239999,2.4999979,0.5348371228695994
2,2,529101.9048213139,0.16239999,2.5001125,0.535062511126381
2,2,529106.9050152041,0.16239999,2.5002842,0.5352878981518971
2,2,529111.9052090943,0.16239999,2.5003607,0.5355132844120158
2,2,529116.9054029845,0.16239999,2.5005515,0.5357386685639853
2,2,529121.9055968747,0.16239999,2.500609,0.5359640542486974
2,2,529126.9057907648,0.16239999,2.5009143,0.5361894391040332
2,2,529131.905984655,0.16239999,2.501086,0.5364148214609988
2,2,529136.9061785452,0.16239999,2.5009716,0.5366402042083327
2,2,529141.9063724354,0.16239999,2.5010288,0.5368655874088581
2,2,529146.9065663256,0.16239999,2.501315,0.5370909706561119
2,2,529151.9067602158,0.16239999,2.5014298,0.537316352203495
2,2,529156.906954106,0.16239999,2.501468,0.5375417331936783
2,2,529161.9071479961,0.16239999,2.5016205,0.5377671135504214
2,2,529166.9073418863,0.16239999,2.5018306,0.5379924968434209
2,2,529171.9075357765,0.16239999,2.5017161,0.5382178804359925
2,2,529176.9077296667,0.16239999,2.5017924,0.5384432646764832
2,2,529181.9079235569,0.16239999,2.5020406,0.5386686489816085
2,2,529186.908117447,0.16239999,2.502155,0.5388940319666068
2,2,529191.9083113372,0.16239999,2.502117,0.5391194130554382
2,2,529196.9085052274,0.16239999,2.502155,0.5393447960644299
2,2,529201.9086991176,0.16239999,2.502365,0.5395701804109986
2,2,529206.9088930078,0.16239999,2.5024798,0.539795564946899
2,2,529211.909086898,0.16239999,2.502537,0.5400209492998189
2,2,529216.9092807882,0.16239999,2.5027852,0.5402463326836493
2,2,529221.9094746783,0.16239999,2.5028424,0.5404717170248561
2,2,529226.9096685685,0.16239999,2.5028996,0.5406971014560668
2,2,529231.9098624587,0.16239999,2.5030715,0.5409224854802753
2,2,529236.9100563489,0.16239999,2.5032432,0.5411478730941638
2,2,529241.9102502391,0.16239999,2.503396,0.5413732612486067
2,2,529246.9104441293,0.16239999,2.503415,0.5415986473476928
2,2,529251.9106380194,0.16239999,2.5034342,0.5418240309437836
2,2,529256.9108319096,0.16239999,2.5034723,0.5420494117183685
2,2,529261.9110257998,0.16239999,2.5037205,0.542274791551123
2,2,529266.91121969,0.16239999,2.5038924,0.542500171582347
2,2,529271.9114135802,0.16239999,2.5039496,0.5427255513393382
2,2,529276.9116074704,0.16239999,2.5040832,0.5429509302198886
2,2,529281.9118013605,0.16239999,2.5043314,0.5431763113247098
2,2,529286.9119952507,0.16239999,2.5042741,0.5434016936310331
2,2,529291.9121891409,0.16239999,2.504408,0.5436270779036582
2,2,529296.9123830311,0.16239999,2.5043123,0.5438524626584343
2,2,529301.9125769213,0.16239999,2.5046177,0.544077847647153
2,2,529306.9127708115,0.16239999,2.5047705,0.5443032310370274
2,2,529311.9129647017,0.16239999,2.504904,0.5445286149423496
2,2,529316.9131585918,0.16239999,2.5048468,0.5447540014950494
2,2,529321.913352482,0.16239999,2.5049615,0.5449793869021023
2,2,529326.9135463722,0.16239999,2.505114,0.5452047729010493
2,2,529331.9137402624,0.16239999,2.5052097,0.5454301556929253
2,2,529336.9139341526,0.16239999,2.5055723,0.545655536480009
2,2,529341.9141280428,0.16239999,2.5055723,0.5458809191002889
2,2,529346.9143219329,0.16239999,2.5057824,0.5461063013919519
2,2,529351.9145158231,0.16239999,2.5060496,0.5463316823926868
2,2,529356.9147097133,0.16239999,2.505954,0.5465570634150392
2,2,529361.9149036035,0.16239999,2.5062022,0.5467824452840647
2,2,529366.9150974937,0.16239999,2.506164,0.5470078259068764
2,2,529371.9152913839,0.16239999,2.506355,0.5472332092272791
2,2,529376.915485274,0.16239999,2.506565,0.5474585928290406
2,2,529381.9156791642,0.16239999,2.5066795,0.5476839779405754
2,2,529386.9158730544,0.16239999,2.5068514,0.547909364987285
2,2,529391.9160669446,0.16239999,2.5066605,0.5481347529436924
2,2,529396.9162608348,0.16239999,2.5068896,0.5483601403310889
2,2,529401.916454725,0.16239999,2.506985,0.5485855225443735
2,2,529406.9166486152,0.16239999,2.5070612,0.5488109038865941
2,2,529411.9168425053,0.16239999,2.507214,0.5490362856923974
2,2,529416.9170363955,0.16239999,2.5072522,0.5492616701373477
2,2,529421.9172302857,0.16239999,2.5072904,0.5494870537999408
2,2,529426.9174241759,0.16239999,2.5075004,0.5497124359553244
2,2,529431.9176180661,0.16239999,2.5076532,0.5499378174050908
2,2,529436.9178119563,0.16239999,2.5077868,0.5501631985374932
2,2,529441.9180058464,0.16239999,2.5079777,0.5503885813335025
2,2,529446.9181997366,0.16239999,2.5079587,0.5506139617508065
2,2,529451.9183936268,0.16239999,2.508035,0.5508393406496953
2,2,529456.918587517,0.16239999,2.5081494,0.5510647190678478
2,2,529461.9187814072,0.16239999,2.5082831,0.5512900978211067
2,2,529466.9189752974,0.16239999,2.508474,0.5515154740267257
2,2,529471.9191691875,0.16239999,2.5086458,0.5517408499251896
2,2,529476.9193630777,0.16239999,2.5085886,0.5519662313465619
2,2,529481.9195569679,0.16239999,2.508474,0.5521916131819571
2,2,529486.9197508581,0.16239999,2.5087605,0.552416993681012
2,2,529491.9199447483,0.16239999,2.5088558,0.5526423726310483
2,2,529496.9201386385,0.16239999,2.5089896,0.5528677508701427
2,2,529501.9203325287,0.16239999,2.5090277,0.5530931288520083
2,2,529506.9205264188,0.16239999,2.509524,0.553318508219398
2,2,529511.920720309,0.16239999,2.5094476,0.5535438867330819
2,2,529516.9209141992,0.16239999,2.5094666,0.5537692658942791
2,2,529521.9211080894,0.16239999,2.5094094,0.5539946437353775
2,2,529526.9213019796,0.16239999,2.5096958,0.5542200241581792
2,2,529531.9214958698,0.16239999,2.5098486,0.554445404586423
2,2,529536.9216897599,0.16239999,2.509925,0.5546707859282239
2,2,529541.9218836501,0.16239999,2.5100968,0.5548961664056747
2,2,529546.9220775403,0.16239999,2.5100968,0.5551215487751475
2,2,529551.9222714305,0.16239999,2.510154,0.5553469281960183
2,2,529556.9224653207,0.16239999,2.5102112,0.5555723070872314
2,2,529561.9226592109,0.16239999,2.5104785,0.5557976882630086
2,2,529566.922853101,0.16239999,2.5104976,0.5560230707869624
2,2,529571.9230469912,0.16239999,2.5107458,0.556248451385856
2,2,529576.9232408814,0.16239999,2.5106885,0.5564738334993797
2,2,529581.9234347716,0.16239999,2.511032,0.5566992181742824
2,2,529586.9236286618,0.16239999,2.511032,0.5569246039881188
2,2,529591.923822552,0.16239999,2.5112803,0.5571499888137524
2,2,529596.9240164421,0.16239999,2.511185,0.5573753752536024
2,2,529601.9242103323,0.16239999,2.5114903,0.55760076000565
2,2,529606.9244042225,0.16239999,2.5114903,0.5578261459019601
2,2,529611.9245981127,0.16239999,2.5115476,0.558051533272102
2,2,529616.9247920029,0.16239999,2.5117004,0.5582769194603111
2,2,529621.9249858931,0.16239999,2.5117958,0.5585023037483962
2,2,529626.9251797833,0.16239999,2.5119486,0.5587276883822576
2,2,529631.9253736734,0.16239999,2.5119486,0.5589530747716298
2,2,529636.9255675636,0.16239999,2.5123494,0.5591784591787147
2,2,529641.9257614538,0.16239999,2.5126166,0.5594038461132435
2,2,529646.925955344,0.16239999,2.5124257,0.5596292324539957
2,2,529651.9261492342,0.16239999,2.5127501,0.5598546180541618
2,2,529656.9263431244,0.16239999,2.512731,0.5600800017517552
2,2,529661.9265370145,0.16239999,2.5130749,0.5603053833399203
2,2,529666.9267309047,0.16239999,2.513113,0.5605307661146831
2,2,529671.9269247949,0.16239999,2.5130558,0.560756149316596
2,2,529676.9271186851,0.16239999,2.5132275,0.5609815336883014
2,2,529681.9273125753,0.16239999,2.5133421,0.5612069204988939
2,2,529686.9275064655,0.16239999,2.5135138,0.5614323064274079
2,2,529691.9277003556,0.16239999,2.5137239,0.5616576928767334
2,2,529696.9278942458,0.16239999,2.5136285,0.5618830781620364
2,2,529701.928088136,0.16239999,2.5139148,0.5621084650427778
2,2,529706.9282820262,0.16239999,2.513953,0.5623338500905298
2,2,529711.9284759164,0.16239999,2.5142012,0.5625592347952356
2,2,529716.9286698066,0.16239999,2.5144112,0.5627846214764388
2,2,529721.9288636968,0.16239999,2.5142393,0.5630100108694067
2,2,529726.9290575869,0.16239999,2.5145829,0.5632353986733247
2,2,529731.9292514771,0.16239999,2.5146785,0.5634607884869035
2,2,529736.9294453673,0.16239999,2.5147738,0.5636861765094248
2,2,529741.9296392575,0.16239999,2.5149074,0.5639115637782214
2,2,529746.9298331481,0.16239999,2.5149267,0.5641369483469258
2,2,529751.9300270388,0.16239999,2.5149648,0.5643623317048779
2,2,529756.9302209294,0.16239999,2.5150983,0.5645877157875777
2,2,529761.9304148201,0.16239999,2.5152893,0.5648131006117046
2,2,529766.9306087107,0.16239999,2.5153847,0.5650384868162321
2,2,529771.9308026014,0.16239999,2.515442,0.5652638725858825
2,2,529776.930996492,0.16239999,2.5156138,0.5654892603395554
2,2,529781.9311903827,0.16239999,2.5157475,0.5657146459775771
2,2,529786.9313842733,0.16239999,2.515881,0.565940032205136
2,2,529791.931578164,0.16239999,2.5159192,0.5661654185402292
2,2,529796.9317720546,0.16239999,2.5162055,0.56639080351203
2,2,529801.9319659453,0.16239999,2.5162055,0.5666161891340702
2,2,529806.9321598359,0.16239999,2.5162055,0.5668415746677077
2,2,529811.9323537266,0.16239999,2.51653,0.5670669590228306
2,2,529816.9325476172,0.16239999,2.516511,0.5672923430446127
2,2,529821.9327415079,0.16239999,2.5166447,0.567517728961951
2,2,529826.9329353985,0.16239999,2.516931,0.5677431146428136
2,2,529831.9331292892,0.16239999,2.5170455,0.567968500447557
2,2,529836.9333231798,0.16239999,2.5170646,0.5681938887743923
2,2,529841.9335170705,0.16239999,2.5171602,0.5684192768938414
2,2,529846.9337109609,0.16239999,2.5174274,0.5686446646676533
2,2,529851.9339048513,0.16239999,2.5174656,0.5688700526317918
2,2,529856.9340987417,0.16239999,2.517561,0.5690954393635149
2,2,529861.9342926322,0.16239999,2.5178854,0.569320823048405
2,2,529866.9344865221,0.16239999,2.517771,0.5695462066286162
2,2,529871.9346804125,0.16239999,2.517981,0.569771590097649
2,2,529876.9348743029,0.16239999,2.5180573,0.569996974660335
2,2,529881.9350681934,0.16239999,2.518191,0.5702223599533734
2,2,529886.9352620838,0.16239999,2.518172,0.5704477464299481
2,2,529891.9354559742,0.16239999,2.5184965,0.5706731330750732
2,2,529896.9356498647,0.16239999,2.5185347,0.5708985223308038
2,2,529901.9358437553,0.16239999,2.518611,0.571123910035591
2,2,529906.9360376458,0.16239999,2.51863,0.5713492964934184
2,2,529911.9362315363,0.16239999,2.5189354,0.5715746852961239
2,2,529916.9364254269,0.16239999,2.5191264,0.5718000738380433
2,2,529921.9366193174,0.16239999,2.5191455,0.5720254631577232
2,2,529926.9368132079,0.16239999,2.5192602,0.5722508545411964
2,2,529931.9370070985,0.16239999,2.5194128,0.5724762457584605
2,2,529936.937200989,0.16239999,2.519661,0.5727016348509157
2,2,529941.9373948795,0.16239999,2.5197372,0.572927020795043
2,2,529946.9375887703,0.16239999,2.5200045,0.5731524063319058
2,2,529951.9377826608,0.16239999,2.5200045,0.5733777949552162
2,2,529956.9379765514,0.16239999,2.5201383,0.5736031830078759
2,2,529961.9381704419,0.16239999,2.5202336,0.5738285681183386
2,2,529966.9383643323,0.16239999,2.5202146,0.5740539506171286
2,2,529971.9385582228,0.16239999,2.5204818,0.5742793335155595
2,2,529976.9387521134,0.16239999,2.5206347,0.5745047190626543
2,2,529981.9389460038,0.16239999,2.5206728,0.5747301046823212
2,2,529986.9391398943,0.16239999,2.520749,0.5749554914146859
2,2,529991.9393337849,0.16239999,2.520921,0.5751808775965471
2,2,529996.9395276753,0.16239999,2.5209782,0.575406261890398
2,2,530001.9397215657,0.16239999,2.5211692,0.575631647296749
2,2,530006.9399154561,0.16239999,2.5213218,0.5758570338692871
2,2,530011.9401093465,0.16239999,2.5215127,0.5760824198834084
2,2,530016.940303237,0.16239999,2.5214746,0.5763078033170327
2,2,530021.9404971274,0.16239999,2.5216272,0.5765331868864736
2,2,530026.9406910178,0.16239999,2.5216653,0.5767585713236323
2,2,530031.9408849077,0.16239999,2.5217419,0.5769839581594027
2,2,530036.9410787981,0.16239999,2.52178,0.5772093465126917
2,2,530041.9412726886,0.16239999,2.5220091,0.5774347340533211
2,2,530046.9414665792,0.16239999,2.5220282,0.5776601211600858
2,2,530051.9416604699,0.16239999,2.5222573,0.5778855072277171
2,2,530056.9418543605,0.16239999,2.5223336,0.5781108939184223
2,2,530061.9420482512,0.16239999,2.5223145,0.5783362780697568
2,2,530066.9422421418,0.16239999,2.5224862,0.5785616627726454
2,2,530071.9424360325,0.16239999,2.5225627,0.5787870464374314
2,2,530076.9426299231,0.16239999,2.522639,0.5790124275698255
2,2,530081.9428238138,0.16239999,2.5229635,0.579237807384514
2,2,530086.9430177044,0.16239999,2.5231164,0.579463186458975
2,2,530091.9432115951,0.16239999,2.5232117,0.5796885650918598
2,2,530096.9434054857,0.16239999,2.523307,0.5799139413446617
2,2,530101.9435993764,0.16239999,2.5233836,0.5801393199453286
2,2,530106.943793267,0.16239999,2.523498,0.5803646997206292
2,2,530111.9439871577,0.16239999,2.5236127,0.5805900774849171
2,2,530116.9441810483,0.16239999,2.523651,0.5808154562842397
2,2,530121.944374939,0.16239999,2.5239182,0.5810408356440396
2,2,530126.9445688296,0.16239999,2.5242045,0.5812662175749621
2,2,530131.9447627203,0.16239999,2.5243762,0.5814915993169958
2,2,530136.9449566109,0.16239999,2.5243762,0.5817169814007611
2,2,530141.9451505016,0.16239999,2.52451,0.5819423606110776
2,2,530146.9453443922,0.16239999,2.5246818,0.5821677399011401
2,2,530151.9455382824,0.16239999,2.5246053,0.582393120755875
2,2,530156.9457321726,0.16239999,2.5250635,0.5826185026755331
2,2,530161.9459260628,0.16239999,2.5251398,0.5828438864715287
2,2,530166.946119953,0.16239999,2.5249681,0.5830692687556154
2,2,530171.9463138431,0.16239999,2.5252354,0.5832946488674082
2,2,530176.9465077333,0.16239999,2.5253117,0.583520030243491
2,2,530181.9467016235,0.16239999,2.5255408,0.5837454106225709
2,2,530186.9468955137,0.16239999,2.525598,0.5839707904464825
2,2,530191.9470894039,0.16239999,2.5258462,0.5841961666068094
2,2,530196.947283294,0.16239999,2.525808,0.5844215453660148
2,2,530201.9474771842,0.16239999,2.5260372,0.5846469284522466
2,2,530206.9476710744,0.16239999,2.5261326,0.5848723135095941
2,2,530211.9478649646,0.16239999,2.5263236,0.5850976978752976
2,2,530216.9480588548,0.16239999,2.5264761,0.5853230838912443
2,2,530221.948252745,0.16239999,2.526648,0.58554847055298
2,2,530226.9484466352,0.16239999,2.5267243,0.5857738550888432
2,2,530231.9486405253,0.16239999,2.5268197,0.5859992374867655
2,2,530236.9488344155,0.16239999,2.5269916,0.5862246218674646
2,2,530241.9490283057,0.16239999,2.5272589,0.5864500054933031
2,2,530246.9492221959,0.16239999,2.5272589,0.5866753903010031
2,2,530251.9494160861,0.16239999,2.5272207,0.5869007737516395
2,2,530256.9496099763,0.16239999,2.5273926,0.5871261567155858
2,2,530261.9498038664,0.16239999,2.5275261,0.587351538398153
2,2,530266.9499977566,0.16239999,2.5275834,0.5875769207738744
2,2,530271.9501916468,0.16239999,2.5278316,0.5878023041700553
2,2,530276.950385537,0.16239999,2.52766,0.5880276855254055
2,2,530281.9505794272,0.16239999,2.5279272,0.5882530679635329
2,2,530286.9507733174,0.16239999,2.5282707,0.588478451165527
2,2,530291.9509672076,0.16239999,2.5282326,0.5887038342368792
2,2,530296.9511610977,0.16239999,2.5282898,0.5889292149110759
2,2,530301.9513549879,0.16239999,2.5284617,0.5891545981112726
2,2,530306.9515488781,0.16239999,2.5286524,0.5893799806472708
2,2,530311.9517427683,0.16239999,2.5286715,0.589605362901979
2,2,530316.9519366585,0.16239999,2.5287287,0.589830746383075
2,2,530321.9521305487,0.16239999,2.5288625,0.590056128711519
2,2,530326.9523244388,0.16239999,2.5290916,0.5902815113342585
2,2,530331.952518329,0.16239999,2.5293207,0.5905068957802893
2,2,530336.9527122192,0.16239999,2.5292442,0.590732279782709
2,2,530341.9529061094,0.16239999,2.5294733,0.5909576620600909
2,2,530346.9530999996,0.16239999,2.5296452,0.5911830425861121
2,2,530351.9532938898,0.16239999,2.5298743,0.5914084228771096
2,2,530356.95348778,0.16239999,2.5299125,0.5916338046473992
2,2,530361.9536816701,0.16239999,2.5300844,0.5918591840831363
2,2,530366.9538755603,0.16239999,2.530237,0.5920845644731885
2,2,530371.9540694505,0.16239999,2.530237,0.5923099451198577
2,2,530376.9542633407,0.16239999,2.5304089,0.5925353246422939
2,2,530381.9544572309,0.16239999,2.530466,0.5927607004597335
2,2,530386.954651121,0.16239999,2.5307143,0.5929860768829782
2,2,530391.9548450112,0.16239999,2.5310578,0.5932114556424799
2,2,530396.9550389014,0.16239999,2.531115,0.5934368341310603
2,2,530401.9552327916,0.16239999,2.531115,0.5936622129112498
2,2,530406.9554266818,0.16239999,2.5310578,0.5938875908202487
2,2,530411.955620572,0.16239999,2.5313823,0.5941129702555479
2,2,530416.9558144622,0.16239999,2.5316114,0.5943383507145924
2,2,530421.9560083523,0.16239999,2.5318024,0.594563734541037
2,2,530426.9562022425,0.16239999,2.5318406,0.5947891166007899
2,2,530431.9563961327,0.16239999,2.5322223,0.5950144992075902
2,2,530436.9565900229,0.16239999,2.5323942,0.5952398835130889
2,2,530441.9567839131,0.16239999,2.5324705,0.5954652675719883
2,2,530446.9569778033,0.16239999,2.5326805,0.5956906497757145
2,2,530451.9571716934,0.16239999,2.5328143,0.5959160325639885
2,2,530456.9573655836,0.16239999,2.5329096,0.5961414142292688
2,2,530461.9575594738,0.16239999,2.5329669,0.5963667943934633
2,2,530466.957753364,0.16239999,2.5330815,0.5965921740050474
2,2,530471.9579472542,0.16239999,2.5333295,0.5968175551879622
2,2,530476.9581411444,0.16239999,2.5333295,0.5970429346210651
2,2,530481.9583350345,0.16239999,2.5335205,0.5972683135270328
2,2,530486.9585289247,0.16239999,2.5337687,0.5974936907439589
2,2,530491.9587228149,0.16239999,2.5338068,0.5977190685736372
2,2,530496.9589167051,0.16239999,2.5339596,0.5979444462802668
2,2,530501.9591105953,0.16239999,2.5341313,0.598169824182849
2,2,530506.9593044855,0.16239999,2.5343986,0.5983952018604991
2,2,530511.9594983757,0.16239999,2.534685,0.5986205797747987
2,2,530516.9596922658,0.16239999,2.5347233,0.5988459590668231
2,2,530521.959886156,0.16239999,2.5347996,0.5990713387272938
2,2,530526.9600800462,0.16239999,2.5349905,0.599296717836722
2,2,530531.9602739364,0.16239999,2.5350668,0.5995220996534113
2,2,530536.9604678266,0.16239999,2.5351622,0.5997474801991566
2,2,530541.9606617168,0.16239999,2.535296,0.599972860462861
2,2,530546.960855607,0.16239999,2.5354104,0.6001982389516335
2,2,530551.9610494971,0.16239999,2.5356014,0.6004236177670651
2,2,530556.9612433873,0.16239999,2.535735,0.6006489984957859
2,2,530561.9614372775,0.16239999,2.5360596,0.6008743814570583
2,2,530566.9616311677,0.16239999,2.5362313,0.6010997643617816
2,2,530571.9618250579,0.16239999,2.536346,0.6013251484179251
2,2,530576.962018948,0.16239999,2.5364985,0.6015505351083952
2,2,530581.9622128382,0.16239999,2.5367277,0.6017759197242146
2,2,530586.9624067284,0.16239999,2.5367086,0.602001300742292
2,2,530591.9626006186,0.16239999,2.5368614,0.6022266845750935
2,2,530596.9627945088,0.16239999,2.5369759,0.6024520681149382
2,2,530601.962988399,0.16239999,2.537014,0.6026774490671375
2,2,530606.9631822892,0.16239999,2.5373766,0.6029028316346648
2,2,530611.9633761793,0.16239999,2.5374913,0.6031282159377314
2,2,530616.9635700695,0.16239999,2.537644,0.6033535980753619
2,2,530621.9637639597,0.16239999,2.5377967,0.6035789767582402
2,2,530626.9639578499,0.16239999,2.5377014,0.6038043549735871
2,2,530631.9641517401,0.16239999,2.5380068,0.6040297322715663
2,2,530636.9643456303,0.16239999,2.5381403,0.6042551104030288
2,2,530641.9645395204,0.16239999,2.5382168,0.6044804908947409
2,2,530646.9647334106,0.16239999,2.5382931,0.6047058691434639
2,2,530651.9649273008,0.16239999,2.5386748,0.6049312481935498
2,2,530656.965121191,0.16239999,2.5385795,0.605156626497153
2,2,530661.9653150812,0.16239999,2.5387895,0.605382006087132
2,2,530666.9655089714,0.16239999,2.5390186,0.6056073870067789
2,2,530671.9657028615,0.16239999,2.539133,0.6058327669485023
2,2,530676.9658967517,0.16239999,2.539305,0.60605814553939
2,2,530681.9660906419,0.16239999,2.5394957,0.606283524574891
2,2,530686.9662845321,0.16239999,2.5397058,0.6065089038365428
2,2,530691.9664784223,0.16239999,2.5397248,0.6067342850230372
2,2,530696.9666723125,0.16239999,2.5399349,0.6069596646661223
2,2,530701.9668662027,0.16239999,2.540164,0.6071850459096881
2,2,530706.9670600928,0.16239999,2.5402403,0.6074104248893346
2,2,530711.967253983,0.16239999,2.5402212,0.6076358068259105
2,2,530716.9674478732,0.16239999,2.5404313,0.6078611899022877
2,2,530721.9676417634,0.16239999,2.5403547,0.6080865754524704
2,2,530726.9678356536,0.16239999,2.5406985,0.6083119601957295
2,2,530731.9680295438,0.16239999,2.540832,0.6085373432519289
2,2,530736.9682234339,0.16239999,2.5410993,0.6087627258958115
2,2,530741.9684173241,0.16239999,2.541214,0.6089881080585323
2,2,530746.9686112143,0.16239999,2.5413475,0.6092134901250371
2,2,530751.9688051045,0.16239999,2.5416338,0.6094388705179453
2,2,530756.9689989947,0.16239999,2.5417676,0.6096642506995252
2,2,530761.9691928849,0.16239999,2.541882,0.6098896303696477
2,2,530766.969386775,0.16239999,2.5422447,0.6101150107667689
2,2,530771.9695806652,0.16239999,2.5421493,0.6103403910837334
2,2,530776.9697745554,0.16239999,2.5425694,0.6105657710997209
2,2,530781.9699684456,0.16239999,2.5426075,0.6107911511947334
2,2,530786.9701623358,0.16239999,2.542741,0.6110165320347427
2,2,530791.970356226,0.16239999,2.542951,0.611241911820085
2,2,530796.9705501162,0.16239999,2.5431993,0.6114672947689075
2,2,530801.9707440063,0.16239999,2.5431802,0.6116926739802853
2,2,530806.9709378965,0.16239999,2.5432184,0.6119180537001262
2,2,530811.9711317867,0.16239999,2.5435429,0.6121434344113481
2,2,530816.9713256769,0.16239999,2.543791,0.612368815697311
2,2,530821.9715195671,0.16239999,2.5438673,0.6125941962455979
2,2,530826.9717134573,0.16239999,2.5441346,0.6128195778850272
2,2,530831.9719073474,0.16239999,2.5440965,0.6130449615225109
2,2,530836.9721012376,0.16239999,2.5442302,0.613270345603661
2,2,530841.9722951278,0.16239999,2.5444975,0.6134957279532945
2,2,530846.972489018,0.16239999,2.544612,0.6137211098545372
2,2,530851.9726829082,0.16239999,2.545013,0.613946491620609
2,2,530856.9728767984,0.16239999,2.545051,0.614171874729922
2,2,530861.9730706885,0.16239999,2.5453756,0.6143972593093239
2,2,530866.9732645787,0.16239999,2.5453565,0.6146226420247469
2,2,530871.9734584689,0.16239999,2.5455475,0.6148480232048587
2,2,530876.9736523591,0.16239999,2.5459101,0.6150734064372676
2,2,530881.9738462493,0.16239999,2.545891,0.6152987892661795
2,2,530886.9740401395,0.16239999,2.5459673,0.615524172007082
2,2,530891.9742340297,0.16239999,2.5462155,0.615749552908763
2,2,530896.9744279198,0.16239999,2.5462155,0.6159749345155016
2,2,530901.97462181,0.16239999,2.5463493,0.616200313894245
2,2,530906.9748157002,0.16239999,2.5463493,0.6164256941922874
2,2,530911.9750095904,0.16239999,2.546559,0.6166510712771909
2,2,530916.9752034806,0.16239999,2.5469983,0.6168764483790021
2,2,530921.9753973708,0.16239999,2.5471127,0.6171018270964106
2,2,530926.9755912609,0.16239999,2.5471892,0.6173272071552655
2,2,530931.9757851511,0.16239999,2.547399,0.6175525877642869
2,2,530936.9759790413,0.16239999,2.5473037,0.6177779688871881
2,2,530941.9761729315,0.16239999,2.5475137,0.6180033502159099
2,2,530946.9763668217,0.16239999,2.5476282,0.6182287343901459
2,2,530951.9765607119,0.16239999,2.5478382,0.6184541173107414
2,2,530956.976754602,0.16239999,2.547953,0.6186795009117803
2,2,530961.9769484922,0.16239999,2.5481818,0.6189048856910018
2,2,530966.9771423824,0.16239999,2.5482392,0.6191302699612228
2,2,530971.9773362726,0.16239999,2.54843,0.619355651273406
2,2,530976.9775301628,0.16239999,2.5487545,0.6195810313988698
2,2,530981.977724053,0.16239999,2.548831,0.6198064120096827
2,2,530986.9779179431,0.16239999,2.5492318,0.6200317918717718
2,2,530991.9781118333,0.16239999,2.5493274,0.6202571746217399
2,2,530996.9783057235,0.16239999,2.5493846,0.6204825550411771
2,2,531001.9784996137,0.16239999,2.549709,0.6207079340018486
2,2,531006.9786935039,0.16239999,2.549862,0.6209333148986794
2,2,531011.9788873941,0.16239999,2.5499382,0.6211586961169853
2,2,531016.9790812843,0.16239999,2.5501482,0.6213840782662065
2,2,531021.9792751744,0.16239999,2.5500717,0.621609459372805
2,2,531026.9794690646,0.16239999,2.5503964,0.6218348448108987
2,2,531031.9796629548,0.16239999,2.5506063,0.6220602321980468
2,2,531036.979856845,0.16239999,2.5508354,0.6222856178353724
2,2,531041.9800507352,0.16239999,2.5508544,0.622511002818094
2,2,531046.9802446254,0.16239999,2.5510836,0.6227363870980414
2,2,531051.9804385155,0.16239999,2.5511026,0.622961771725968
2,2,531056.9806324057,0.16239999,2.5513508,0.6231871557551958
2,2,531061.9808262959,0.16239999,2.5515227,0.6234125380006503
2,2,531066.9810201861,0.16239999,2.55158,0.6236379219391623
2,2,531071.9812140763,0.16239999,2.5519426,0.6238633074905421
2,2,531076.9814079665,0.16239999,2.5520573,0.624088694619026
2,2,531081.9816018566,0.16239999,2.5519617,0.6243140819675447
2,2,531086.9817957468,0.16239999,2.5523818,0.6245394700857115
2,2,531091.981989637,0.16239999,2.5524008,0.6247648571535079
2,2,531096.9821835272,0.16239999,2.5524008,0.6249902446021938
2,2,531101.9823774174,0.16239999,2.5527635,0.625215629872296
2,2,531106.9825713076,0.16239999,2.5529735,0.6254410168644607
2,2,531111.9827651978,0.16239999,2.5531263,0.6256664025204434
2,2,531116.9829590879,0.16239999,2.5532598,0.6258917888587195
2,2,531121.9831529781,0.16239999,2.5534317,0.626117173384733
2,2,531126.9833468683,0.16239999,2.5536034,0.6263425595391438
2,2,531131.9835407585,0.16239999,2.5539281,0.6265679459236003
2,2,531136.9837346487,0.16239999,2.5539663,0.6267933335321044
2,2,531141.9839285389,0.16239999,2.5543861,0.6270187217230486
2,2,531146.984122429,0.16239999,2.5544243,0.6272441104167348
2,2,531151.9843163192,0.16239999,2.5545008,0.6274694992275325
2,2,531156.9845102094,0.16239999,2.5548062,0.6276948888794627
2,2,531161.9847040996,0.16239999,2.5550354,0.6279202778623075
2,2,531166.9848979898,0.16239999,2.5552452,0.6281456659300638
2,2,531171.98509188,0.16239999,2.555226,0.6283710554377028
2,2,531176.9852857701,0.16239999,2.555417,0.6285964458000053
2,2,531181.9854796603,0.16239999,2.5557034,0.6288218361146928
2,2,531186.9856735505,0.16239999,2.5557415,0.6290472270096157
2,2,531191.9858674407,0.16239999,2.556028,0.6292726156015245
2,2,531196.9860613309,0.16239999,2.5561426,0.6294980050705818
2,2,531201.9862552211,0.16239999,2.5563142,0.6297233934631669
2,2,531206.9864491113,0.16239999,2.5565243,0.6299487785174712
2,2,531211.9866430014,0.16239999,2.5565434,0.6301741624645348
2,2,531216.9868368916,0.16239999,2.5569062,0.6303995487925417
2,2,531221.9870307818,0.16239999,2.5570397,0.6306249340399991
2,2,531226.987224672,0.16239999,2.5572307,0.6308503212125217
2,2,531231.9874185622,0.16239999,2.5574214,0.6310757091813376
2,2,531236.9876124524,0.16239999,2.5578415,0.6313010986616676
2,2,531241.9878063425,0.16239999,2.5578225,0.6315264877962551
2,2,531246.9880002327,0.16239999,2.5578988,0.6317518773798784
2,2,531251.9881941229,0.16239999,2.558185,0.6319772660339432
2,2,531256.9883880131,0.16239999,2.5582616,0.6322026536250859
2,2,531261.9885819033,0.16239999,2.5585096,0.6324280423347974
2,2,531266.9887757935,0.16239999,2.5584905,0.6326534311148913
2,2,531271.9889696836,0.16239999,2.5588915,0.63287881906304
2,2,531276.9891635738,0.16239999,2.5587387,0.6331042085558108
2,2,531281.989357464,0.16239999,2.5591397,0.6333296002736893
2,2,531286.9895513542,0.16239999,2.559197,0.6335549918496939
2,2,531291.9897452444,0.16239999,2.5593307,0.6337803827261841
2,2,531296.9899391346,0.16239999,2.5595214,0.6340057745226563
2,2,531301.9901330248,0.16239999,2.5597887,0.6342311680458237
2,2,531306.9903269149,0.16239999,2.560037,0.634456560915461
2,2,531311.9905208051,0.16239999,2.560037,0.6346819529317526
2,2,531316.9907146953,0.16239999,2.5603423,0.6349073420362729
2,2,531321.9909085855,0.16239999,2.5603232,0.6351327340461611
2,2,531326.9911024757,0.16239999,2.5606477,0.6353581285017588
2,2,531331.9912963659,0.16239999,2.5607624,0.635583520561897
2,2,531336.991490256,0.16239999,2.560896,0.6358089125764261
2,2,531341.9916841462,0.16239999,2.5609534,0.6360343072036885
2,2,531346.9918780364,0.16239999,2.5612013,0.6362596981601822
2,2,531351.9920719266,0.16239999,2.5613923,0.6364850891776217
2,2,531356.9922658172,0.16239999,2.561526,0.6367104815731611
2,2,531361.9924597079,0.16239999,2.5617359,0.6369358725315183
2,2,531366.9926535985,0.16239999,2.561946,0.6371612644249399
2,2,531371.9928474892,0.16239999,2.562156,0.6373866563428507
2,2,531376.9930413798,0.16239999,2.562347,0.6376120469730852
2,2,531381.9932352705,0.16239999,2.5624995,0.6378374363186102
2,2,531386.9934291611,0.16239999,2.5629005,0.6380628247355826
2,2,531391.9936230518,0.16239999,2.563034,0.6382882157048657
2,2,531396.9938169424,0.16239999,2.5631297,0.6385136043997192
2,2,531401.9940108331,0.16239999,2.5633204,0.6387389929905236
2,2,531406.9942047237,0.16239999,2.5635304,0.6389643829873205
2,2,531411.9943986144,0.16239999,2.5637786,0.639189772820294
2,2,531416.994592505,0.16239999,2.5638168,0.6394151646345292
2,2,531421.9947863952,0.16239999,2.564084,0.6396405554580118
2,2,531426.9949802859,0.16239999,2.5642178,0.6398659464251325
2,2,531431.9951741765,0.16239999,2.5643895,0.6400913369092851
2,2,531436.9953680672,0.16239999,2.5644276,0.6403167265845671
2,2,531441.9955619578,0.16239999,2.5647714,0.640542116622194
2,2,531446.9957558485,0.16239999,2.5649621,0.6407675096995451
2,2,531451.9959497391,0.16239999,2.564924,0.6409929031123537
2,2,531456.9961436295,0.16239999,2.5652485,0.6412182969267486
2,2,531461.99633752,0.16239999,2.5652869,0.6414436908384596
2,2,531466.9965314104,0.16239999,2.5656114,0.6416690842200884
2,2,531471.9967253008,0.16239999,2.5655541,0.6418944790843238
2,2,531476.9969191912,0.16239999,2.565764,0.6421198735362823
2,2,531481.9971130816,0.16239999,2.5660121,0.6423452691004684
2,2,531486.997306972,0.16239999,2.566165,0.6425706661935848
2,2,531491.9975008625,0.16239999,2.5665467,0.6427960633336531
2,2,531496.9976947529,0.16239999,2.566394,0.6430214628950062
2,2,531501.9978886435,0.16239999,2.5666614,0.643246864752177
2,2,531506.9980825341,0.16239999,2.5671194,0.6434722663292151
2,2,531511.9982764246,0.16239999,2.5671575,0.6436976684768144
2,2,531516.9984703151,0.16239999,2.5675013,0.6439230702659465
2,2,531521.9986642057,0.16239999,2.5675013,0.6441484689541337
2,2,531526.9988580962,0.16239999,2.5675585,0.6443738663047538
2,2,531531.9990519867,0.16239999,2.567883,0.6445992587233487
2,2,531536.9992458771,0.16239999,2.5679402,0.6448246511160701
2,2,531541.9994397677,0.16239999,2.568303,0.6450500445279375
2,2,531546.9996336582,0.16239999,2.5684557,0.6452754393685215
2,2,531551.9998275487,0.16239999,2.568723,0.6455008336192282
2,2,531557.0000214393,0.16239999,2.5688186,0.6457262273281551
2,2,531562.0002153298,0.16239999,2.5690284,0.6459516197601245
2,2,531567.0004092203,0.16239999,2.5692194,0.6461770096405739
2,2,531572.0006031108,0.16239999,2.569353,0.646402398382654
2,2,531577.0007970014,0.16239999,2.5694866,0.646627789345874
2,2,531582.0009908918,0.16239999,2.5697348,0.6468531795583212
2,2,531587.0011847819,0.16239999,2.569811,0.647078568679482
2,2,531592.0013786724,0.16239999,2.570002,0.6473039585666667
2,2,531597.001572563,0.16239999,2.5704029,0.647529350098163
2,2,531602.0017664535,0.16239999,2.5705748,0.6477547413557099
2,2,531607.0019603439,0.16239999,2.570632,0.6479801316345832
2,2,531612.0021542343,0.16239999,2.5709374,0.6482055224247734
2,2,531617.002348125,0.16239999,2.571052,0.6484309132740673
2,2,531622.0025420154,0.16239999,2.5711856,0.6486563042060768
2,2,531627.0027359058,0.16239999,2.5715103,0.6488816970814311
2,2,531632.0029297962,0.16239999,2.5715485,0.6491070886324041
2,2,531637.0031236866,0.16239999,2.5718348,0.6493324789474135
2,2,531642.0033175771,0.16239999,2.572083,0.6495578694420996
2,2,531647.0035114675,0.16239999,2.5720255,0.6497832557046977
2,2,531652.0037053579,0.16239999,2.5722547,0.6500086409286494
2,2,531657.0038992483,0.16239999,2.5723693,0.6502340234229359
2,2,531662.004093139,0.16239999,2.5726557,0.6504594080161056
2,2,531667.0042870296,0.16239999,2.5728273,0.6506847955779608
2,2,531672.0044809203,0.16239999,2.5730183,0.65091018333232
2,2,531677.0046748109,0.16239999,2.5732093,0.6511355718906142
2,2,531682.0048687016,0.16239999,2.573381,0.6513609610783964
2,2,531687.0050625922,0.16239999,2.5735147,0.6515863528063331
2,2,531692.0052564829,0.16239999,2.573572,0.6518117433686953
2,2,531697.0054503735,0.16239999,2.573801,0.6520371334692995
2,2,531702.0056442642,0.16239999,2.573782,0.6522625229103236
2,2,531707.0058381548,0.16239999,2.5740874,0.6524879116028616
2,2,531712.0060320455,0.16239999,2.5742784,0.6527133009678243
2,2,531717.0062259361,0.16239999,2.5744884,0.652938693246575
2,2,531722.0064198268,0.16239999,2.574641,0.6531640846467666
2,2,531727.0066137174,0.16239999,2.57466,0.6533894768801581
2,2,531732.0068076081,0.16239999,2.575061,0.653614871517223
2,2,531737.0070014987,0.16239999,2.5752137,0.6538402662600413
2,2,531742.0071953894,0.16239999,2.57529,0.6540656580930131
2,2,531747.00738928,0.16239999,2.5753474,0.654291049400579
2,2,531752.0075831702,0.16239999,2.5755572,0.6545164379938405
2,2,531757.0077770608,0.16239999,2.5758245,0.6547418277754836
2,2,531762.0079709515,0.16239999,2.5759773,0.654967217676456
2,2,531767.0081648417,0.16239999,2.5761874,0.6551926073128286
2,2,531772.0083587319,0.16239999,2.5762064,0.6554179979261056
2,2,531777.008552622,0.16239999,2.5763974,0.6556433879092356
2,2,531782.0087465122,0.16239999,2.5767791,0.6558687799541457
2,2,531787.0089404024,0.16239999,2.5767982,0.6560941721352731
2,2,531792.0091342926,0.16239999,2.5770655,0.6563195625065883
2,2,531797.0093281828,0.16239999,2.5771608,0.656544954659776
2,2,531802.009522073,0.16239999,2.5772946,0.6567703466886269
2,2,531807.0097159632,0.16239999,2.5776572,0.6569957401517037
2,2,531812.0099098533,0.16239999,2.5779817,0.657221131869684
2,2,531817.0101037435,0.16239999,2.5779436,0.6574465245097043
2,2,531822.0102976337,0.16239999,2.5781536,0.6576719178946104
2,2,531827.0104915239,0.16239999,2.5783446,0.6578973106033226
2,2,531832.0106854141,0.16239999,2.5786119,0.6581227044155014
2,2,531837.0108793043,0.16239999,2.578631,0.6583480986566944
2,2,531842.0110731944,0.16239999,2.5787835,0.6585734940099264
2,2,531847.0112670846,0.16239999,2.57886,0.6587988873866502
2,2,531852.0114609748,0.16239999,2.5790508,0.6590242825180577
2,2,531857.011654865,0.16239999,2.5793562,0.6592496774524487
2,2,531862.0118487552,0.16239999,2.5796235,0.6594750738370149
2,2,531867.0120426454,0.16239999,2.5797381,0.6597004686478015
2,2,531872.0122365355,0.16239999,2.5798717,0.6599258619781413
2,2,531877.0124304257,0.16239999,2.5800817,0.6601512565526477
2,2,531882.0126243159,0.16239999,2.5801198,0.6603766504473607
2,2,531887.0128182061,0.16239999,2.5801773,0.660602042777056
2,2,531892.0130120963,0.16239999,2.5804446,0.6608274357883173
2,2,531897.0132059865,0.16239999,2.5807881,0.6610528299052347
2,2,531902.0133998767,0.16239999,2.5808644,0.6612782228828309
2,2,531907.0135937668,0.16239999,2.5810935,0.6615036166947927
2,2,531912.013787657,0.16239999,2.5813227,0.6617290115839778
2,2,531917.0139815472,0.16239999,2.5813417,0.6619544058486717
2,2,531922.0141754374,0.16239999,2.5817235,0.6621797981867878
2,2,531927.0143693276,0.16239999,2.5820863,0.6624051912065303
2,2,531932.0145632178,0.16239999,2.5821054,0.6626305857108448
2,2,531937.014757108,0.16239999,2.5822008,0.6628559815424339
2,2,531942.0149509981,0.16239999,2.5825634,0.663081380397596
2,2,531947.0151448883,0.16239999,2.5826972,0.6633067792567351
2,2,531952.0153387785,0.16239999,2.5830026,0.663532177851593
2,2,531957.0155326687,0.16239999,2.583117,0.6637575753607556
2,2,531962.0157265589,0.16239999,2.5833461,0.6639829724572885
2,2,531967.015920449,0.16239999,2.583499,0.6642083680210656
2,2,531972.0161143392,0.16239999,2.5835752,0.6644337612703447
2,2,531977.0163082294,0.16239999,2.5837853,0.6646591546275753
2,2,531982.0165021196,0.16239999,2.5840335,0.6648845483268976
2,2,531987.0166960098,0.16239999,2.5841289,0.6651099421695806
2,2,531992.0168899,0.16239999,2.5843008,0.6653353341522238
2,2,531997.0170837902,0.16239999,2.584549,0.6655607272609734
2,2,532002.0172776803,0.16239999,2.5846062,0.6657861215744909
2,2,532007.0174715705,0.16239999,2.5847971,0.6660115157500361
2,2,532012.0176654607,0.16239999,2.5849307,0.6662369107930161
2,2,532017.0178593509,0.16239999,2.5851789,0.6664623068128399
2,2,532022.0180532411,0.16239999,2.585599,0.6666877044921126
2,2,532027.0182471313,0.16239999,2.585599,0.6669130999977867
2,2,532032.0184410214,0.16239999,2.5858088,0.6671384963307502
2,2,532037.0186349116,0.16239999,2.5859425,0.6673638929730162
2,2,532042.0188288018,0.16239999,2.5862098,0.667589289630195
2,2,532047.019022692,0.16239999,2.586248,0.6678146860534198
2,2,532052.0192165822,0.16239999,2.5865152,0.6680400807609025
2,2,532057.0194104724,0.16239999,2.586687,0.6682654775881789
2,2,532062.0196043625,0.16239999,2.5868397,0.6684908765424404
2,2,532067.0197982527,0.16239999,2.5871642,0.6687162737997858
2,2,532072.0199921429,0.16239999,2.5872216,0.6689416706854607
2,2,532077.0201860331,0.16239999,2.587527,0.6691670698310482
2,2,532082.0203799233,0.16239999,2.587527,0.6693924680184571
2,2,532087.0205738135,0.16239999,2.5878897,0.6696178665831195
2,2,532092.0207677037,0.16239999,2.5881188,0.669843264448309
2,2,532097.0209615938,0.16239999,2.588367,0.6700686603125597
2,2,532102.021155484,0.16239999,2.5886343,0.670294055686323
2,2,532107.0213493742,0.16239999,2.5887868,0.6705194512235977
2,2,532112.0215432644,0.16239999,2.589054,0.670744849467318
2,2,532117.0217371546,0.16239999,2.589245,0.6709702467935805
2,2,532122.0219310448,0.16239999,2.589398,0.6711956471765447
2,2,532127.0221249349,0.16239999,2.5895886,0.6714210448958211
2,2,532132.0223188251,0.16239999,2.589894,0.671646443940531
2,2,532137.0225127153,0.16239999,2.5900278,0.6718718420719114
2,2,532142.0227066055,0.16239999,2.590295,0.67209723655651
2,2,532147.0229004957,0.16239999,2.5903904,0.672322632204482
2,2,532152.0230943859,0.16239999,2.5906386,0.6725480268221876
2,2,532157.023288276,0.16239999,2.5908678,0.6727734225606957
2,2,532162.0234821662,0.16239999,2.5910397,0.6729988197074075
2,2,532167.0236760564,0.16239999,2.5912685,0.6732242183993921
2,2,532172.0238699466,0.16239999,2.5915167,0.6734496137196834
2,2,532177.0240638368,0.16239999,2.5914595,0.6736750076048248
2,2,532182.024257727,0.16239999,2.5918224,0.6739004044318835
2,2,532187.0244516172,0.16239999,2.5920322,0.6741258033570199
2,2,532192.0246455073,0.16239999,2.592204,0.6743512045533051
2,2,532197.0248393975,0.16239999,2.5925667,0.6745766036008743
2,2,532202.0250332877,0.16239999,2.592853,0.6748020052096328
2,2,532207.0252271779,0.16239999,2.592853,0.6750274091731316
2,2,532212.0254210681,0.16239999,2.593044,0.6752528115599311
2,2,532217.0256149583,0.16239999,2.5933876,0.67547821357304
2,2,532222.0258088484,0.16239999,2.5937123,0.6757036142696008
2,2,532227.0260027386,0.16239999,2.5938458,0.6759290147549061
2,2,532232.0261966288,0.16239999,2.593865,0.6761544171114346
2,2,532237.026390519,0.16239999,2.5939412,0.6763798206700887
2,2,532242.0265844092,0.16239999,2.5941513,0.6766052217412101
2,2,532247.0267782994,0.16239999,2.5944567,0.6768306228453763
2,2,532252.0269721895,0.16239999,2.5945904,0.6770560250329233
2,2,532257.0271660797,0.16239999,2.5947812,0.6772814255818789
2,2,532262.0273599699,0.16239999,2.595144,0.6775068276742148
2,2,532267.0275538601,0.16239999,2.5954494,0.6777322297217363
2,2,532272.0277477503,0.16239999,2.5955448,0.6779576336865215
2,2,532277.0279416405,0.16239999,2.5958693,0.6781830353599609
2,2,532282.0281355307,0.16239999,2.595965,0.6784084388301154
2,2,532287.0283294208,0.16239999,2.5962512,0.6786338415072855
2,2,532292.028523311,0.16239999,2.5964038,0.6788592433420879
2,2,532297.0287172012,0.16239999,2.5964994,0.6790846444233131
2,2,532302.0289110914,0.16239999,2.5969958,0.6793100440798953
2,2,532307.0291049816,0.16239999,2.5972056,0.6795354418141251
2,2,532312.0292988718,0.16239999,2.5973585,0.6797608458784153
2,2,532317.0294927619,0.16239999,2.597702,0.679986248407804
2,2,532322.0296866521,0.16239999,2.5977592,0.6802116547623679
2,2,532327.0298805423,0.16239999,2.5979311,0.6804370567141602
2,2,532332.0300744325,0.16239999,2.598084,0.6806624547516725
2,2,532337.0302683227,0.16239999,2.5982938,0.6808878566805171
2,2,532342.0304622129,0.16239999,2.5986376,0.6811132576427573
2,2,532347.030656103,0.16239999,2.598962,0.6813386589923665
2,2,532352.0308499932,0.16239999,2.599134,0.6815640597277729
2,2,532357.0310438834,0.16239999,2.599382,0.6817894624281036
2,2,532362.0312377736,0.16239999,2.5996685,0.6820148655355737
2,2,532367.0314316638,0.16239999,2.5998402,0.6822402672464656
2,2,532372.031625554,0.16239999,2.6000693,0.6824656679649823
2,2,532377.0318194441,0.16239999,2.6001456,0.6826910676565964
2,2,532382.0320133343,0.16239999,2.600642,0.6829164674217004
2,2,532387.0322072245,0.16239999,2.6007757,0.6831418682399448
2,2,532392.0324011147,0.16239999,2.6011765,0.6833672684063752
2,2,532397.0325950049,0.16239999,2.6011765,0.6835926716935922
2,2,532402.0327888951,0.16239999,2.6015775,0.683818074888465
2,2,532407.0329827853,0.16239999,2.6017492,0.6840434799349281
2,2,532412.0331766754,0.16239999,2.601902,0.6842688812449895
2,2,532417.0333705656,0.16239999,2.6019592,0.6844942848878095
2,2,532422.0335644558,0.16239999,2.6024747,0.6847196872164382
2,2,532427.033758346,0.16239999,2.602742,0.6849450900723741
2,2,532432.0339522362,0.16239999,2.6028945,0.68517049290949
2,2,532437.0341461264,0.16239999,2.6032383,0.6853958941109368
2,2,532442.0343400165,0.16239999,2.6035056,0.6856212940431359
2,2,532447.0345339067,0.16239999,2.6037347,0.6858466936678097
2,2,532452.0347277969,0.16239999,2.603811,0.6860720944927704
2,2,532457.0349216871,0.16239999,2.6041546,0.6862974976714135
2,2,532462.0351155773,0.16239999,2.6041927,0.6865228978028278
2,2,532467.0353094675,0.16239999,2.6046891,0.68674829923527
2,2,532472.0355033576,0.16239999,2.6049373,0.6869736998001517
2,2,532477.0356972478,0.16239999,2.6050327,0.6871990978895374
2,2,532482.035891138,0.16239999,2.605319,0.6874244973829253
2,2,532487.0360850282,0.16239999,2.6055481,0.6876498967087084
2,2,532492.0362789184,0.16239999,2.605701,0.6878752968266413
2,2,532497.0364728086,0.16239999,2.60614,0.6881006970560017
2,2,532502.0366666988,0.16239999,2.6062737,0.688326094444811
2,2,532507.0368605889,0.16239999,2.606579,0.6885514930649603
2,2,532512.0370544791,0.16239999,2.60677,0.688776890025737
2,2,532517.0372483693,0.16239999,2.6068654,0.6890022860905359
2,2,532522.0374422595,0.16239999,2.6071136,0.6892276823435861
2,2,532527.0376361497,0.16239999,2.6073427,0.6894530796414858
2,2,532532.0378300399,0.16239999,2.60761,0.6896784756432627
2,2,532537.03802393,0.16239999,2.6078963,0.6899038722515036
2,2,532542.0382178202,0.16239999,2.6080682,0.6901292679813492
2,2,532547.0384117104,0.16239999,2.6083546,0.6903546630443571
2,2,532552.0386056006,0.16239999,2.608488,0.6905800577606357
2,2,532557.0387994908,0.16239999,2.6088126,0.6908054519267278
2,2,532562.038993381,0.16239999,2.6090417,0.6910308481560785
2,2,532567.0391872711,0.16239999,2.6092708,0.6912562423670678
2,2,532572.0393811613,0.16239999,2.6094809,0.6914816393725919
2,2,532577.0395750515,0.16239999,2.6097481,0.6917070356772597
2,2,532582.0397689417,0.16239999,2.6097672,0.6919324345267461
2,2,532587.0399628319,0.16239999,2.6099582,0.6921578352540281
2,2,532592.0401567221,0.16239999,2.6103208,0.6923832323810793
2,2,532597.0403506123,0.16239999,2.6105309,0.6926086301145136
2,2,532602.0405445024,0.16239999,2.6108363,0.692834025999813
2,2,532607.0407383926,0.16239999,2.6111798,0.6930594210332769
2,2,532612.0409322828,0.16239999,2.6113136,0.6932848143706575
2,2,532617.041126173,0.16239999,2.6114852,0.6935102081440369
2,2,532622.0413200632,0.16239999,2.6116,0.6937355988511
2,2,532627.0415139534,0.16239999,2.6119244,0.6939609891813865
2,2,532632.0417078435,0.16239999,2.612096,0.6941863849881924
2,2,532637.0419017337,0.16239999,2.6124017,0.6944117844130251
2,2,532642.0420956239,0.16239999,2.6127071,0.6946371782178965
2,2,532647.0422895141,0.16239999,2.6128216,0.6948625771915742
2,2,532652.0424834043,0.16239999,2.6128979,0.6950879748511185
2,2,532657.0426772945,0.16239999,2.6130507,0.6953133702284399
2,2,532662.0428711846,0.16239999,2.6133752,0.6955387627714975
2,2,532667.0430650748,0.16239999,2.6135852,0.6957641554568347
2,2,532672.043258965,0.16239999,2.6137187,0.6959895526635435
2,2,532677.0434528552,0.16239999,2.6141198,0.6962149489697188
2,2,532682.0436467454,0.16239999,2.6142342,0.6964403458154586
2,2,532687.0438406356,0.16239999,2.6145205,0.6966657396587899
2,2,532692.0440345258,0.16239999,2.6146734,0.6968911326381353
2,2,532697.0442284159,0.16239999,2.6148643,0.6971165271323476
2,2,532702.0444223061,0.16239999,2.6149406,0.6973419208802403
2,2,532707.0446161963,0.16239999,2.615055,0.6975673189815891
2,2,532712.0448100865,0.16239999,2.6152842,0.6977927167759442
2,2,532717.0450039767,0.16239999,2.6155705,0.6980181127812916
2,2,532722.0451978669,0.16239999,2.6157424,0.6982435079285679
2,2,532727.045391757,0.16239999,2.6159716,0.6984689027927662
2,2,532732.0455856472,0.16239999,2.616277,0.6986942996590596
2,2,532737.0457795374,0.16239999,2.6164105,0.6989196964265525
2,2,532742.0459734276,0.16239999,2.6166778,0.6991450923464417
2,2,532747.0461673178,0.16239999,2.616964,0.6993704876978417
2,2,532752.046361208,0.16239999,2.617117,0.6995958830135799
2,2,532757.0465550981,0.16239999,2.6175177,0.6998212830307206
2,2,532762.0467489883,0.16239999,2.6178997,0.7000466835471395
2,2,532767.0469428785,0.16239999,2.6178615,0.7002720842786004
2,2,532772.0471367687,0.16239999,2.618205,0.7004974829744559
2,2,532777.0473306589,0.16239999,2.6186059,0.7007228820980914
2,2,532782.0475245491,0.16239999,2.6186633,0.7009482802045282
2,2,532787.0477184393,0.16239999,2.6189878,0.7011736775148654
2,2,532792.0479123294,0.16239999,2.619236,0.7013990737597928
2,2,532797.0481062196,0.16239999,2.6195223,0.7016244716047639
2,2,532802.0483001098,0.16239999,2.6197133,0.7018498689515229
2,2,532807.048494,0.16239999,2.619904,0.7020752667571574
2,2,532812.0486878902,0.16239999,2.6202285,0.7023006687480471
2,2,532817.0488817804,0.16239999,2.6204195,0.7025260685160767
2,2,532822.0490756705,0.16239999,2.620515,0.7027514686371802
2,2,532827.0492695607,0.16239999,2.6207824,0.7029768679929436
2,2,532832.0494634509,0.16239999,2.620935,0.7032022679535219
2,2,532837.0496573411,0.16239999,2.6212595,0.703427667155752
2,2,532842.0498512313,0.16239999,2.6214314,0.7036530651133328
2,2,532847.0500451215,0.16239999,2.6217368,0.7038784669817366
2,2,532852.0502390116,0.16239999,2.6219468,0.7041038706963595
2,2,532857.0504329018,0.16239999,2.6221569,0.7043292743519655
2,2,532862.050626792,0.16239999,2.6225767,0.7045546777124432
2,2,532867.0508206822,0.16239999,2.622653,0.7047800806062323
2,2,532872.0510145724,0.16239999,2.6229393,0.705005484329858
2,2,532877.0512084626,0.16239999,2.6233594,0.7052308872593164
2,2,532882.0514023528,0.16239999,2.6236649,0.7054562889616534
2,2,532887.0515962429,0.16239999,2.6238558,0.7056816934232217
2,2,532892.0517901331,0.16239999,2.6242185,0.7059070981134452
2,2,532897.0519840233,0.16239999,2.6245239,0.7061325017683285
2,2,532902.0521779135,0.16239999,2.6246576,0.7063579061879031
2,2,532907.0523718037,0.16239999,2.6249058,0.7065833096503205
2,2,532912.0525656939,0.16239999,2.6250966,0.7068087155654905
2,2,532917.052759584,0.16239999,2.6252494,0.7070341180219678
2,2,532922.0529534742,0.16239999,2.625631,0.707259523464733
2,2,532927.0531473644,0.16239999,2.6257458,0.707484929383837
2,2,532932.0533412546,0.16239999,2.626013,0.7077103315657297
2,2,532937.0535351448,0.16239999,2.6261847,0.7079357303599817
2,2,532942.053729035,0.16239999,2.6263757,0.7081611306006952
2,2,532947.0539229251,0.16239999,2.6267002,0.7083865325433597
2,2,532952.0541168153,0.16239999,2.6269674,0.7086119349800548
2,2,532957.0543107055,0.16239999,2.6271966,0.7088373367407745
2,2,532962.0545045957,0.16239999,2.6274638,0.7090627424550446
2,2,532967.0546984863,0.16239999,2.627922,0.7092881474410337
2,2,532972.054892377,0.16239999,2.627903,0.7095135519062736
2,2,532977.0550862672,0.16239999,2.6282656,0.7097389539239846
2,2,532982.0552801578,0.16239999,2.6284947,0.7099643558184108
2,2,532987.0554740485,0.16239999,2.6287239,0.7101897576213388
2,2,532992.0556679391,0.16239999,2.628934,0.7104151612500424
2,2,532997.0558618298,0.16239999,2.6292775,0.7106405653178163
2,2,533002.0560557204,0.16239999,2.6295066,0.710865972346065
2,2,533007.0562496111,0.16239999,2.6299264,0.71109137884506
2,2,533012.0564435017,0.16239999,2.6301746,0.7113167843936881
2,2,533017.0566373924,0.16239999,2.630251,0.711542188887501
2,2,533022.056831283,0.16239999,2.6305182,0.7117675911897587
2,2,533027.0570251737,0.16239999,2.6308048,0.7119929941511222
2,2,533032.0572190643,0.16239999,2.6308239,0.7122183952095609
2,2,533037.057412955,0.16239999,2.631072,0.7124437949273902
2,2,533042.0576068456,0.16239999,2.6314728,0.7126691943691092
2,2,533047.0578007363,0.16239999,2.6316257,0.7128945937464868
2,2,533052.0579946269,0.16239999,2.6319501,0.7131199944250278
2,2,533057.0581885176,0.16239999,2.6322365,0.7133453930069946
2,2,533062.0583824082,0.16239999,2.6325228,0.7135707940654781
2,2,533067.0585762989,0.16239999,2.6328092,0.7137961957333131
2,2,533072.0587701893,0.16239999,2.6331146,0.7140215967674621
2,2,533077.0589640797,0.16239999,2.6331909,0.714246997765836
2,2,533082.0591579701,0.16239999,2.6335156,0.7144723988713434
2,2,533087.0593518605,0.16239999,2.6337636,0.7146978010896794
2,2,533092.059545751,0.16239999,2.6339355,0.7149232034158908
2,2,533097.0597396414,0.16239999,2.6341264,0.7151486056165557
2,2,533102.0599335318,0.16239999,2.634489,0.7153740081497905
2,2,533107.0601274222,0.16239999,2.634642,0.7155994125361677
2,2,533112.0603213126,0.16239999,2.6350808,0.7158248139597602
2,2,533117.060515203,0.16239999,2.6351383,0.7160502157686338
2,2,533122.0607090936,0.16239999,2.6353862,0.7162756166304136
2,2,533127.0609029841,0.16239999,2.6356535,0.7165010193483988
2,2,533132.0610968746,0.16239999,2.6358635,0.7167264193282692
2,2,533137.0612907652,0.16239999,2.6362455,0.7169518195188742
2,2,533142.0614846552,0.16239999,2.6364362,0.7171772185032618
2,2,533147.0616785458,0.16239999,2.6366081,0.717402615535805
2,2,533152.0618724363,0.16239999,2.6368754,0.7176280152221034
2,2,533157.0620663268,0.16239999,2.6370473,0.7178534157048201
2,2,533162.0622602174,0.16239999,2.63762,0.7180788145648946
2,2,533167.0624541079,0.16239999,2.6377344,0.7183042113399044
2,2,533172.0626479984,0.16239999,2.638059,0.7185296069666629
2,2,533177.062841889,0.16239999,2.6383452,0.7187550047977627
2,2,533182.0630357794,0.16239999,2.638479,0.7189804015001457
2,2,533187.06322967,0.16239999,2.6389754,0.7192057959602999
2,2,533192.0634235605,0.16239999,2.6392808,0.7194311929831433
2,2,533197.063617451,0.16239999,2.6394143,0.7196565885538345
2,2,533202.0638113415,0.16239999,2.639758,0.719881983743917
2,2,533207.0640052321,0.16239999,2.639968,0.720107379224861
2,2,533212.0641991226,0.16239999,2.6403499,0.720332777514597
2,2,533217.0643930134,0.16239999,2.6407316,0.7205581735206373
2,2,533222.0645869039,0.16239999,2.6409988,0.7207835675569321
2,2,533227.0647807943,0.16239999,2.6413043,0.7210089621046147
2,2,533232.0649746847,0.16239999,2.641438,0.7212343552839304
2,2,533237.0651685752,0.16239999,2.6417625,0.7214597502345215
2,2,533242.0653624656,0.16239999,2.6420298,0.7216851438271291
2,2,533247.065556356,0.16239999,2.6422398,0.7219105380983986
2,2,533252.0657502464,0.16239999,2.6425261,0.722135928961529
2,2,533257.0659441366,0.16239999,2.6425261,0.722361322723937
2,2,533262.066138027,0.16239999,2.642965,0.7225867160591694
2,2,533267.0663319174,0.16239999,2.6433852,0.7228121086944966
2,2,533272.0665258081,0.16239999,2.6434424,0.7230375041903186
2,2,533277.0667196987,0.16239999,2.6438243,0.7232629000778888
2,2,533282.0669135894,0.16239999,2.643786,0.7234882960035465
2,2,533287.06710748,0.16239999,2.6441488,0.7237136885417778
2,2,533292.0673013707,0.16239999,2.644397,0.7239390812641898
2,2,533297.0674952613,0.16239999,2.6445305,0.7241644755831206
2,2,533302.067689152,0.16239999,2.6445878,0.7243898702452757
2,2,533307.0678830422,0.16239999,2.645065,0.7246152647000819
2,2,533312.0680769328,0.16239999,2.6453323,0.7248406604280433
2,2,533317.0682708235,0.16239999,2.6455805,0.725066056924129
2,2,533322.0684647141,0.16239999,2.6458478,0.7252914530317455
2,2,533327.0686586048,0.16239999,2.646325,0.7255168485973554
2,2,533332.0688524954,0.16239999,2.646516,0.7257422437563235
2,2,533337.069046386,0.16239999,2.6468024,0.725967637496114
2,2,533342.0692402767,0.16239999,2.6472604,0.7261930332596951
2,2,533347.0694341674,0.16239999,2.6474705,0.7264184284473354
2,2,533352.069628058,0.16239999,2.6477568,0.7266438233607124
2,2,533357.0698219487,0.16239999,2.6481578,0.7268692182581808
2,2,533362.0700158393,0.16239999,2.6483104,0.7270946116784573
2,2,533367.07020973,0.16239999,2.6488068,0.7273200068795949
2,2,533372.0704036206,0.16239999,2.649055,0.7275454039588076
2,2,533377.0705975108,0.16239999,2.649246,0.7277708024491563
2,2,533382.070791401,0.16239999,2.6495895,0.72799620452071
2,2,533387.0709852912,0.16239999,2.649895,0.7282216040339927
2,2,533392.0711791813,0.16239999,2.6501431,0.7284470003393626
2,2,533397.0713730715,0.16239999,2.6505249,0.7286723963652901
2,2,533402.0715669617,0.16239999,2.6507158,0.7288977950106075
2,2,533407.0717608519,0.16239999,2.6510594,0.7291231911517873
2,2,533412.0719547421,0.16239999,2.6513076,0.7293485881556523
2,2,533417.0721486323,0.16239999,2.6515367,0.7295739841645544
2,2,533422.0723425224,0.16239999,2.651785,0.7297993809769818
2,2,533427.0725364126,0.16239999,2.6521666,0.7300247783042162
2,2,533432.0727303028,0.16239999,2.6525295,0.7302501771204375
2,2,533437.072924193,0.16239999,2.6527202,0.7304755746613653
2,2,533442.0731180832,0.16239999,2.653083,0.7307009733784872
2,2,533447.0733119734,0.16239999,2.653503,0.7309263721450727
2,2,533452.0735058635,0.16239999,2.6538277,0.7311517713678208
2,2,533457.0736997537,0.16239999,2.653904,0.731377170305177
2,2,533462.0738936439,0.16239999,2.6542857,0.7316025686533387
2,2,533467.0740875341,0.16239999,2.6544576,0.7318279648236394
2,2,533472.0742814243,0.16239999,2.6549158,0.7320533630917199
2,2,533477.0744753145,0.16239999,2.655183,0.7322787608533885
2,2,533482.0746692047,0.16239999,2.655393,0.7325041550484765
2,2,533487.0748630948,0.16239999,2.655641,0.7327295508528313
2,2,533492.075056985,0.16239999,2.656004,0.73295494636109
2,2,533497.0752508752,0.16239999,2.656481,0.7331803410473617
2,2,533502.0754447654,0.16239999,2.6565766,0.7334057337559828
2,2,533507.0756386556,0.16239999,2.6568058,0.7336311268977301
2,2,533512.0758325458,0.16239999,2.6569202,0.7338565213175642
2,2,533517.0760264359,0.16239999,2.657321,0.7340819052059289
2,2,533522.0762203261,0.16239999,2.6575882,0.7343072857041932
2,2,533527.0764142163,0.16239999,2.6577983,0.7345326672473983
2,2,533532.0766081065,0.16239999,2.6582565,0.7347580498908786
2,2,533537.0768019967,0.16239999,2.658562,0.7349834326075732
2,2,533542.0769958869,0.16239999,2.6589246,0.7352088150841124
2,2,533547.077189777,0.16239999,2.6591346,0.7354341952243383
2,2,533552.0773836672,0.16239999,2.6595929,0.7356595765329162
2,2,533557.0775775574,0.16239999,2.6600127,0.7358849601665588
2,2,533562.0777714476,0.16239999,2.660299,0.7361103378823567
2,2,533567.0779653378,0.16239999,2.6605282,0.7363357181132156
2,2,533572.078159228,0.16239999,2.660853,0.7365610984040907
2,2,533577.0783531182,0.16239999,2.66133,0.7367864781020146
2,2,533582.0785470083,0.16239999,2.6614447,0.737011858390084
2,2,533587.0787408985,0.16239999,2.6619983,0.737237240852497
2,2,533592.0789347887,0.16239999,2.6621318,0.7374626222605054
2,2,533597.0791286789,0.16239999,2.66238,0.7376880108689602
2,2,533602.0793225691,0.16239999,2.6627045,0.7379134071658413
2,2,533607.0795164593,0.16239999,2.662781,0.7381388040115041
2,2,533612.0797103494,0.16239999,2.66322,0.7383641998703706
2,2,533617.0799042396,0.16239999,2.6635637,0.738589596826821
2,2,533622.0800981298,0.16239999,2.6639073,0.7388149965516588
2,2,533627.08029202,0.16239999,2.6640599,0.7390403959495445
2,2,533632.0804859102,0.16239999,2.664308,0.7392657967783514
2,2,533637.0806798004,0.16239999,2.66448,0.7394911960301029
2,2,533642.0808736905,0.16239999,2.6648235,0.7397165947698772
2,2,533647.0810675807,0.16239999,2.66532,0.7399419925785697
2,2,533652.0812614709,0.16239999,2.6653962,0.7401673898786475
2,2,533657.0814553611,0.16239999,2.6660264,0.7403927871426785
2,2,533662.0816492513,0.16239999,2.6658163,0.7406181835849784
2,2,533667.0818431415,0.16239999,2.6662745,0.7408435804891506
2,2,533672.0820370317,0.16239999,2.6665225,0.7410689767885417
2,2,533677.0822309218,0.16239999,2.6667516,0.7412943719261985
2,2,533682.082424812,0.16239999,2.6672862,0.7415197637505715
2,2,533687.0826187022,0.16239999,2.667649,0.7417451552742398
2,2,533692.0828125924,0.16239999,2.6677444,0.7419705505418688
2,2,533697.0830064826,0.16239999,2.668069,0.7421959446446541
2,2,533702.0832003728,0.16239999,2.6684124,0.7424213370602893
2,2,533707.0833942629,0.16239999,2.6687372,0.7426467292537657
2,2,533712.0835881531,0.16239999,2.6688707,0.7428721217299957
2,2,533717.0837820433,0.16239999,2.6695771,0.743097513505709
2,2,533722.0839759335,0.16239999,2.6697872,0.7433229062249902
2,2,533727.0841698237,0.16239999,2.6700542,0.7435482997110852
2,2,533732.0843637139,0.16239999,2.6703408,0.7437736942914146
2,2,533737.084557604,0.16239999,2.6707416,0.7439990843482076
2,2,533742.0847514942,0.16239999,2.671028,0.7442244755174278
2,2,533747.0849453844,0.16239999,2.6711998,0.7444498682214792
2,2,533752.0851392746,0.16239999,2.6715815,0.7446752582902196
2,2,533757.0853331648,0.16239999,2.672078,0.7449006488020329
2,2,533762.085527055,0.16239999,2.6724596,0.7451260405450695
2,2,533767.0857209451,0.16239999,2.6726887,0.7453514316197964
2,2,533772.0859148353,0.16239999,2.6728225,0.745576819699996
2,2,533777.0861087255,0.16239999,2.673357,0.7458021996255044
2,2,533782.0863026157,0.16239999,2.6736624,0.7460275883114379
2,2,533787.0864965059,0.16239999,2.6738915,0.7462529773066714
2,2,533792.0866903961,0.16239999,2.674235,0.7464783654772879
2,2,533797.0868842863,0.16239999,2.6743686,0.7467037522084191
2,2,533802.0870781764,0.16239999,2.6750178,0.746929140710723
2,2,533807.0872720666,0.16239999,2.6751513,0.7471545301496453
2,2,533812.0874659568,0.16239999,2.675476,0.7473799189667983
2,2,533817.087659847,0.16239999,2.6758578,0.7476053076868132
2,2,533822.0878537372,0.16239999,2.6761823,0.7478306980382345
2,2,533827.0880476274,0.16239999,2.6764495,0.7480560843230801
2,2,533832.0882415175,0.16239999,2.6766977,0.7482814739258539
2,2,533837.0884354077,0.16239999,2.6772513,0.7485068636803595
2,2,533842.0886292979,0.16239999,2.6774614,0.7487322550417351
2,2,533847.0888231881,0.16239999,2.6779578,0.7489576449424311
2,2,533852.0890170783,0.16239999,2.6783395,0.7491830372123761
2,2,533857.0892109685,0.16239999,2.6785305,0.7494084284975671
2,2,533862.0894048586,0.16239999,2.6789503,0.7496338185147015
2,2,533867.0895987488,0.16239999,2.6792557,0.7498592088459789
2,2,533872.089792639,0.16239999,2.679504,0.7500845972901973
2,2,533877.0899865292,0.16239999,2.6798859,0.7503099825299756
2,2,533882.0901804194,0.16239999,2.6803248,0.7505353674936909
2,2,533887.0903743096,0.16239999,2.6804967,0.7507607545127241
2,2,533892.0905681998,0.16239999,2.6808403,0.7509861395903239
2,2,533897.0907620899,0.16239999,2.6811266,0.7512115251671565
2,2,533902.0909559801,0.16239999,2.681604,0.7514369096992497
2,2,533907.0911498703,0.16239999,2.682024,0.7516622945241109
2,2,533912.0913437605,0.16239999,2.6825395,0.7518876810605908
2,2,533917.0915376507,0.16239999,2.682883,0.7521130681638926
2,2,533922.0917315409,0.16239999,2.6833413,0.7523384580857109
2,2,533927.091925431,0.16239999,2.6836658,0.752563846083103
2,2,533932.0921193212,0.16239999,2.6838565,0.7527892356824246
2,2,533937.0923132114,0.16239999,2.6842003,0.7530146280160539
2,2,533942.0925071016,0.16239999,2.6847157,0.7532400206114833
2,2,533947.0927009918,0.16239999,2.6851737,0.7534654126825002
2,2,533952.092894882,0.16239999,2.6854029,0.7536908060719661
2,2,533957.0930887721,0.16239999,2.6857464,0.7539161988479115
2,2,533962.0932826623,0.16239999,2.686052,0.7541415940228693
2,2,533967.0934765525,0.16239999,2.686491,0.754366986759796
2,2,533972.0936704427,0.16239999,2.6870637,0.7545923757358235
2,2,533977.0938643329,0.16239999,2.6871593,0.7548177632152405
2,2,533982.0940582231,0.16239999,2.6874456,0.7550431480614626
2,2,533987.0942521133,0.16239999,2.6880183,0.7552685339662756
2,2,533992.0944460034,0.16239999,2.6882856,0.7554939193329538
2,2,533997.0946398936,0.16239999,2.68861,0.7557193018488197
2,2,534002.0948337838,0.16239999,2.6888583,0.7559446844721909
2,2,534007.095027674,0.16239999,2.6893356,0.7561700700701649
2,2,534012.0952215642,0.16239999,2.6897745,0.7563954545062416
2,2,534017.0954154544,0.16239999,2.6900227,0.7566208408186592
2,2,534022.0956093445,0.16239999,2.690309,0.7568462254716356
2,2,534027.0958032347,0.16239999,2.6906145,0.7570716091095333
2,2,534032.0959971249,0.16239999,2.6908627,0.7572969921278622
2,2,534037.0961910151,0.16239999,2.691168,0.7575223767142925
2,2,534042.0963849053,0.16239999,2.6912637,0.7577477607131186
2,2,534047.0965787955,0.16239999,2.6917026,0.7579731441980508
2,2,534052.0967726856,0.16239999,2.6918554,0.7581985280824509
2,2,534057.0969665758,0.16239999,2.6922562,0.7584239106750106
2,2,534062.097160466,0.16239999,2.6925044,0.7586492950516002
2,2,534067.0973543562,0.16239999,2.6928482,0.7588746787251456
2,2,534072.0975482464,0.16239999,2.6928291,0.7591000619776644
2,2,534077.0977421366,0.16239999,2.6932108,0.7593254440536572
2,2,534082.0979360268,0.16239999,2.693669,0.759550826237964
2,2,534087.0981299169,0.16239999,2.6940508,0.7597762086576859
2,2,534092.0983238071,0.16239999,2.6941655,0.7600015931666856
2,2,534097.0985176973,0.16239999,2.694509,0.760226975781602
2,2,534102.0987115875,0.16239999,2.6948335,0.760452362349491
2,2,534107.0989054777,0.16239999,2.6952536,0.7606777469586281
2,2,534112.0990993679,0.16239999,2.6952727,0.7609031305003131
2,2,534117.099293258,0.16239999,2.6954062,0.7611285119107338
2,2,534122.0994871482,0.16239999,2.6958263,0.7613538946817515
2,2,534127.0996810384,0.16239999,2.6960745,0.7615792793608902
2,2,534132.0998749286,0.16239999,2.69638,0.7618046637007642
2,2,534137.1000688188,0.16239999,2.6964562,0.7620300450387355
2,2,534142.100262709,0.16239999,2.6968763,0.7622554311141271
2,2,534147.1004565991,0.16239999,2.697258,0.7624808171675395
2,2,534152.1006504893,0.16239999,2.6976206,0.7627062012154832
2,2,534157.1008443795,0.16239999,2.6980026,0.7629315853430736
2,2,534162.1010382697,0.16239999,2.6981552,0.7631569687540465
2,2,534167.1012321599,0.16239999,2.6984797,0.7633823536369659
2,2,534172.1014260501,0.16239999,2.6988997,0.7636077372624195
2,2,534177.1016199403,0.16239999,2.6993198,0.7638331198730501
2,2,534182.1018138304,0.16239999,2.6996253,0.7640585025180321
2,2,534187.1020077206,0.16239999,2.7001598,0.7642838871540873
2,2,534192.1022016108,0.16239999,2.7004843,0.7645092730812288
2,2,534197.102395501,0.16239999,2.7007325,0.7647346588037708
2,2,534202.1025893912,0.16239999,2.701095,0.764960048258258
2,2,534207.1027832814,0.16239999,2.7013052,0.7651854386141753
2,2,534212.1029771715,0.16239999,2.7018588,0.7654108268638541
2,2,534217.1031710617,0.16239999,2.7019923,0.7656362157613799
2,2,534222.1033649519,0.16239999,2.702336,0.7658616047300769
2,2,534227.1035588421,0.16239999,2.7029088,0.7660869916111809
2,2,534232.1037527323,0.16239999,2.7033286,0.766312378350232
2,2,534237.1039466225,0.16239999,2.7035959,0.7665377651470467
2,2,534242.1041405126,0.16239999,2.7039015,0.7667631506845304
2,2,534247.1043344028,0.16239999,2.704035,0.7669885338881892
2,2,534252.104528293,0.16239999,2.7043977,0.7672139182885686
2,2,534257.1047221832,0.16239999,2.7047796,0.7674393035657902
2,2,534262.1049160734,0.16239999,2.705066,0.7676646872439838
2,2,534267.1051099636,0.16239999,2.705505,0.7678900722267511
2,2,534272.1053038538,0.16239999,2.7058487,0.7681154558719776
2,2,534277.1054977439,0.16239999,2.7061923,0.768340840694718
2,2,534282.1056916341,0.16239999,2.7064977,0.7685662239911614
2,2,534287.1058855243,0.16239999,2.706593,0.7687916074733634
2,2,534292.1060794145,0.16239999,2.7068603,0.7690169880154935
2,2,534297.1062733047,0.16239999,2.7073948,0.7692423697536015
2,2,534302.1064671949,0.16239999,2.707624,0.7694677545282881
2,2,534307.106661085,0.16239999,2.708235,0.7696931386027509
2,2,534312.1068549752,0.16239999,2.708483,0.7699185231043754
2,2,534317.1070488654,0.16239999,2.7088077,0.7701439063635998
2,2,534322.1072427556,0.16239999,2.7091513,0.7703692881552138
2,2,534327.1074366458,0.16239999,2.7095711,0.7705946716030322
2,2,534332.107630536,0.16239999,2.7098193,0.7708200546987785
2,2,534337.1078244261,0.16239999,2.7102776,0.771045435176793
2,2,534342.1080183163,0.16239999,2.7106593,0.7712708160604379
2,2,534347.1082122065,0.16239999,2.710793,0.7714961960732573
2,2,534352.1084060967,0.16239999,2.7111366,0.7717215763458394
2,2,534357.1085999869,0.16239999,2.7112513,0.771946957574831
2,2,534362.1087938771,0.16239999,2.7117283,0.7721723394151585
2,2,534367.1089877672,0.16239999,2.7120147,0.772397721177043
2,2,534372.1091816574,0.16239999,2.7124157,0.7726231033993568
2,2,534377.1093755476,0.16239999,2.7127593,0.7728484855656232
2,2,534382.1095694378,0.16239999,2.7131221,0.7730738694872126
2,2,534387.109763328,0.16239999,2.7136567,0.7732992529664733
2,2,534392.1099572182,0.16239999,2.7138093,0.7735246348185504
2,2,534397.1101511084,0.16239999,2.7143056,0.7737500189935083
2,2,534402.1103449985,0.16239999,2.7145348,0.7739754046382712
2,2,534407.1105388887,0.16239999,2.7148402,0.7742007892144636
2,2,534412.1107327789,0.16239999,2.715241,0.7744261714231081
2,2,534417.1109266691,0.16239999,2.71547,0.7746515536693739
2,2,534422.1111205593,0.16239999,2.7159665,0.7748769359510018
2,2,534427.1113144495,0.16239999,2.716329,0.7751023158856687
2,2,534432.1115083396,0.16239999,2.7166348,0.7753276944694824
2,2,534437.1117022298,0.16239999,2.7167492,0.7755530745772444
2,2,534442.11189612,0.16239999,2.7172265,0.7757784542554375
2,2,534447.1120900102,0.16239999,2.717551,0.7760038320405613
2,2,534452.1122839004,0.16239999,2.7178946,0.7762292111010209
2,2,534457.1124777906,0.16239999,2.7183146,0.7764545920663771
2,2,534462.1126716807,0.16239999,2.7185054,0.7766799726725632
2,2,534467.1128655709,0.16239999,2.7189255,0.7769053527929847
2,2,534472.1130594611,0.16239999,2.7193263,0.777130733271837
2,2,534477.1132533513,0.16239999,2.7195363,0.7773561137309495
2,2,534482.1134472415,0.16239999,2.72009,0.7775814914116833
2,2,534487.1136411317,0.16239999,2.720338,0.7778068698262629
2,2,534492.1138350219,0.16239999,2.7207773,0.778032249380648
2,2,534497.114028912,0.16239999,2.7210255,0.7782576274878472
2,2,534502.1142228022,0.16239999,2.721331,0.7784830042788137
2,2,534507.1144166924,0.16239999,2.7217507,0.7787083834010329
2,2,534512.1146105826,0.16239999,2.7219417,0.7789337637263055
2,2,534517.1148044728,0.16239999,2.7224953,0.7791591439936234
2,2,534522.114998363,0.16239999,2.7229345,0.7793845252451871
2,2,534527.1151922531,0.16239999,2.723297,0.7796099048678112
2,2,534532.1153861433,0.16239999,2.7235262,0.7798352861181224
2,2,534537.1155800335,0.16239999,2.7238889,0.7800606677325218
2,2,534542.1157739237,0.16239999,2.724328,0.7802860492740123
2,2,534547.1159678139,0.16239999,2.7246335,0.7805114285976439
2,2,534552.1161617041,0.16239999,2.7253017,0.7807368085273139
2,2,534557.1163555942,0.16239999,2.7256644,0.7809621891009549
2,2,534562.1165494844,0.16239999,2.7260842,0.7811875681233802
2,2,534567.1167433746,0.16239999,2.7266378,0.7814129465012375
2,2,534572.1169372648,0.16239999,2.727459,0.781638327190654
2,2,534577.117131155,0.16239999,2.727707,0.7818637075153041
2,2,534582.1173250456,0.16239999,2.7279742,0.7820890898730248
2,2,534587.1175189363,0.16239999,2.7284515,0.7823144713439617
2,2,534592.1177128269,0.16239999,2.7286806,0.782539851462999
2,2,534597.1179067176,0.16239999,2.729196,0.7827652318265851
2,2,534602.1181006082,0.16239999,2.7295587,0.7829906123613375
2,2,534607.1182944989,0.16239999,2.730208,0.7832159945344668
2,2,534612.1184883895,0.16239999,2.7302651,0.7834413786364437
2,2,534617.1186822802,0.16239999,2.7305133,0.7836667629217472
2,2,534622.1188761708,0.16239999,2.7312005,0.7838921493293626
2,2,534627.1190700615,0.16239999,2.7315252,0.7841175358742235
2,2,534632.1192639521,0.16239999,2.7316587,0.7843429211705889
2,2,534637.1194578428,0.16239999,2.732117,0.7845683122965287
2,2,534642.1196517334,0.16239999,2.7325177,0.7847937025283532
2,2,534647.1198456241,0.16239999,2.7328613,0.7850190900894451
2,2,534652.1200395147,0.16239999,2.7333386,0.7852444768023572
2,2,534657.1202334054,0.16239999,2.7337205,0.7854698629821273
2,2,534662.120427296,0.16239999,2.734026,0.7856952496893628
2,2,534667.1206211867,0.16239999,2.7344267,0.7859206374695366
2,2,534672.1208150773,0.16239999,2.7347322,0.7861460258154156
2,2,534677.121008968,0.16239999,2.7352095,0.7863714113511955
2,2,534682.1212028584,0.16239999,2.7354767,0.7865967980326801
2,2,534687.1213967488,0.16239999,2.7358778,0.7868221838243676
2,2,534692.1215906392,0.16239999,2.7362976,0.7870475695020703
2,2,534697.1217845292,0.16239999,2.7365458,0.787272956765644
2,2,534702.1219784196,0.16239999,2.7368703,0.7874983438158373
2,2,534707.12217231,0.16239999,2.7372713,0.7877237342249368
2,2,534712.1223662004,0.16239999,2.737653,0.7879491265801173
2,2,534717.1225600909,0.16239999,2.737863,0.788174515911468
2,2,534722.1227539813,0.16239999,2.7382448,0.7883999037237571
2,2,534727.1229478717,0.16239999,2.7386076,0.7886252917373476
2,2,534732.1231417622,0.16239999,2.7389512,0.7888506775600668
2,2,534737.1233356528,0.16239999,2.7391613,0.7890760656239496
2,2,534742.1235295433,0.16239999,2.7394285,0.789301453157424
2,2,534747.1237234338,0.16239999,2.739925,0.7895268396428309
2,2,534752.1239173244,0.16239999,2.7401922,0.7897522277666031
2,2,534757.1241112149,0.16239999,2.7404976,0.7899776176301845
2,2,534762.1243051054,0.16239999,2.7409556,0.7902030057221088
2,2,534767.124498996,0.16239999,2.7411847,0.7904283938234423
2,2,534772.1246928867,0.16239999,2.741662,0.7906537804129372
2,2,534777.1248867773,0.16239999,2.7419865,0.790879167214382
2,2,534782.1250806678,0.16239999,2.7423685,0.7911045565167475
2,2,534787.1252745583,0.16239999,2.7428455,0.7913299437492324
2,2,534792.1254684489,0.16239999,2.7429984,0.7915553287760665
2,2,534797.1256623394,0.16239999,2.743571,0.7917807170600676
2,2,534802.1258562298,0.16239999,2.7438765,0.7920061055642325
2,2,534807.1260501203,0.16239999,2.74443,0.7922314928419383
2,2,534812.1262440108,0.16239999,2.744793,0.7924568813820945
2,2,534817.1264379013,0.16239999,2.7452319,0.7926822705188891
2,2,534822.1266317918,0.16239999,2.7456138,0.7929076599015139
2,2,534827.1268256824,0.16239999,2.7461483,0.7931330477468198
2,2,534832.1270195728,0.16239999,2.7464538,0.7933584353363068
2,2,534837.1272134632,0.16239999,2.746683,0.7935838228980858
2,2,534842.1274073536,0.16239999,2.7472172,0.7938092090892586
2,2,534847.127601244,0.16239999,2.747771,0.7940345937468873
2,2,534852.1277951344,0.16239999,2.7480383,0.7942599793350664
2,2,534857.1279890249,0.16239999,2.7484963,0.7944853642678857
2,2,534862.1281829148,0.16239999,2.7488208,0.7947107496593298
2,2,534867.1283768052,0.16239999,2.7491455,0.7949361354580308
2,2,534872.1285706956,0.16239999,2.7497373,0.7951615217817312
2,2,534877.128764586,0.16239999,2.750348,0.79538690917946
2,2,534882.1289584767,0.16239999,2.750501,0.795612297058998
2,2,534887.1291523674,0.16239999,2.7508445,0.7958376844227051
2,2,534892.129346258,0.16239999,2.7512836,0.7960630718301412
2,2,534897.1295401487,0.16239999,2.7517989,0.79628845702211
2,2,534902.1297340393,0.16239999,2.7519898,0.7965138410707143
2,2,534907.12992793,0.16239999,2.7523909,0.7967392249958162
2,2,534912.1301218206,0.16239999,2.7530017,0.7969646125078246
2,2,534917.1303157113,0.16239999,2.75325,0.7971899985815057
2,2,534922.1305096019,0.16239999,2.7538226,0.7974153868606814
2,2,534927.1307034926,0.16239999,2.754128,0.7976407750180814
2,2,534932.1308973832,0.16239999,2.7545097,0.7978661631895779
2,2,534937.1310912739,0.16239999,2.754987,0.7980915522191387
2,2,534942.1312851645,0.16239999,2.7553499,0.7983169449458764
2,2,534947.1314790552,0.16239999,2.7556934,0.798542338572096
2,2,534952.1316729458,0.16239999,2.756209,0.7987677300430208
2,2,534957.1318668365,0.16239999,2.756438,0.7989931227937492
2,2,534962.1320607271,0.16239999,2.756896,0.7992185152636894
2,2,534967.1322546178,0.16239999,2.7573352,0.7994439089575355
2,2,534972.1324485084,0.16239999,2.7577934,0.799669299258816
2,2,534977.132642399,0.16239999,2.7581751,0.7998946871443833
2,2,534982.1328362897,0.16239999,2.7584996,0.8001200756922723
2,2,534987.1330301799,0.16239999,2.7589388,0.80034546226235
2,2,534992.1332240701,0.16239999,2.7592633,0.8005708476516565
2,2,534997.1334179603,0.16239999,2.7594543,0.8007962323707312
2,2,535002.1336118504,0.16239999,2.7597597,0.8010216156142621
2,2,535007.1338057406,0.16239999,2.7601795,0.8012469961911534
2,2,535012.1339996308,0.16239999,2.7606568,0.8014723772521063
2,2,535017.134193521,0.16239999,2.761096,0.8016977558751249
2,2,535022.1343874112,0.16239999,2.7616115,0.8019231363175348
2,2,535027.1345813014,0.16239999,2.7619169,0.8021485208463629
2,2,535032.1347751915,0.16239999,2.7622414,0.8023739051290595
2,2,535037.1349690817,0.16239999,2.7626615,0.8025992914758624
2,2,535042.1351629719,0.16239999,2.763215,0.8028246778853206
2,2,535047.1353568621,0.16239999,2.763463,0.8030500650222104
2,2,535052.1355507523,0.16239999,2.7637687,0.8032754545163356
2,2,535057.1357446425,0.16239999,2.7640169,0.803500841250433
2,2,535062.1359385327,0.16239999,2.7643986,0.8037262272519098
2,2,535067.1361324228,0.16239999,2.7648568,0.8039516148178587
2,2,535072.136326313,0.16239999,2.7651813,0.8041770027717957
2,2,535077.1365202032,0.16239999,2.7652576,0.8044023883807618
2,2,535082.1367140934,0.16239999,2.7657158,0.8046277739396791
2,2,535087.1369079836,0.16239999,2.7661357,0.8048531585427738
2,2,535092.1371018738,0.16239999,2.7665367,0.8050785433373551
2,2,535097.1372957639,0.16239999,2.7669756,0.8053039299084619
2,2,535102.1374896541,0.16239999,2.7672238,0.8055293170811153
2,2,535107.1376835443,0.16239999,2.7677774,0.8057547023528888
2,2,535112.1378774345,0.16239999,2.7681785,0.8059800896865402
2,2,535117.1380713247,0.16239999,2.768541,0.806205475817951
2,2,535122.1382652149,0.16239999,2.7689612,0.806430862790361
2,2,535127.138459105,0.16239999,2.7691903,0.8066562524295731
2,2,535132.1386529952,0.16239999,2.7693238,0.8068816430637116
2,2,535137.1388468854,0.16239999,2.7698584,0.8071070304685077
2,2,535142.1390407756,0.16239999,2.7703547,0.8073324189870837
2,2,535147.1392346658,0.16239999,2.7707365,0.8075578065118243
2,2,535152.139428556,0.16239999,2.7711947,0.8077831951439943
2,2,535157.1396224461,0.16239999,2.771481,0.8080085823312426
2,2,535162.1398163363,0.16239999,2.7720346,0.8082339693779357
2,2,535167.1400102265,0.16239999,2.772321,0.8084593567353917
2,2,535172.1402041167,0.16239999,2.772703,0.808684742253152
2,2,535177.1403980069,0.16239999,2.7731228,0.8089101256284076
2,2,535182.1405918971,0.16239999,2.773581,0.8091355093840154
2,2,535187.1407857873,0.16239999,2.773772,0.8093608922410003
2,2,535192.1409796774,0.16239999,2.7743828,0.8095862757299054
2,2,535197.1411735676,0.16239999,2.7747264,0.8098116589652499
2,2,535202.1413674578,0.16239999,2.7752228,0.8100370416935666
2,2,535207.141561348,0.16239999,2.7756236,0.8102624236198912
2,2,535212.1417552382,0.16239999,2.7760818,0.8104878054040952
2,2,535217.1419491284,0.16239999,2.7763681,0.8107131869932678
2,2,535222.1421430185,0.16239999,2.7766545,0.81093856887937
2,2,535227.1423369087,0.16239999,2.7770364,0.8111639505673298
2,2,535232.1425307989,0.16239999,2.7775135,0.8113893336641167
2,2,535237.1427246891,0.16239999,2.7779145,0.8116147166010133
2,2,535242.1429185793,0.16239999,2.7783153,0.8118401000930898
2,2,535247.1431124695,0.16239999,2.7785826,0.8120654804558729
2,2,535252.1433063596,0.16239999,2.7788117,0.8122908625371663
2,2,535257.1435002498,0.16239999,2.779117,0.8125162424796579
2,2,535262.14369414,0.16239999,2.7795944,0.81274162304159
2,2,535267.1438880302,0.16239999,2.7798617,0.8129670039078477
2,2,535272.1440819204,0.16239999,2.7802434,0.8131923846507237
2,2,535277.1442758106,0.16239999,2.7806444,0.8134177653379034
2,2,535282.1444697008,0.16239999,2.781217,0.813643147024307
2,2,535287.1446635909,0.16239999,2.7814462,0.8138685291555192
2,2,535292.1448574811,0.16239999,2.781828,0.8140939098360471
2,2,535297.1450513713,0.16239999,2.7821908,0.8143192904996275
2,2,535302.1452452615,0.16239999,2.7828207,0.8145446700225256
2,2,535307.1454391517,0.16239999,2.782897,0.814770046348483
2,2,535312.1456330419,0.16239999,2.7835844,0.8149954246749694
2,2,535317.145826932,0.16239999,2.7837753,0.8152208026949803
2,2,535322.1460208222,0.16239999,2.784157,0.8154461812877752
2,2,535327.1462147124,0.16239999,2.7847297,0.8156715644812566
2,2,535332.1464086026,0.16239999,2.7851114,0.8158969450386521
2,2,535337.1466024928,0.16239999,2.7855506,0.8161223235649341
2,2,535342.146796383,0.16239999,2.7858942,0.8163477018546527
2,2,535347.1469902731,0.16239999,2.7861805,0.8165730828480181
2,2,535352.1471841633,0.16239999,2.7865434,0.8167984639074545
2,2,535357.1473780535,0.16239999,2.7870398,0.8170238458415964
2,2,535362.1475719437,0.16239999,2.7875934,0.8172492269241453
2,2,535367.1477658339,0.16239999,2.7878988,0.8174746099874814
2,2,535372.1479597241,0.16239999,2.7881088,0.8176999928820214
2,2,535377.1481536143,0.16239999,2.7886624,0.8179253743162063
2,2,535382.1483475044,0.16239999,2.788815,0.8181507567145525
2,2,535387.1485413946,0.16239999,2.7892733,0.8183761370649609
2,2,535392.1487352848,0.16239999,2.7898078,0.818601518185588
2,2,535397.148929175,0.16239999,2.790056,0.8188268978789737
2,2,535402.1491230652,0.16239999,2.7906668,0.8190522792423084
2,2,535407.1493169554,0.16239999,2.7908387,0.8192776607487174
2,2,535412.1495108455,0.16239999,2.7912395,0.819503040911863
2,2,535417.1497047357,0.16239999,2.791545,0.8197284215217098
2,2,535422.1498986259,0.16239999,2.7920794,0.8199538061425187
2,2,535427.1500925161,0.16239999,2.7924614,0.8201791902154723
2,2,535432.1502864063,0.16239999,2.7927096,0.8204045732836646
2,2,535437.1504802965,0.16239999,2.7933204,0.8206299567392904
2,2,535442.1506741866,0.16239999,2.793645,0.8208553435138701
2,2,535447.1508680768,0.16239999,2.7939503,0.8210807308400345
2,2,535452.151061967,0.16239999,2.7943323,0.8213061161869215
2,2,535457.1512558572,0.16239999,2.7943704,0.8215314993481203
2,2,535462.1514497474,0.16239999,2.794733,0.82175688240955
2,2,535467.1516436376,0.16239999,2.7948859,0.8219822666856776
2,2,535472.1518375278,0.16239999,2.795363,0.8222076510213462
2,2,535477.1520314179,0.16239999,2.795745,0.8224330325871281
2,2,535482.1522253081,0.16239999,2.7961266,0.8226584137018634
2,2,535487.1524191983,0.16239999,2.7962985,0.8228837978422365
2,2,535492.1526130885,0.16239999,2.7967565,0.8231091820094797
2,2,535497.1528069787,0.16239999,2.797043,0.8233345646999963
2,2,535502.1530008689,0.16239999,2.7973485,0.8235599447425841
2,2,535507.153194759,0.16239999,2.797902,0.8237853267810283
2,2,535512.1533886492,0.16239999,2.7981884,0.8240107092512768
2,2,535517.1535825394,0.16239999,2.798513,0.8242360893830704
2,2,535522.1537764296,0.16239999,2.7990093,0.8244614713305761
2,2,535527.1539703198,0.16239999,2.7992384,0.8246868514991018
2,2,535532.15416421,0.16239999,2.7996583,0.8249122314748578
2,2,535537.1543581001,0.16239999,2.7998111,0.825137612582497
2,2,535542.1545519903,0.16239999,2.800212,0.8253629947381679
2,2,535547.1547458805,0.16239999,2.800613,0.8255883785366702
2,2,535552.1549397707,0.16239999,2.8009756,0.8258137644759223
2,2,535557.1551336609,0.16239999,2.801491,0.8260391499405566
2,2,535562.1553275511,0.16239999,2.8018346,0.8262645337514071
2,2,535567.1555214413,0.16239999,2.8020256,0.8264899182355334
2,2,535572.1557153314,0.16239999,2.8024647,0.8267153044064439
2,2,535577.1559092216,0.16239999,2.8029418,0.8269406884129922
2,2,535582.1561031118,0.16239999,2.8032281,0.8271660748870693
2,2,535587.156297002,0.16239999,2.8037436,0.8273914589237212
2,2,535592.1564908922,0.16239999,2.8039727,0.8276168452760592
2,2,535597.1566847824,0.16239999,2.804259,0.8278422312505807
2,2,535602.1568786725,0.16239999,2.8047173,0.8280676175018605
2,2,535607.1570725627,0.16239999,2.805099,0.8282930012847515
2,2,535612.1572664529,0.16239999,2.805519,0.8285183863644168
2,2,535617.1574603431,0.16239999,2.8060155,0.8287437683643879
2,2,535622.1576542333,0.16239999,2.8064735,0.8289691509533829
2,2,535627.1578481235,0.16239999,2.8066645,0.8291945330807904
2,2,535632.1580420136,0.16239999,2.8070846,0.8294199145679853
2,2,535637.1582359038,0.16239999,2.8075044,0.8296452962561786
2,2,535642.158429794,0.16239999,2.808058,0.8298706806314428
2,2,535647.1586236842,0.16239999,2.808249,0.830096065564277
2,2,535652.1588175744,0.16239999,2.8085735,0.8303214501879469
2,2,535657.1590114646,0.16239999,2.808917,0.8305468356777633
2,2,535662.1592053548,0.16239999,2.8094516,0.8307722216856774
2,2,535667.1593992449,0.16239999,2.8098526,0.8309976100935651
2,2,535672.1595931351,0.16239999,2.8101962,0.8312229988609698
2,2,535677.1597870253,0.16239999,2.8103871,0.8314483876095312
2,2,535682.1599809155,0.16239999,2.8108644,0.8316737735395462
2,2,535687.1601748057,0.16239999,2.8113225,0.8318991608101789
2,2,535692.1603686959,0.16239999,2.8117807,0.8321245475075507
2,2,535697.160562586,0.16239999,2.8122008,0.8323499346597357
2,2,535702.1607564762,0.16239999,2.812277,0.8325753237699159
2,2,535707.1609503664,0.16239999,2.8128688,0.832800713943347
2,2,535712.1611442566,0.16239999,2.8133843,0.8330261040563025
2,2,535717.1613381468,0.16239999,2.8136897,0.8332514917385152
2,2,535722.161532037,0.16239999,2.813976,0.8334768790218139
2,2,535727.1617259271,0.16239999,2.814377,0.8337022692038968
2,2,535732.1619198173,0.16239999,2.8147779,0.8339276580462361
2,2,535737.1621137075,0.16239999,2.815198,0.8341530461320874
2,2,535742.1623075977,0.16239999,2.8155606,0.8343784349047083
2,2,535747.1625014879,0.16239999,2.8159232,0.8346038216162329
2,2,535752.1626953781,0.16239999,2.816267,0.8348292077719218
2,2,535757.1628892682,0.16239999,2.8168206,0.8350545947862893
2,2,535762.1630831584,0.16239999,2.8172023,0.835279983564571
2,2,535767.1632770486,0.16239999,2.8175077,0.8355053712428415
2,2,535772.1634709388,0.16239999,2.8178132,0.8357307586292065
2,2,535777.163664829,0.16239999,2.817966,0.83595614536741
2,2,535782.1638587192,0.16239999,2.8185005,0.8361815324646785
2,2,535787.1640526094,0.16239999,2.8191495,0.8364069203488227
2,2,535792.1642464995,0.16239999,2.8194358,0.8366323067385683
2,2,535797.1644403897,0.16239999,2.819646,0.8368576937753206
2,2,535802.1646342799,0.16239999,2.8200467,0.8370830811172338
2,2,535807.1648281701,0.16239999,2.8202186,0.8373084660929611
2,2,535812.1650220603,0.16239999,2.8206768,0.8375338490398323
2,2,535817.1652159505,0.16239999,2.8209631,0.83775923036504
2,2,535822.1654098406,0.16239999,2.8212495,0.8379846135188428
2,2,535827.1656037308,0.16239999,2.8216121,0.8382099939559495
2,2,535832.165797621,0.16239999,2.8221848,0.838435376487782
2,2,535837.1659915112,0.16239999,2.8224905,0.8386607600827246
2,2,535842.1661854014,0.16239999,2.822853,0.8388861439824108
2,2,535847.1663792916,0.16239999,2.8234258,0.8391115276622403
2,2,535852.1665731817,0.16239999,2.823655,0.8393369113768375
2,2,535857.1667670719,0.16239999,2.8240557,0.8395622957336997
2,2,535862.1669609621,0.16239999,2.8244758,0.8397876777979768
2,2,535867.1671548523,0.16239999,2.8247812,0.840013061467604
2,2,535872.1673487425,0.16239999,2.825182,0.8402384437283943
2,2,535877.1675426327,0.16239999,2.8256593,0.8404638262636126
2,2,535882.1677365229,0.16239999,2.8260028,0.8406892108549925
2,2,535887.167930413,0.16239999,2.8265948,0.8409145986651242
2,2,535892.1681243032,0.16239999,2.8268046,0.8411399847783423
2,2,535897.1683181934,0.16239999,2.82732,0.8413653691546132
2,2,535902.1685120836,0.16239999,2.827664,0.8415907547570411
2,2,535907.1687059738,0.16239999,2.82816,0.8418161416809884
2,2,535912.168899864,0.16239999,2.828523,0.8420415291405314
2,2,535917.1690937541,0.16239999,2.8289428,0.8422669146847968
2,2,535922.1692876443,0.16239999,2.8295348,0.8424922978711346
2,2,535927.1694815345,0.16239999,2.8296874,0.8427176810867615
2,2,535932.1696754247,0.16239999,2.8300693,0.8429430667279663
2,2,535937.1698693149,0.16239999,2.8303363,0.8431684476745006
2,2,535942.1700632051,0.16239999,2.8307564,0.8433938268491445
2,2,535947.1702570952,0.16239999,2.8310428,0.8436192052368697
2,2,535952.1704509854,0.16239999,2.83152,0.8438445846023784
2,2,535957.1706448756,0.16239999,2.8318827,0.8440699637631079
2,2,535962.1708387658,0.16239999,2.8321118,0.8442953424650514
2,2,535967.171032656,0.16239999,2.832532,0.8445207208209089
2,2,535972.1712265462,0.16239999,2.8330855,0.8447461000928259
2,2,535977.1714204364,0.16239999,2.8334863,0.8449714801162946
2,2,535982.1716143265,0.16239999,2.8337345,0.8451968617410471
2,2,535987.1718082167,0.16239999,2.8341546,0.8454222453342678
2,2,535992.1720021069,0.16239999,2.8344982,0.8456476275154213
2,2,535997.1721959971,0.16239999,2.8349755,0.8458730066964015
2,2,536002.1723898873,0.16239999,2.835529,0.846098385988768
2,2,536007.1725837775,0.16239999,2.8358917,0.8463237655497294
2,2,536012.1727776676,0.16239999,2.836369,0.8465491449330574
2,2,536017.1729715578,0.16239999,2.836579,0.8467745243811791
2,2,536022.173165448,0.16239999,2.8370943,0.8469999014048776
2,2,536027.1733593382,0.16239999,2.8375716,0.8472252755913313
2,2,536032.1735532284,0.16239999,2.8377435,0.8474506479026569
2,2,536037.1737471186,0.16239999,2.8381252,0.8476760223748594
2,2,536042.1739410087,0.16239999,2.8386788,0.8479013952283115
2,2,536047.1741348989,0.16239999,2.8389843,0.8481267690696734
2,2,536052.1743287891,0.16239999,2.8390608,0.8483521470681861
2,2,536057.1745226793,0.16239999,2.8395572,0.8485775230000352
2,2,536062.1747165695,0.16239999,2.8400342,0.8488029002170597
2,2,536067.1749104597,0.16239999,2.8402252,0.8490282766572785
2,2,536072.1751043499,0.16239999,2.8406835,0.8492536537280664
2,2,536077.17529824,0.16239999,2.841027,0.8494790307046913
2,2,536082.1754921302,0.16239999,2.841447,0.8497044053199301
2,2,536087.1756860204,0.16239999,2.8418288,0.8499297796016635
2,2,536092.1758799106,0.16239999,2.8421724,0.8501551529176055
2,2,536097.1760738008,0.16239999,2.8424969,0.8503805270475838
2,2,536102.176267691,0.16239999,2.8429933,0.8506058998189976
2,2,536107.1764615811,0.16239999,2.843108,0.8508312726815651
2,2,536112.1766554713,0.16239999,2.8438907,0.8510566447707665
2,2,536117.1768493615,0.16239999,2.8442724,0.8512820196214825
2,2,536122.1770432517,0.16239999,2.8446732,0.8515073927841702
2,2,536127.1772371419,0.16239999,2.844998,0.8517327665614802
2,2,536132.1774310321,0.16239999,2.8454177,0.8519581397528502
2,2,536137.1776249222,0.16239999,2.845876,0.8521835134173841
2,2,536142.1778188124,0.16239999,2.8462195,0.8524088881744182
2,2,536147.1780127026,0.16239999,2.8466587,0.8526342639487082
2,2,536152.1782065928,0.16239999,2.846926,0.8528596421045159
2,2,536157.178400483,0.16239999,2.8472505,0.8530850207976197
2,2,536162.1785943732,0.16239999,2.8477278,0.8533103992171043
2,2,536167.1787882634,0.16239999,2.8482814,0.8535357800087295
2,2,536172.1789821535,0.16239999,2.8487587,0.8537611640531665
2,2,536177.1791760437,0.16239999,2.8491023,0.8539865490165547
2,2,536182.1793699339,0.16239999,2.8494267,0.8542119310844842
2,2,536187.1795638241,0.16239999,2.8500757,0.8544373122788034
2,2,536192.1797577147,0.16239999,2.8502858,0.8546626931917894
2,2,536197.1799516054,0.16239999,2.850725,0.8548880747052278
2,2,536202.180145496,0.16239999,2.8512404,0.8551134554557656
2,2,536207.1803393867,0.16239999,2.851622,0.8553388361590409
2,2,536212.1805332773,0.16239999,2.8520231,0.855564217449495
2,2,536217.180727168,0.16239999,2.852443,0.855789596872951
2,2,536222.1809210586,0.16239999,2.8529775,0.8560149781960733
2,2,536227.1811149493,0.16239999,2.8531876,0.856240358832974
2,2,536232.1813088399,0.16239999,2.8535693,0.8564657371297052
2,2,536237.1815027306,0.16239999,2.853913,0.8566911159115546
2,2,536242.1816966212,0.16239999,2.8542185,0.8569164946842802
2,2,536247.1818905119,0.16239999,2.8549247,0.8571418729753929
2,2,536252.1820844021,0.16239999,2.8552876,0.8573672508688532
2,2,536257.1822782927,0.16239999,2.8556502,0.8575926281751474
2,2,536262.1824721834,0.16239999,2.8561656,0.8578180074678764
2,2,536267.182666074,0.16239999,2.856624,0.8580433896613515
2,2,536272.1828599647,0.16239999,2.8570628,0.8582687716269987
2,2,536277.1830538553,0.16239999,2.8576546,0.8584941505304307
2,2,536282.183247746,0.16239999,2.8582082,0.858719529060452
2,2,536287.1834416366,0.16239999,2.8588002,0.858944905980547
2,2,536292.183635527,0.16239999,2.8591628,0.8591702823072065
2,2,536297.1838294175,0.16239999,2.8595445,0.8593956599119245
2,2,536302.1840233079,0.16239999,2.8599074,0.8596210368801683
2,2,536307.1842171983,0.16239999,2.8605945,0.8598464147918387
2,2,536312.1844110887,0.16239999,2.860919,0.8600717906878248
2,2,536317.1846049791,0.16239999,2.8613963,0.8602971683806103
2,2,536322.1847988695,0.16239999,2.8617208,0.8605225433340301
2,2,536327.1849927602,0.16239999,2.862141,0.8607479170408544
2,2,536332.1851866506,0.16239999,2.8625991,0.8609732902421278
2,2,536337.185380541,0.16239999,2.8630571,0.8611986660851046
2,2,536342.1855744316,0.16239999,2.8633244,0.861424041489773
2,2,536347.1857683221,0.16239999,2.8637254,0.8616494182714644
2,2,536352.1859622126,0.16239999,2.8642218,0.8618747949132826
2,2,536357.1861561032,0.16239999,2.864699,0.8621001707346163
2,2,536362.1863499937,0.16239999,2.865348,0.8623255466136259
2,2,536367.1865438841,0.16239999,2.8658063,0.8625509225143001
2,2,536372.1867377746,0.16239999,2.86615,0.8627762990136011
2,2,536377.1869316652,0.16239999,2.866608,0.8630016763801439
2,2,536382.1871255557,0.16239999,2.867219,0.8632270528434611
2,2,536387.1873194462,0.16239999,2.867696,0.8634524271596625
2,2,536392.1875133368,0.16239999,2.8681352,0.8636778030920497
2,2,536397.1877072273,0.16239999,2.8684406,0.8639031812484054
2,2,536402.1879011178,0.16239999,2.8690133,0.8641285605691618
2,2,536407.1880950083,0.16239999,2.8696625,0.864353937805096
2,2,536412.1882888989,0.16239999,2.869777,0.864579316321929
2,2,536417.1884827889,0.16239999,2.8702734,0.8648046965436419
2,2,536422.1886766794,0.16239999,2.870846,0.865030077062138
2,2,536427.1888705699,0.16239999,2.8714187,0.8652554587991285
2,2,536432.1890644605,0.16239999,2.8718388,0.8654808417743111
2,2,536437.189258351,0.16239999,2.8722396,0.8657062235655409
2,2,536442.1894522415,0.16239999,2.8725834,0.8659316049582839
2,2,536447.189646132,0.16239999,2.8730032,0.8661569859324161
2,2,536452.1898400225,0.16239999,2.8735378,0.8663823649481938
2,2,536457.1900339129,0.16239999,2.8739388,0.8666077466226689
2,2,536462.1902278033,0.16239999,2.8745878,0.8668331285565435
2,2,536467.1904216937,0.16239999,2.8748932,0.8670585098014703
2,2,536472.1906155841,0.16239999,2.8754659,0.867283893677558
2,2,536477.1908094746,0.16239999,2.8760767,0.8675092772421221
2,2,536482.191003365,0.16239999,2.8763058,0.8677346602865769
2,2,536487.1911972554,0.16239999,2.876955,0.8679600446476908
2,2,536492.191391146,0.16239999,2.8772604,0.8681854274194204
2,2,536497.1915850365,0.16239999,2.8776803,0.8684108118016957
2,2,536502.1917789271,0.16239999,2.8781958,0.8686361978429329
2,2,536507.1919728178,0.16239999,2.8785203,0.8688615843482825
2,2,536512.1921667084,0.16239999,2.8790166,0.8690869703312711
2,2,536517.1923605991,0.16239999,2.879513,0.8693123568442999
2,2,536522.1925544897,0.16239999,2.8799713,0.8695377404668568
2,2,536527.1927483804,0.16239999,2.880372,0.8697631240024986
2,2,536532.192942271,0.16239999,2.8809638,0.8699885078986375
2,2,536537.1931361617,0.16239999,2.8812695,0.8702138932233333
2,2,536542.1933300523,0.16239999,2.8816702,0.8704392757328463
2,2,536547.193523943,0.16239999,2.8821857,0.8706646582334252
2,2,536552.1937178336,0.16239999,2.8825293,0.8708900408511563
2,2,536557.1939117243,0.16239999,2.8830066,0.8711154264332697
2,2,536562.1941056149,0.16239999,2.8834076,0.8713408116623067
2,2,536567.1942995056,0.16239999,2.8839993,0.8715661982514091
2,2,536572.1944933962,0.16239999,2.8842857,0.8717915872833822
2,2,536577.1946872864,0.16239999,2.884782,0.8720169723945593
2,2,536582.194881177,0.16239999,2.88524,0.8722423567220066
2,2,536587.1950750677,0.16239999,2.8860419,0.8724677401847444
2,2,536592.1952689583,0.16239999,2.8865573,0.8726931254172244
2,2,536597.195462849,0.16239999,2.8870728,0.8729185116882724
2,2,536602.1956567392,0.16239999,2.8874545,0.8731438972216499
2,2,536607.1958506294,0.16239999,2.8878937,0.8733692819082217
2,2,536612.1960445195,0.16239999,2.88839,0.873594669605242
2,2,536617.1962384097,0.16239999,2.8889437,0.8738200535382622
2,2,536622.1964322999,0.16239999,2.8893638,0.8740454388744849
2,2,536627.1966261901,0.16239999,2.8897645,0.8742708221319518
2,2,536632.1968200803,0.16239999,2.890299,0.8744962074847447
2,2,536637.1970139705,0.16239999,2.890948,0.8747215933875435
2,2,536642.1972078606,0.16239999,2.8913682,0.8749469753121429
2,2,536647.1974017508,0.16239999,2.891998,0.8751723576769276
2,2,536652.197595641,0.16239999,2.8923035,0.8753977386098108
2,2,536657.1977895312,0.16239999,2.892819,0.8756231199127685
2,2,536662.1979834214,0.16239999,2.8931434,0.8758485024603565
2,2,536667.1981773116,0.16239999,2.8936398,0.8760738825534418
2,2,536672.1983712018,0.16239999,2.8940408,0.8762992655158243
2,2,536677.1985650919,0.16239999,2.8944225,0.8765246457725309
2,2,536682.1987589821,0.16239999,2.8948045,0.8767500269674602
2,2,536687.1989528723,0.16239999,2.8954344,0.8769754089744896
2,2,536692.1991467625,0.16239999,2.8958352,0.8772007912511661
2,2,536697.1993406527,0.16239999,2.8962743,0.8774261746887806
2,2,536702.1995345429,0.16239999,2.8965988,0.8776515562097423
2,2,536707.199728433,0.16239999,2.8971143,0.8778769354317736
2,2,536712.1999223232,0.16239999,2.8976297,0.8781023137058626
2,2,536717.2001162134,0.16239999,2.898107,0.8783276910918523
2,2,536722.2003101036,0.16239999,2.8986797,0.8785530670771038
2,2,536727.2005039938,0.16239999,2.8993862,0.8787784439973974
2,2,536732.200697884,0.16239999,2.899577,0.879003820855405
2,2,536737.2008917741,0.16239999,2.9001305,0.8792291987043092
2,2,536742.2010856643,0.16239999,2.9005506,0.8794545793052135
2,2,536747.2012795545,0.16239999,2.901047,0.8796799605408768
2,2,536752.2014734447,0.16239999,2.9014287,0.8799053417545973
2,2,536757.2016673349,0.16239999,2.9021542,0.8801307241324189
2,2,536762.2018612251,0.16239999,2.9025168,0.8803561051763166
2,2,536767.2020551153,0.16239999,2.9030132,0.8805814879575854
2,2,536772.2022490054,0.16239999,2.9033568,0.8808068683044747
2,2,536777.2024428956,0.16239999,2.903834,0.881032251249076
2,2,536782.2026367858,0.16239999,2.9043305,0.8812576353626246
2,2,536787.202830676,0.16239999,2.9047122,0.8814830182008018
2,2,536792.2030245662,0.16239999,2.9054568,0.881708402123141
2,2,536797.2032184564,0.16239999,2.9058576,0.8819337839133006
2,2,536802.2034123465,0.16239999,2.9061248,0.8821591683550563
2,2,536807.2036062367,0.16239999,2.9068503,0.8823845535426118
2,2,536812.2038001269,0.16239999,2.9073086,0.8826099378714912
2,2,536817.2039940171,0.16239999,2.9076521,0.8828353236428411
2,2,536822.2041879073,0.16239999,2.9079385,0.8830607115818621
2,2,536827.2043817975,0.16239999,2.9087403,0.8832861003138757
2,2,536832.2045756876,0.16239999,2.9091604,0.8835114871627782
2,2,536837.2047695778,0.16239999,2.909695,0.8837368739737423
2,2,536842.204963468,0.16239999,2.9102294,0.8839622631692168
2,2,536847.2051573582,0.16239999,2.9104967,0.8841876494512775
2,2,536852.2053512484,0.16239999,2.911012,0.8844130313880577
2,2,536857.2055451386,0.16239999,2.9117374,0.8846384133649992
2,2,536862.2057390288,0.16239999,2.912062,0.8848637981447256
2,2,536867.2059329189,0.16239999,2.9123483,0.8850891853028355
2,2,536872.2061268091,0.16239999,2.9127684,0.8853145685521714
2,2,536877.2063206993,0.16239999,2.9132266,0.8855399550252328
2,2,536882.2065145895,0.16239999,2.9139328,0.8857653407509826
2,2,536887.2067084797,0.16239999,2.9142957,0.8859907279271221
2,2,536892.2069023699,0.16239999,2.9146965,0.8862161133298934
2,2,536897.20709626,0.16239999,2.9150782,0.8864414976756865
2,2,536902.2072901502,0.16239999,2.9154792,0.8866668802427594
2,2,536907.2074840404,0.16239999,2.9162047,0.8868922636350255
2,2,536912.2076779306,0.16239999,2.916491,0.8871176486206488
2,2,536917.2078718208,0.16239999,2.91693,0.8873430332753148
2,2,536922.208065711,0.16239999,2.9175026,0.887568417682754
2,2,536927.2082596011,0.16239999,2.9178846,0.8877938034995093
2,2,536932.2084534913,0.16239999,2.9185336,0.8880191862060488
2,2,536937.2086473815,0.16239999,2.9186292,0.8882445691263116
2,2,536942.2088412717,0.16239999,2.9191062,0.8884699531144221
2,2,536947.2090351619,0.16239999,2.9196599,0.888695337233143
2,2,536952.2092290521,0.16239999,2.92029,0.8889207211562654
2,2,536957.2094229423,0.16239999,2.9208245,0.8891461051349344
2,2,536962.2096168324,0.16239999,2.92113,0.8893714865127026
2,2,536967.2098107226,0.16239999,2.9217217,0.8895968694876641
2,2,536972.2100046128,0.16239999,2.9223325,0.8898222556579123
2,2,536977.210198503,0.16239999,2.9225998,0.8900476421370682
2,2,536982.2103923932,0.16239999,2.92302,0.890273029110787
2,2,536987.2105862834,0.16239999,2.9236116,0.8904984155140032
2,2,536992.2107801735,0.16239999,2.923898,0.8907237994851148
2,2,536997.2109740637,0.16239999,2.9242225,0.8909491838958712
2,2,537002.2111679539,0.16239999,2.9248526,0.8911745679205343
2,2,537007.2113618441,0.16239999,2.925368,0.8913999498284163
2,2,537012.2115557343,0.16239999,2.925788,0.8916253332044567
2,2,537017.2117496245,0.16239999,2.9261315,0.8918507169002884
2,2,537022.2119435146,0.16239999,2.9267042,0.892076099773139
2,2,537027.2121374048,0.16239999,2.9272578,0.8923014808715095
2,2,537032.212331295,0.16239999,2.9276016,0.8925268627942595
2,2,537037.2125251852,0.16239999,2.9280214,0.8927522427827296
2,2,537042.2127190754,0.16239999,2.9283268,0.8929776215599695
2,2,537047.2129129656,0.16239999,2.928938,0.8932030018364459
2,2,537052.2131068558,0.16239999,2.9292815,0.8934283843860058
2,2,537057.2133007459,0.16239999,2.9297588,0.8936537639931783
2,2,537062.2134946361,0.16239999,2.9301214,0.8938791427669264
2,2,537067.2136885263,0.16239999,2.9305987,0.8941045214741714
2,2,537072.2138824165,0.16239999,2.9309042,0.8943298993095403
2,2,537077.2140763067,0.16239999,2.9313815,0.8945552773338378
2,2,537082.2142701969,0.16239999,2.9320495,0.8947806589155672
2,2,537087.214464087,0.16239999,2.9324315,0.895006041495812
2,2,537092.2146579772,0.16239999,2.9326987,0.8952314250388075
2,2,537097.2148518674,0.16239999,2.9332905,0.8954568076041353
2,2,537102.2150457576,0.16239999,2.9337678,0.895682190459419
2,2,537107.2152396478,0.16239999,2.9343977,0.8959075704662571
2,2,537112.215433538,0.16239999,2.9345121,0.8961329495403414
2,2,537117.2156274281,0.16239999,2.9350085,0.896358330490789
2,2,537122.2158213183,0.16239999,2.9354477,0.8965837130317128
2,2,537127.2160152085,0.16239999,2.935734,0.8968090994609672
2,2,537132.2162090987,0.16239999,2.9364212,0.8970344836278022
2,2,537137.2164029889,0.16239999,2.936593,0.8972598660706814
2,2,537142.2165968791,0.16239999,2.9369938,0.8974852499194139
2,2,537147.2167907692,0.16239999,2.9374712,0.8977106366186426
2,2,537152.2169846594,0.16239999,2.9379103,0.8979360199072024
2,2,537157.2171785496,0.16239999,2.9387121,0.8981614028335688
2,2,537162.2173724398,0.16239999,2.9392848,0.8983867829974685
2,2,537167.21756633,0.16239999,2.9399529,0.8986121632845512
2,2,537172.2177602202,0.16239999,2.9403539,0.8988375431665143
2,2,537177.2179541104,0.16239999,2.9407356,0.8990629225021496
2,2,537182.2181480005,0.16239999,2.9413848,0.8992883031158102
2,2,537187.2183418907,0.16239999,2.9418237,0.8995136855984035
2,2,537192.2185357809,0.16239999,2.9424348,0.8997390667106231
2,2,537197.2187296711,0.16239999,2.9428165,0.8999644469711999
2,2,537202.2189235613,0.16239999,2.943523,0.900189829071576
2,2,537207.2191174515,0.16239999,2.9439046,0.9004152124723258
2,2,537212.2193113416,0.16239999,2.9446492,0.900640595658715
2,2,537217.2195052318,0.16239999,2.9451072,0.9008659784499121
2,2,537222.219699122,0.16239999,2.9456227,0.9010913624652711
2,2,537227.2198930122,0.16239999,2.946081,0.9013167478881036
2,2,537232.2200869024,0.16239999,2.9465773,0.9015421312142234
2,2,537237.2202807926,0.16239999,2.9471881,0.9017675141145675
2,2,537242.2204746827,0.16239999,2.9476845,0.9019928982699982
2,2,537247.2206685729,0.16239999,2.9480472,0.9022182808043266
2,2,537252.2208624631,0.16239999,2.9486008,0.9024436654321134
2,2,537257.2210563533,0.16239999,2.949078,0.9026690513146541
2,2,537262.2212502435,0.16239999,2.949479,0.9028944345711624
2,2,537267.2214441337,0.16239999,2.949918,0.9031198181832363
2,2,537272.2216380239,0.16239999,2.9503953,0.9033452010918049
2,2,537277.221831914,0.16239999,2.9508727,0.9035705823762571
2,2,537282.2220258042,0.16239999,2.9514644,0.9037959647597386
2,2,537287.2222196944,0.16239999,2.9519227,0.9040213467812949
2,2,537292.2224135846,0.16239999,2.9525335,0.9042467296733058
2,2,537297.2226074748,0.16239999,2.9528008,0.9044721146482905
2,2,537302.222801365,0.16239999,2.9532971,0.9046975011996392
2,2,537307.2229952551,0.16239999,2.953698,0.9049228859491867
2,2,537312.2231891453,0.16239999,2.9541562,0.9051482709160179
2,2,537317.2233830355,0.16239999,2.9545379,0.9053736556103814
2,2,537322.2235769257,0.16239999,2.9553587,0.9055990409169351
2,2,537327.2237708159,0.16239999,2.955836,0.9058244239271404
2,2,537332.2239647061,0.16239999,2.9564278,0.9060498089576865
2,2,537337.2241585962,0.16239999,2.9569242,0.9062751915892078
2,2,537342.2243524864,0.16239999,2.9576116,0.906500575442813
2,2,537347.2245463766,0.16239999,2.9578788,0.9067259588018379
2,2,537352.2247402668,0.16239999,2.9586232,0.9069513449384293
2,2,537357.224934157,0.16239999,2.9591577,0.9071767320564857
2,2,537362.2251280472,0.16239999,2.9599023,0.9074021192631163
2,2,537367.2253219374,0.16239999,2.9603033,0.9076275050522069
2,2,537372.2255158275,0.16239999,2.9609714,0.9078528905518299
2,2,537377.2257097177,0.16239999,2.961563,0.9080782747402394
2,2,537382.2259036079,0.16239999,2.9619641,0.9083036601348556
2,2,537387.2260974981,0.16239999,2.9627469,0.9085290440004331
2,2,537392.2262913883,0.16239999,2.9633195,0.9087544311316605
2,2,537397.2264852785,0.16239999,2.9637775,0.9089798169862756
2,2,537402.2266791686,0.16239999,2.9642549,0.9092052025645818
2,2,537407.2268730588,0.16239999,2.9647894,0.9094305891058209
2,2,537412.227066949,0.16239999,2.9653049,0.9096559736112484
2,2,537417.2272608392,0.16239999,2.9658394,0.9098813587977898
2,2,537422.2274547294,0.16239999,2.966412,0.9101067420881717
2,2,537427.2276486196,0.16239999,2.9668703,0.9103321228121911
2,2,537432.2278425097,0.16239999,2.9673092,0.910557505658193
2,2,537437.2280363999,0.16239999,2.9681685,0.9107828898161735
2,2,537442.2282302901,0.16239999,2.968474,0.9110082739100798
2,2,537447.2284241803,0.16239999,2.969123,0.9112336564316446
2,2,537452.2286180705,0.16239999,2.9695048,0.9114590388165409
2,2,537457.2288119607,0.16239999,2.970211,0.9116844196042099
2,2,537462.2290058509,0.16239999,2.970841,0.9119098003894235
2,2,537467.229199741,0.16239999,2.9712038,0.9121351757664155
2,2,537472.2293936312,0.16239999,2.971681,0.9123605558525071
2,2,537477.2295875214,0.16239999,2.972292,0.9125859338050438
2,2,537482.2297814116,0.16239999,2.9725783,0.9128113088735089
2,2,537487.2299753018,0.16239999,2.9732273,0.9130366852617102
2,2,537492.230169192,0.16239999,2.9737427,0.9132620620794135
2,2,537497.2303630821,0.16239999,2.974182,0.9134874395504573
2,2,537502.2305569723,0.16239999,2.9746974,0.9137128188743521
2,2,537507.2307508625,0.16239999,2.9749265,0.913938199908915
2,2,537512.2309447527,0.16239999,2.975461,0.9141635809273574
2,2,537517.2311386429,0.16239999,2.9761672,0.9143889621703901
2,2,537522.2313325331,0.16239999,2.9768164,0.9146143416521618
2,2,537527.2315264232,0.16239999,2.97716,0.9148397216668239
2,2,537532.2317203134,0.16239999,2.9777708,0.9150651010612881
2,2,537537.2319142036,0.16239999,2.9781144,0.9152904811933681
2,2,537542.2321080938,0.16239999,2.978668,0.9155158637884808
2,2,537547.232301984,0.16239999,2.979508,0.9157412469132404
2,2,537552.2324958742,0.16239999,2.9798899,0.9159666299132103
2,2,537557.2326897644,0.16239999,2.9804435,0.9161920111301404
2,2,537562.2328836545,0.16239999,2.981169,0.9164173954287407
2,2,537567.2330775447,0.16239999,2.9817035,0.9166427782772129
2,2,537572.2332714349,0.16239999,2.9823525,0.916868159550028
2,2,537577.2334653251,0.16239999,2.982696,0.9170935375728975
2,2,537582.2336592153,0.16239999,2.9832115,0.9173189157046373
2,2,537587.2338531055,0.16239999,2.9838414,0.9175442918048157
2,2,537592.2340469956,0.16239999,2.9842615,0.9177696686071244
2,2,537597.2342408858,0.16239999,2.9848342,0.917995046988101
2,2,537602.234434776,0.16239999,2.9854069,0.9182204263880464
2,2,537607.2346286662,0.16239999,2.9859605,0.9184458084576871
2,2,537612.2348225564,0.16239999,2.986667,0.9186711883474551
2,2,537617.2350164466,0.16239999,2.987106,0.9188965678631816
2,2,537622.2352103367,0.16239999,2.9877932,0.9191219461768994
2,2,537627.2354042269,0.16239999,2.9881368,0.9193473248870037
2,2,537632.2355981171,0.16239999,2.9886904,0.9195727033667667
2,2,537637.2357920073,0.16239999,2.9891295,0.9197980803682012
2,2,537642.2359858975,0.16239999,2.9897785,0.9200234596510102
2,2,537647.2361797877,0.16239999,2.9904468,0.9202488403371666
2,2,537652.2363736778,0.16239999,2.9910004,0.9204742197145573
2,2,537657.236567568,0.16239999,2.9916685,0.9206995987284674
2,2,537662.2367614582,0.16239999,2.992184,0.9209249766399655
2,2,537667.2369553484,0.16239999,2.992795,0.921150354125105
2,2,537672.2371492386,0.16239999,2.993234,0.9213757322113847
2,2,537677.2373431288,0.16239999,2.9939404,0.9216011103230303
2,2,537682.237537019,0.16239999,2.994513,0.921826490313613
2,2,537687.2377309091,0.16239999,2.9948375,0.9220518689752182
2,2,537692.2379247993,0.16239999,2.995563,0.9222772487810588
2,2,537697.2381186895,0.16239999,2.996021,0.9225026264590896
2,2,537702.2383125797,0.16239999,2.9965174,0.9227280059893009
2,2,537707.2385064699,0.16239999,2.9968803,0.9229533850792682
2,2,537712.2387003601,0.16239999,2.9973192,0.9231787639881698
2,2,537717.2388942502,0.16239999,2.9979875,0.9234041446078605
2,2,537722.2390881404,0.16239999,2.9984646,0.9236295227053781
2,2,537727.2392820306,0.16239999,2.9990947,0.9238548996580362
2,2,537732.2394759208,0.16239999,2.9995337,0.9240802770776197
2,2,537735.7970715761,0.16239999,3.000011,0.9242406298740179
2,2,537735.7972715758,0.16239999,2.9999347,0.9242406388909813
3,1,537735.7980715754,-0.16239999,2.973544,-1.792177392376794e-08
3,1,537740.7982654683,-0.16239999,2.8596401,-0.00022580056335859828
3,1,537745.7984593585,-0.16239999,2.8261557,-0.00045158210870292455
3,1,537750.7986532487,-0.16239999,2.8017774,-0.0006773608007455866
3,1,537755.7988471389,-0.16239999,2.7808354,-0.0009031398412014048
3,1,537760.7990410291,-0.16239999,2.7607331,-0.00112891650319265
3,1,537765.7992349193,-0.16239999,2.7396958,-0.0013546952564749454
3,1,537770.7994288094,-0.16239999,2.7162719,-0.0015804733787510132
3,1,537775.7996226996,-0.16239999,2.6909773,-0.0018062526353870832
3,1,537780.7998165898,-0.16239999,2.6657016,-0.002032030100597276
3,1,537785.80001048,-0.16239999,2.6409416,-0.002257809649968313
3,1,537790.8002043702,-0.16239999,2.6169832,-0.002483591174018052
3,1,537795.8003982604,-0.16239999,2.594514,-0.0027093726231232286
3,1,537800.8005921505,-0.16239999,2.5730183,-0.0029351546701366703
3,1,537805.8007860407,-0.16239999,2.55284,-0.003160934971732398
3,1,537810.8009799309,-0.16239999,2.5334823,-0.003386715246046583
3,1,537815.8011738211,-0.16239999,2.515442,-0.003612496402161817
3,1,537820.8013677113,-0.16239999,2.4979935,-0.003838276479812132
3,1,537825.8015616015,-0.16239999,2.4814231,-0.004064053681786689
3,1,537830.8017554916,-0.16239999,2.465368,-0.004289828897280825
3,1,537835.8019493818,-0.16239999,2.4503822,-0.00451560398770372
3,1,537840.802143272,-0.16239999,2.4361026,-0.004741378030146989
3,1,537845.8023371622,-0.16239999,2.4221668,-0.004967151417141159
3,1,537850.8025310524,-0.16239999,2.4092617,-0.005192928136783341
3,1,537855.8027249426,-0.16239999,2.3966432,-0.005418704277264575
3,1,537860.8029188327,-0.16239999,2.3846924,-0.0056444833506767945
3,1,537865.8031127229,-0.16239999,2.373143,-0.005870261901487907
3,1,537870.8033066131,-0.16239999,2.3622234,-0.006096041237028109
3,1,537875.8035005033,-0.16239999,2.35159,-0.00632181931971593
3,1,537880.8036943935,-0.16239999,2.3414912,-0.006547598339320056
3,1,537885.8038882837,-0.16239999,2.3320224,-0.006773377539373106
3,1,537890.8040821739,-0.16239999,2.3228781,-0.006999157293924854
3,1,537895.804276064,-0.16239999,2.3139248,-0.007224936694238748
3,1,537900.8044699542,-0.16239999,2.305697,-0.007450716380198796
3,1,537905.8046638444,-0.16239999,2.2976408,-0.00767649156893293
3,1,537910.804857735,-0.16239999,2.2898328,-0.00790226856045425
3,1,537915.8050516257,-0.16239999,2.2825594,-0.008128043298668331
3,1,537920.8052455164,-0.16239999,2.2755916,-0.008353818640102114
3,1,537925.805439407,-0.16239999,2.2687953,-0.008579592703209155
3,1,537930.8056332977,-0.16239999,2.2624383,-0.00880536382028295
3,1,537935.8058271883,-0.16239999,2.2564821,-0.00903113359562556
3,1,537940.806021079,-0.16239999,2.2508504,-0.009256903961514433
3,1,537945.8062149696,-0.16239999,2.245677,-0.009482672696500188
3,1,537950.8064088603,-0.16239999,2.2407327,-0.009708441427909666
3,1,537955.8066027509,-0.16239999,2.236151,-0.009934211145568226
3,1,537960.8067966416,-0.16239999,2.2317984,-0.010159979011571242
3,1,537965.8069905322,-0.16239999,2.2278848,-0.01038574590663198
3,1,537970.8071844229,-0.16239999,2.2241814,-0.010611516199224525
3,1,537975.8073783135,-0.16239999,2.2207642,-0.010837284031939176
3,1,537980.8075722042,-0.16239999,2.217366,-0.01106305130664342
3,1,537985.8077660948,-0.16239999,2.2145598,-0.011288821444293691
3,1,537990.8079599855,-0.16239999,2.2117727,-0.011514590231858194
3,1,537995.8081538761,-0.16239999,2.2090046,-0.011740355924602184
3,1,538000.8083477668,-0.16239999,2.2064273,-0.011966122831946445
3,1,538005.8085416574,-0.16239999,2.204041,-0.012191890746357539
3,1,538010.8087355478,-0.16239999,2.2019603,-0.012417657347062395
3,1,538015.8089294382,-0.16239999,2.1997457,-0.012643424701770146
3,1,538020.8091233287,-0.16239999,2.1977413,-0.0128691938297732
3,1,538025.8093172191,-0.16239999,2.1960423,-0.0130949609410531
3,1,538030.8095111095,-0.16239999,2.1940186,-0.013320726618231998
3,1,538035.8097049999,-0.16239999,2.1923578,-0.013546493591572676
3,1,538040.8098988903,-0.16239999,2.1907732,-0.013772260036613379
3,1,538045.8100927807,-0.16239999,2.189227,-0.013998025923269491
3,1,538050.8102866707,-0.16239999,2.187738,-0.014223791217914887
3,1,538055.8104805611,-0.16239999,2.1864016,-0.014449555845965115
3,1,538060.8106744516,-0.16239999,2.1848743,-0.014675324370581245
3,1,538065.8108683422,-0.16239999,2.1835763,-0.014901095703215237
3,1,538070.8110622327,-0.16239999,2.182221,-0.015126864028512606
3,1,538075.8112561232,-0.16239999,2.1809227,-0.015352631546641392
3,1,538080.8114500138,-0.16239999,2.1796818,-0.015578400686838563
3,1,538085.8116439043,-0.16239999,2.1785936,-0.015804170877572566
3,1,538090.8118377948,-0.16239999,2.1771429,-0.016029943054398733
3,1,538095.8120316854,-0.16239999,2.175921,-0.016255715128912697
3,1,538100.8122255759,-0.16239999,2.1749666,-0.01648148772187614
3,1,538105.8124194664,-0.16239999,2.173592,-0.016707260412426463
3,1,538110.812613357,-0.16239999,2.1726565,-0.016933031622934677
3,1,538115.8128072475,-0.16239999,2.1713967,-0.017158802005189166
3,1,538120.8130011379,-0.16239999,2.170213,-0.017384571148282128
3,1,538125.8131950286,-0.16239999,2.1690295,-0.017610336428109146
3,1,538130.8133889192,-0.16239999,2.1677504,-0.01783610298278928
3,1,538135.8135828098,-0.16239999,2.166605,-0.018061872150624794
3,1,538140.8137767003,-0.16239999,2.1655169,-0.01828764184813036
3,1,538145.8139705908,-0.16239999,2.1644096,-0.0185134105665096
3,1,538150.8141644814,-0.16239999,2.1632452,-0.018739181933756507
3,1,538155.8143583719,-0.16239999,2.1620615,-0.01896495505002969
3,1,538160.8145522624,-0.16239999,2.1608016,-0.019190728884273936
3,1,538165.8147461526,-0.16239999,2.1596942,-0.01941650173893985
3,1,538170.814940043,-0.16239999,2.1584916,-0.019642270792736775
3,1,538175.8151339334,-0.16239999,2.157308,-0.019868037010950346
3,1,538180.8153278239,-0.16239999,2.1561244,-0.0200938041130354
3,1,538185.8155217143,-0.16239999,2.1548455,-0.02031957178821415
3,1,538190.8157156047,-0.16239999,2.1536617,-0.020545341610960662
3,1,538195.8159094951,-0.16239999,2.1522872,-0.020771112082179223
3,1,538200.8161033855,-0.16239999,2.151161,-0.02099688236385667
3,1,538205.816297276,-0.16239999,2.149691,-0.021222651500146423
3,1,538210.8164911666,-0.16239999,2.1485074,-0.021448418087405465
3,1,538215.8166850568,-0.16239999,2.1471138,-0.021674186130305962
3,1,538220.8168789474,-0.16239999,2.1457775,-0.021899952889558344
3,1,538225.8170728381,-0.16239999,2.144384,-0.022125716695725092
3,1,538230.8172667287,-0.16239999,2.1430285,-0.02235148138142543
3,1,538235.8174606194,-0.16239999,2.1415777,-0.02257724648196747
3,1,538240.81765451,-0.16239999,2.1401649,-0.02280301199007945
3,1,538245.8178484007,-0.16239999,2.138714,-0.023028777840375075
3,1,538250.8180422913,-0.16239999,2.1373205,-0.02325454192571094
3,1,538255.818236182,-0.16239999,2.135755,-0.02348030209004962
3,1,538260.8184300726,-0.16239999,2.1343997,-0.023706063490317928
3,1,538265.8186239633,-0.16239999,2.132796,-0.023931827370771104
3,1,538270.8188178539,-0.16239999,2.1309824,-0.024157589772129225
3,1,538275.8190117446,-0.16239999,2.1295125,-0.024383351601259578
3,1,538280.8192056352,-0.16239999,2.127909,-0.024609113842322596
3,1,538285.8193995259,-0.16239999,2.1262481,-0.024834877855795127
3,1,538290.8195934165,-0.16239999,2.1243963,-0.025060640922360954
3,1,538295.8197873072,-0.16239999,2.1228883,-0.025286404575930704
3,1,538300.8199811978,-0.16239999,2.121189,-0.025512169798503324
3,1,538305.8201750885,-0.16239999,2.1193564,-0.02573793629271703
3,1,538310.8203689791,-0.16239999,2.117753,-0.025963701860956853
3,1,538315.8205628693,-0.16239999,2.1158822,-0.026189466076453533
3,1,538320.8207567595,-0.16239999,2.1142404,-0.026415232604321513
3,1,538325.8209506497,-0.16239999,2.1121786,-0.02664099718211675
3,1,538330.8211445399,-0.16239999,2.1102886,-0.026866761782014543
3,1,538335.82133843,-0.16239999,2.108513,-0.0270925263804007
3,1,538340.8215323202,-0.16239999,2.1066232,-0.027318292436564143
3,1,538345.8217262104,-0.16239999,2.1045616,-0.027544055774518194
3,1,538350.8219201006,-0.16239999,2.1028817,-0.02776982213771427
3,1,538355.8221139908,-0.16239999,2.1008198,-0.02799558726860915
3,1,538360.822307881,-0.16239999,2.0990062,-0.028221353166932046
3,1,538365.8225017712,-0.16239999,2.0970972,-0.028447117842091467
3,1,538370.8226956613,-0.16239999,2.094978,-0.028672882614246685
3,1,538375.8228895515,-0.16239999,2.0929546,-0.028898647567154646
3,1,538380.8230834417,-0.16239999,2.0910456,-0.029124414467850506
3,1,538385.8232773319,-0.16239999,2.0890794,-0.029350182780356057
3,1,538390.8234712221,-0.16239999,2.0869412,-0.029575952706804718
3,1,538395.8236651123,-0.16239999,2.0849557,-0.029801724550695068
3,1,538400.8238590024,-0.16239999,2.0827985,-0.03002749487123888
3,1,538405.8240528926,-0.16239999,2.0808895,-0.030253267468312563
3,1,538410.8242467828,-0.16239999,2.0787897,-0.030479041430594208
3,1,538415.824440673,-0.16239999,2.0766706,-0.030704813320376823
3,1,538420.8246345632,-0.16239999,2.0745897,-0.030930584967786254
3,1,538425.8248284534,-0.16239999,2.0726426,-0.031156355437263035
3,1,538430.8250223435,-0.16239999,2.0705235,-0.03138212557347203
3,1,538435.8252162337,-0.16239999,2.0683472,-0.03160789641278818
3,1,538440.8254101239,-0.16239999,2.0661328,-0.03183366440902569
3,1,538445.8256040141,-0.16239999,2.0642047,-0.03205943119416884
3,1,538450.8257979043,-0.16239999,2.0621238,-0.032285197566579625
3,1,538455.8259917945,-0.16239999,2.059814,-0.03251096311428482
3,1,538460.8261856847,-0.16239999,2.0576758,-0.032736728026114416
3,1,538465.8263795748,-0.16239999,2.0555568,-0.03296249662879773
3,1,538470.826573465,-0.16239999,2.0533996,-0.033188263747476056
3,1,538475.8267673552,-0.16239999,2.0512805,-0.03341403114674242
3,1,538480.8269612454,-0.16239999,2.0492952,-0.03363979837093421
3,1,538485.8271551356,-0.16239999,2.047138,-0.03386556487076814
3,1,538490.8273490258,-0.16239999,2.04521,-0.034091329700878116
3,1,538495.8275429159,-0.16239999,2.0428045,-0.034317093125135555
3,1,538500.8277368061,-0.16239999,2.040819,-0.03454285819619648
3,1,538505.8279306963,-0.16239999,2.0388718,-0.03476862781791474
3,1,538510.8281245865,-0.16239999,2.0368102,-0.03499439665198742
3,1,538515.8283184767,-0.16239999,2.0347102,-0.035220162244282684
3,1,538520.8285123669,-0.16239999,2.032591,-0.03544592985332263
3,1,538525.828706257,-0.16239999,2.0303957,-0.03567169887505971
3,1,538530.8289001472,-0.16239999,2.028353,-0.03589746701274235
3,1,538535.8290940374,-0.16239999,2.026482,-0.036123232835217504
3,1,538540.8292879276,-0.16239999,2.0243824,-0.036348996380255474
3,1,538545.8294818178,-0.16239999,2.0221677,-0.036574757448041624
3,1,538550.829675708,-0.16239999,2.020087,-0.036800520789846795
3,1,538555.8298695982,-0.16239999,2.0178342,-0.03702628478132439
3,1,538560.8300634883,-0.16239999,2.016078,-0.03725204669300552
3,1,538565.8302573785,-0.16239999,2.0138826,-0.03747781111193119
3,1,538570.8304512687,-0.16239999,2.011859,-0.03770357323272032
3,1,538575.8306451589,-0.16239999,2.0098355,-0.03792933266299965
3,1,538580.8308390491,-0.16239999,2.007583,-0.0381550931756389
3,1,538585.8310329393,-0.16239999,2.0055974,-0.038380854264233696
3,1,538590.8312268294,-0.16239999,2.003631,-0.03860661793409621
3,1,538595.8314207196,-0.16239999,2.001684,-0.03883238176752215
3,1,538600.8316146098,-0.16239999,1.999603,-0.039058142822250744
3,1,538605.8318085,-0.16239999,1.997484,-0.039283905364878496
3,1,538610.8320023902,-0.16239999,1.9952505,-0.03950967094371967
3,1,538615.8321962804,-0.16239999,1.9934177,-0.03973543571895115
3,1,538620.8323901705,-0.16239999,1.9914323,-0.0399612011021409
3,1,538625.8325840607,-0.16239999,1.9893706,-0.0401869661736621
3,1,538630.8327779509,-0.16239999,1.9874043,-0.04041272971684488
3,1,538635.8329718411,-0.16239999,1.9854189,-0.04063848910598542
3,1,538640.8331657313,-0.16239999,1.9833953,-0.04086424687853955
3,1,538645.8333596215,-0.16239999,1.9815818,-0.0410900044511681
3,1,538650.8335535116,-0.16239999,1.9795773,-0.04131576351685576
3,1,538655.8337474018,-0.16239999,1.9777828,-0.041541521902965194
3,1,538660.833941292,-0.16239999,1.9757974,-0.041767276716620574
3,1,538665.8341351822,-0.16239999,1.9740411,-0.04199303308257794
3,1,538670.8343290724,-0.16239999,1.9719985,-0.04221879072342153
3,1,538675.8345229626,-0.16239999,1.9701848,-0.04244454605407022
3,1,538680.8347168528,-0.16239999,1.9681995,-0.04267029905790672
3,1,538685.8349107429,-0.16239999,1.9663858,-0.04289605378887473
3,1,538690.8351046331,-0.16239999,1.9643432,-0.04312180828663212
3,1,538695.8352985233,-0.16239999,1.9625487,-0.04334756230779242
3,1,538700.8354924135,-0.16239999,1.9606206,-0.0435733175249133
3,1,538705.8356863037,-0.16239999,1.9587879,-0.04379907026229966
3,1,538710.8358801939,-0.16239999,1.9568408,-0.04402482650085457
3,1,538715.836074084,-0.16239999,1.9550463,-0.04425058824618162
3,1,538720.8362679742,-0.16239999,1.9533281,-0.044476350433181565
3,1,538725.8364618644,-0.16239999,1.9515337,-0.044702110972064245
3,1,538730.8366557546,-0.16239999,1.9496247,-0.044927873984551274
3,1,538735.8368496448,-0.16239999,1.9476392,-0.045153636814733354
3,1,538740.837043535,-0.16239999,1.9462074,-0.045379399355053085
3,1,538745.8372374251,-0.16239999,1.9440311,-0.045605159902326775
3,1,538750.8374313153,-0.16239999,1.9422557,-0.045830923150099824
3,1,538755.8376252055,-0.16239999,1.9405376,-0.046056686208902145
3,1,538760.8378190957,-0.16239999,1.9389149,-0.04628244893726376
3,1,538765.8380129859,-0.16239999,1.9371204,-0.04650821145107598
3,1,538770.8382068761,-0.16239999,1.9354596,-0.04673397137143712
3,1,538775.8384007663,-0.16239999,1.9336269,-0.046959732861380624
3,1,538780.8385946564,-0.16239999,1.9319279,-0.04718549471610372
3,1,538785.8387885466,-0.16239999,1.9302862,-0.04741125900162592
3,1,538790.8389824368,-0.16239999,1.9284725,-0.047637024930782625
3,1,538795.839176327,-0.16239999,1.9266971,-0.04786279187188216
3,1,538800.8393702172,-0.16239999,1.9249408,-0.048088558406051675
3,1,538805.8395641074,-0.16239999,1.9230509,-0.04831432480013703
3,1,538810.8397579975,-0.16239999,1.9213136,-0.04854009122680378
3,1,538815.8399518877,-0.16239999,1.919481,-0.04876585832891035
3,1,538820.8401457779,-0.16239999,1.917782,-0.048991628546841456
3,1,538825.8403396681,-0.16239999,1.9159112,-0.04921739888285185
3,1,538830.8405335583,-0.16239999,1.9144222,-0.049443166922296104
3,1,538835.8407274485,-0.16239999,1.9125894,-0.04966893444684149
3,1,538840.8409213386,-0.16239999,1.910814,-0.04989470073805585
3,1,538845.8411152288,-0.16239999,1.9091723,-0.05012046554272127
3,1,538850.841309119,-0.16239999,1.9074923,-0.05034622664232719
3,1,538855.8415030092,-0.16239999,1.9058124,-0.050571991571912354
3,1,538860.8416968994,-0.16239999,1.9041325,-0.05079775619357909
3,1,538865.8418907896,-0.16239999,1.9024334,-0.051023521248944124
3,1,538870.8420846798,-0.16239999,1.9008107,-0.05124928670522407
3,1,538875.8422785699,-0.16239999,1.8995508,-0.05147505181706119
3,1,538880.8424724601,-0.16239999,1.8977945,-0.05170081532886543
3,1,538885.8426663503,-0.16239999,1.8964008,-0.05192657987311567
3,1,538890.8428602405,-0.16239999,1.8944918,-0.05215234517944523
3,1,538895.8430541307,-0.16239999,1.8930218,-0.05237810825385155
3,1,538900.8432480209,-0.16239999,1.8913801,-0.05260387160628208
3,1,538905.843441911,-0.16239999,1.889872,-0.052829635314270866
3,1,538910.8436358012,-0.16239999,1.8883829,-0.05305539819484288
3,1,538915.8438296914,-0.16239999,1.8867984,-0.05328116088883249
3,1,538920.8440235816,-0.16239999,1.885233,-0.05350692557198473
3,1,538925.8442174718,-0.16239999,1.883744,-0.05373269076296109
3,1,538930.844411362,-0.16239999,1.8822168,-0.053958455711570895
3,1,538935.8446052521,-0.16239999,1.8806704,-0.054184220758922416
3,1,538940.8447991423,-0.16239999,1.879086,-0.05440998401826539
3,1,538945.8449930325,-0.16239999,1.877616,-0.05463574759572415
3,1,538950.8451869227,-0.16239999,1.8760124,-0.054861509103634305
3,1,538955.8453808129,-0.16239999,1.8747143,-0.055087273260403025
3,1,538960.8455747031,-0.16239999,1.8732826,-0.055313036068305385
3,1,538965.8457685933,-0.16239999,1.8715072,-0.055538804370217035
3,1,538970.8459624834,-0.16239999,1.8699417,-0.05576456952677254
3,1,538975.8461563736,-0.16239999,1.8686627,-0.05599033315029245
3,1,538980.8463502638,-0.16239999,1.8672881,-0.05621609388503433
3,1,538985.846544154,-0.16239999,1.8657991,-0.05644185700781727
3,1,538990.8467380442,-0.16239999,1.86431,-0.05666762169816843
3,1,538995.8469319344,-0.16239999,1.862821,-0.0568933865972923
3,1,539000.8471258245,-0.16239999,1.8612366,-0.05711914744846193
3,1,539005.8473197147,-0.16239999,1.8599384,-0.05734491253910877
3,1,539010.8475136049,-0.16239999,1.8585067,-0.05757067957613453
3,1,539015.8477074951,-0.16239999,1.8570558,-0.05779644365336168
3,1,539020.8479013853,-0.16239999,1.8556049,-0.05802221305569263
3,1,539025.8480952755,-0.16239999,1.8541923,-0.058247980591541376
3,1,539030.8482891656,-0.16239999,1.8529513,-0.0584737511410763
3,1,539035.8484830558,-0.16239999,1.8517104,-0.05869952223164673
3,1,539040.848676946,-0.16239999,1.8502978,-0.05892529515784898
3,1,539045.8488708362,-0.16239999,1.8491142,-0.05915106678872806
3,1,539050.8490647264,-0.16239999,1.8476825,-0.059376837053756765
3,1,539055.8492586166,-0.16239999,1.8464798,-0.05960260494416292
3,1,539060.8494525068,-0.16239999,1.8450861,-0.059828371819431604
3,1,539065.8496463969,-0.16239999,1.843788,-0.06005413808183126
3,1,539070.8498402871,-0.16239999,1.8424708,-0.06027990776655411
3,1,539075.8500341773,-0.16239999,1.8410772,-0.060505679121048934
3,1,539080.8502280675,-0.16239999,1.8398364,-0.06073144940092251
3,1,539085.8504219577,-0.16239999,1.8386337,-0.060957214027129135
3,1,539090.8506158479,-0.16239999,1.8373355,-0.06118298199755121
3,1,539095.850809738,-0.16239999,1.8359991,-0.061408747505928105
3,1,539100.8510036282,-0.16239999,1.835121,-0.06163451398983269
3,1,539105.8511975184,-0.16239999,1.8337847,-0.06186028087613568
3,1,539110.8513914086,-0.16239999,1.8327156,-0.06208604870644131
3,1,539115.8515852988,-0.16239999,1.8313411,-0.06231181673484877
3,1,539120.851779189,-0.16239999,1.8301384,-0.06253758465459779
3,1,539125.8519730791,-0.16239999,1.8292602,-0.0627633538123891
3,1,539130.8521669693,-0.16239999,1.8281721,-0.06298912509600571
3,1,539135.8523608595,-0.16239999,1.826874,-0.06321489624658228
3,1,539140.8525547497,-0.16239999,1.8255949,-0.06344066674192664
3,1,539145.8527486399,-0.16239999,1.8245641,-0.06366643849838029
3,1,539150.8529425301,-0.16239999,1.8234186,-0.06389221089315415
3,1,539155.8531364202,-0.16239999,1.8220823,-0.06411798301830972
3,1,539160.8533303104,-0.16239999,1.821376,-0.064343755027747
3,1,539165.8535242006,-0.16239999,1.8201733,-0.0645695266104258
3,1,539170.8537180908,-0.16239999,1.8189515,-0.06479529726176711
3,1,539175.853911981,-0.16239999,1.817768,-0.0650210722508439
3,1,539180.8541058712,-0.16239999,1.8168898,-0.06524685520298946
3,1,539185.8542997614,-0.16239999,1.8158588,-0.06547264278337941
3,1,539190.8544936515,-0.16239999,1.8146563,-0.06569842243461148
3,1,539195.8546875417,-0.16239999,1.8136253,-0.0659241948460349
3,1,539200.8548814319,-0.16239999,1.8126327,-0.06614996840589578
3,1,539205.8550753221,-0.16239999,1.8115445,-0.06637573925939369
3,1,539210.8552692123,-0.16239999,1.8105708,-0.06660151155468988
3,1,539215.8554631025,-0.16239999,1.8097882,-0.06682728569070913
3,1,539220.8556569926,-0.16239999,1.8086046,-0.06705305941495135
3,1,539225.8558508828,-0.16239999,1.8078219,-0.0672788334607093
3,1,539230.856044773,-0.16239999,1.8066192,-0.06750460747210268
3,1,539235.8562386632,-0.16239999,1.8057411,-0.06773038199590478
3,1,539240.8564325534,-0.16239999,1.8048819,-0.06795615861688473
3,1,539245.8566264436,-0.16239999,1.8040993,-0.06818193571762825
3,1,539250.8568203337,-0.16239999,1.802992,-0.06840771083132097
3,1,539255.8570142239,-0.16239999,1.8020757,-0.06863348562902462
3,1,539260.8572081141,-0.16239999,1.8016558,-0.06885925902403561
3,1,539265.8574020043,-0.16239999,1.8007203,-0.06908503283547114
3,1,539270.8575958945,-0.16239999,1.7998421,-0.069310806473655
3,1,539275.8577897847,-0.16239999,1.799174,-0.06953658130664213
3,1,539280.8579836749,-0.16239999,1.7984104,-0.06976235478556488
3,1,539285.858177565,-0.16239999,1.797494,-0.06998812722169691
3,1,539290.8583714552,-0.16239999,1.796425,-0.07021389826881472
3,1,539295.8585653454,-0.16239999,1.7958523,-0.07043966887066679
3,1,539300.8587592356,-0.16239999,1.7950122,-0.07066543858443945
3,1,539305.8589531258,-0.16239999,1.7942678,-0.07089120787922955
3,1,539310.859147016,-0.16239999,1.7935805,-0.07111697527003537
3,1,539315.8593409061,-0.16239999,1.7929124,-0.07134274381756865
3,1,539320.8595347963,-0.16239999,1.7922251,-0.07156850993034575
3,1,539325.8597286865,-0.16239999,1.7914997,-0.07179427468754848
3,1,539330.8599225767,-0.16239999,1.7905834,-0.07202004023630255
3,1,539335.8601164669,-0.16239999,1.7902206,-0.07224580839027465
3,1,539340.8603103571,-0.16239999,1.7895334,-0.07247157755027216
3,1,539345.8605042472,-0.16239999,1.7887697,-0.0726973490724961
3,1,539350.8606981374,-0.16239999,1.7880825,-0.07292312002614472
3,1,539355.8608920276,-0.16239999,1.7874907,-0.07314889040340401
3,1,539360.8610859178,-0.16239999,1.7867271,-0.0733746582527616
3,1,539365.861279808,-0.16239999,1.7860208,-0.07360042638273455
3,1,539370.8614736982,-0.16239999,1.7855436,-0.07382619372046823
3,1,539375.8616675884,-0.16239999,1.7847799,-0.07405196016549154
3,1,539380.8618614785,-0.16239999,1.7842263,-0.07427772364074903
3,1,539385.8620553687,-0.16239999,1.7836727,-0.07450348704937432
3,1,539390.8622492589,-0.16239999,1.7831191,-0.07472924954027352
3,1,539395.8624431491,-0.16239999,1.7824891,-0.07495501199974038
3,1,539400.8626370393,-0.16239999,1.78184,-0.0751807738845249
3,1,539405.8628309295,-0.16239999,1.7815918,-0.0754065366437369
3,1,539410.8630248196,-0.16239999,1.7810764,-0.07563230202875866
3,1,539415.8632187098,-0.16239999,1.7804464,-0.07585806527758142
3,1,539420.8634126,-0.16239999,1.7798737,-0.07608383034197325
3,1,539425.8636064902,-0.16239999,1.7793773,-0.07630959233997184
3,1,539430.8638003804,-0.16239999,1.7789383,-0.07653535611773118
3,1,539435.8639942706,-0.16239999,1.7783273,-0.07676112145583333
3,1,539440.8641881607,-0.16239999,1.7778692,-0.0769868868358632
3,1,539445.8643820509,-0.16239999,1.7773919,-0.07721265204634022
3,1,539450.8645759411,-0.16239999,1.7771437,-0.07743841779248914
3,1,539455.8647698313,-0.16239999,1.7766093,-0.07766418307261833
3,1,539460.8649637215,-0.16239999,1.7761511,-0.07788994772118663
3,1,539465.8651576117,-0.16239999,1.7756547,-0.0781157130769897
3,1,539470.8653515019,-0.16239999,1.7751584,-0.07834147750761693
3,1,539475.865545392,-0.16239999,1.7747957,-0.07856724119944707
3,1,539480.8657392822,-0.16239999,1.7743375,-0.0787930028347547
3,1,539485.8659331724,-0.16239999,1.7739938,-0.0790187678959436
3,1,539490.8661270626,-0.16239999,1.773364,-0.07924452925104235
3,1,539495.8663209528,-0.16239999,1.7730584,-0.07947028936054558
3,1,539500.866514843,-0.16239999,1.7727911,-0.07969604767335124
3,1,539505.8667087331,-0.16239999,1.7725239,-0.0799218064748529
3,1,539510.8669026233,-0.16239999,1.7719512,-0.0801475639768839
3,1,539515.8670965135,-0.16239999,1.771703,-0.08037332592109012
3,1,539520.8672904042,-0.16239999,1.7713021,-0.08059908730298695
3,1,539525.8674842948,-0.16239999,1.7706722,-0.08082484942981932
3,1,539530.8676781855,-0.16239999,1.7705767,-0.08105061393086613
3,1,539535.8678720761,-0.16239999,1.7702904,-0.08127637992012501
3,1,539540.8680659668,-0.16239999,1.7699276,-0.08150214750589183
3,1,539545.8682598574,-0.16239999,1.7695649,-0.08172791225246423
3,1,539550.8684537481,-0.16239999,1.7690877,-0.08195367653445403
3,1,539555.8686476387,-0.16239999,1.7688776,-0.08217943947763906
3,1,539560.8688415294,-0.16239999,1.7684386,-0.08240520592647625
3,1,539565.86903542,-0.16239999,1.7683623,-0.08263097202999724
3,1,539570.8692293107,-0.16239999,1.767885,-0.0828567411344846
3,1,539575.8694232013,-0.16239999,1.7677132,-0.08308251054383152
3,1,539580.869617092,-0.16239999,1.7673695,-0.08330827835182762
3,1,539585.8698109826,-0.16239999,1.7671787,-0.08353404487678326
3,1,539590.8700048733,-0.16239999,1.7668159,-0.08375981021962646
3,1,539595.8701987639,-0.16239999,1.7666823,-0.08398557565866162
3,1,539600.8703926546,-0.16239999,1.7664914,-0.08421134069526857
3,1,539605.8705865447,-0.16239999,1.7661477,-0.08443710846121195
3,1,539610.8707804354,-0.16239999,1.765976,-0.08466287833103206
3,1,539615.870974326,-0.16239999,1.7657659,-0.08488864627338531
3,1,539620.8711682165,-0.16239999,1.7655178,-0.08511441520203401
3,1,539625.8713621069,-0.16239999,1.7652314,-0.08534018376264556
3,1,539630.8715559973,-0.16239999,1.7651551,-0.08556595284334322
3,1,539635.8717498877,-0.16239999,1.7648687,-0.08579172479722152
3,1,539640.8719437781,-0.16239999,1.7645824,-0.0860174981908078
3,1,539645.8721376685,-0.16239999,1.7643723,-0.08624327046848336
3,1,539650.872331559,-0.16239999,1.7640096,-0.0864690405402945
3,1,539655.8725254494,-0.16239999,1.7640669,-0.08669481086090537
3,1,539660.8727193398,-0.16239999,1.7638569,-0.08692058503721571
3,1,539665.8729132302,-0.16239999,1.7634751,-0.08714635731586565
3,1,539670.8731071207,-0.16239999,1.7633033,-0.08737213029163578
3,1,539675.8733010113,-0.16239999,1.7631315,-0.0875978996296293
3,1,539680.8734949018,-0.16239999,1.7631124,-0.08782366811200064
3,1,539685.8736887926,-0.16239999,1.7627306,-0.08804943600636636
3,1,539690.8738826831,-0.16239999,1.7625397,-0.08827520710257522
3,1,539695.8740765736,-0.16239999,1.7625015,-0.08850097694788789
3,1,539700.8742704642,-0.16239999,1.7625397,-0.08872674511497632
3,1,539705.8744643547,-0.16239999,1.7622342,-0.08895251417695978
3,1,539710.8746582452,-0.16239999,1.7616806,-0.08917828474126009
3,1,539715.8748521358,-0.16239999,1.7616234,-0.08940405296118556
3,1,539720.8750460262,-0.16239999,1.7614707,-0.08962982027342582
3,1,539725.8752399167,-0.16239999,1.7612988,-0.08985558677394852
3,1,539730.8754338073,-0.16239999,1.7611461,-0.09008135268842178
3,1,539735.8756276977,-0.16239999,1.761127,-0.09030712066663965
3,1,539740.8758215883,-0.16239999,1.7609743,-0.09053288836597981
3,1,539745.8760154787,-0.16239999,1.7608788,-0.09075865759532152
3,1,539750.8762093693,-0.16239999,1.7606115,-0.0909844258356061
3,1,539755.8764032598,-0.16239999,1.7605925,-0.09121019515658085
3,1,539760.8765971503,-0.16239999,1.7603635,-0.09143596427970627
3,1,539765.8767910409,-0.16239999,1.7601534,-0.09166173236681023
3,1,539770.8769849308,-0.16239999,1.7600198,-0.09188749724853451
3,1,539775.8771788212,-0.16239999,1.7598671,-0.09211326051108124
3,1,539780.8773727117,-0.16239999,1.7599434,-0.09233902804264921
3,1,539785.8775666021,-0.16239999,1.7597907,-0.09256479356055042
3,1,539790.8777604925,-0.16239999,1.7597144,-0.09279055953957965
3,1,539795.8779543829,-0.16239999,1.7595617,-0.09301632799927721
3,1,539800.8781482736,-0.16239999,1.7592561,-0.0932420959208003
3,1,539805.878342164,-0.16239999,1.7591989,-0.09346786262444072
3,1,539810.8785360544,-0.16239999,1.7589889,-0.0936936293593206
3,1,539815.8787299448,-0.16239999,1.7589316,-0.09391939697269595
3,1,539820.8789238352,-0.16239999,1.7588744,-0.09414516342049171
3,1,539825.8791177259,-0.16239999,1.7587216,-0.0943709317348806
3,1,539830.8793116165,-0.16239999,1.7586071,-0.09459669890454077
3,1,539835.8795055072,-0.16239999,1.7587025,-0.09482246637817138
3,1,539840.8796993978,-0.16239999,1.7582444,-0.09504823396325439
3,1,539845.8798932885,-0.16239999,1.7582825,-0.09527400439662566
3,1,539850.8800871791,-0.16239999,1.7581489,-0.09549977598504306
3,1,539855.8802810698,-0.16239999,1.7579962,-0.09572554990767851
3,1,539860.8804749604,-0.16239999,1.7580917,-0.09595132297356922
3,1,539865.8806688511,-0.16239999,1.7578244,-0.09617709581656586
3,1,539870.8808627417,-0.16239999,1.7577862,-0.09640286725653292
3,1,539875.8810566324,-0.16239999,1.7577099,-0.09662863900837632
3,1,539880.881250523,-0.16239999,1.7575953,-0.09685440952078085
3,1,539885.8814444137,-0.16239999,1.7576525,-0.09708017892628326
3,1,539890.8816383043,-0.16239999,1.7574617,-0.09730594849102114
3,1,539895.881832195,-0.16239999,1.7574235,-0.09753171709155703
3,1,539900.8820260856,-0.16239999,1.757309,-0.0977574846434088
3,1,539905.8822199763,-0.16239999,1.7571753,-0.09798325235220291
3,1,539910.8824138669,-0.16239999,1.7571372,-0.09820902109084939
3,1,539915.8826077576,-0.16239999,1.7570989,-0.09843478776126105
3,1,539920.8828016482,-0.16239999,1.7571944,-0.09866055060949507
3,1,539925.8829955384,-0.16239999,1.7571181,-0.098886315368452
3,1,539930.8831894286,-0.16239999,1.7570035,-0.09911208044234827
3,1,539935.8833833188,-0.16239999,1.7567935,-0.09933784779919931
3,1,539940.883577209,-0.16239999,1.7567554,-0.09956361602146839
3,1,539945.8837710992,-0.16239999,1.7568126,-0.09978938160270864
3,1,539950.8839649893,-0.16239999,1.7567744,-0.10001514814508125
3,1,539955.8841588795,-0.16239999,1.7566408,-0.10024091404383297
3,1,539960.8843527697,-0.16239999,1.7565453,-0.1004666838916747
3,1,539965.8845466599,-0.16239999,1.7565072,-0.10069245128781595
3,1,539970.8847405501,-0.16239999,1.7564117,-0.10091821775296246
3,1,539975.8849344403,-0.16239999,1.7563926,-0.1011439846151678
3,1,539980.8851283304,-0.16239999,1.7562399,-0.10136975193548284
3,1,539985.8853222206,-0.16239999,1.7562208,-0.10159551926003808
3,1,539990.8855161108,-0.16239999,1.7561444,-0.10182128554939641
3,1,539995.885710001,-0.16239999,1.7559345,-0.10204705318013907
3,1,540000.8859038912,-0.16239999,1.7558199,-0.10227281914528953
3,1,540005.8860977814,-0.16239999,1.7559726,-0.10249858619184624
3,1,540010.8862916715,-0.16239999,1.7559154,-0.1027243530780921
3,1,540015.8864855617,-0.16239999,1.7559154,-0.10295012062670866
3,1,540020.8866794519,-0.16239999,1.7558199,-0.10317589080295625
3,1,540025.8868733421,-0.16239999,1.7555336,-0.10340166270554889
3,1,540030.8870672323,-0.16239999,1.7555717,-0.10362743390359891
3,1,540035.8872611225,-0.16239999,1.7555526,-0.10385320526046218
3,1,540040.8874550126,-0.16239999,1.7555336,-0.10407897725038723
3,1,540045.8876489028,-0.16239999,1.7552663,-0.10430475047554899
3,1,540050.887842793,-0.16239999,1.7553426,-0.10453052610713984
3,1,540055.8880366832,-0.16239999,1.7553235,-0.10475630445118989
3,1,540060.8882305734,-0.16239999,1.7553618,-0.10498208252850501
3,1,540065.8884244636,-0.16239999,1.7554762,-0.10520786176046973
3,1,540070.8886183538,-0.16239999,1.7552663,-0.10543364292228218
3,1,540075.8888122439,-0.16239999,1.7552663,-0.10565941586730211
3,1,540080.8890061341,-0.16239999,1.7552472,-0.10588518715812097
3,1,540085.8892000243,-0.16239999,1.7551517,-0.10611095923281871
3,1,540090.8893939145,-0.16239999,1.7551136,-0.10633673416821159
3,1,540095.8895878047,-0.16239999,1.7549609,-0.106562510154436
3,1,540100.8897816949,-0.16239999,1.7549226,-0.1067882842582166
3,1,540105.889975585,-0.16239999,1.7550563,-0.10701405845641425
3,1,540110.8901694752,-0.16239999,1.7548463,-0.10723983154649368
3,1,540115.8903633654,-0.16239999,1.7549226,-0.10746560653593554
3,1,540120.8905572556,-0.16239999,1.7550181,-0.10769137897176209
3,1,540125.8907511458,-0.16239999,1.7548845,-0.10791715239096264
3,1,540130.890945036,-0.16239999,1.7548463,-0.10814292605397433
3,1,540135.8911389261,-0.16239999,1.7548654,-0.10836870051121376
3,1,540140.8913328163,-0.16239999,1.7548463,-0.10859447582122182
3,1,540145.8915267065,-0.16239999,1.754789,-0.10882025008317658
3,1,540150.8917205967,-0.16239999,1.7548273,-0.10904602328078362
3,1,540155.8919144869,-0.16239999,1.75456,-0.1092717963274866
3,1,540160.8921083771,-0.16239999,1.7545791,-0.10949756777261525
3,1,540165.8923022673,-0.16239999,1.7546172,-0.10972333657774988
3,1,540170.8924961574,-0.16239999,1.7544836,-0.1099491068458681
3,1,540175.8926900476,-0.16239999,1.754369,-0.11017487734831784
3,1,540180.8928839378,-0.16239999,1.7545408,-0.11040064820713298
3,1,540185.893077828,-0.16239999,1.7546744,-0.11062641905987011
3,1,540190.8932717182,-0.16239999,1.7545027,-0.11085219689510677
3,1,540195.8934656084,-0.16239999,1.7544073,-0.11107797792972621
3,1,540200.8936594985,-0.16239999,1.7543309,-0.1113037580763689
3,1,540205.8938533887,-0.16239999,1.75435,-0.11152953963654486
3,1,540210.8940472789,-0.16239999,1.7542927,-0.11175532186732273
3,1,540215.8942411691,-0.16239999,1.7542737,-0.11198110526719687
3,1,540220.8944350593,-0.16239999,1.7541782,-0.11220688707940361
3,1,540225.8946289495,-0.16239999,1.7544454,-0.11243267116099594
3,1,540230.8948228396,-0.16239999,1.7541972,-0.11265845289708755
3,1,540235.8950167298,-0.16239999,1.7543118,-0.11288422661587429
3,1,540240.89521062,-0.16239999,1.7541972,-0.11311000092132636
3,1,540245.8954045102,-0.16239999,1.7542927,-0.11333577340455021
3,1,540250.8955984004,-0.16239999,1.7542927,-0.113561545545251
3,1,540255.8957922906,-0.16239999,1.7541591,-0.11378731752523531
3,1,540260.8959861808,-0.16239999,1.7542927,-0.11401309244399103
3,1,540265.8961800709,-0.16239999,1.75414,-0.11423887733524789
3,1,540270.8963739611,-0.16239999,1.7542163,-0.11446465182440313
3,1,540275.8965678513,-0.16239999,1.7540636,-0.11469042580193611
3,1,540280.8967617415,-0.16239999,1.7541972,-0.1149161998260642
3,1,540285.8969556317,-0.16239999,1.7540255,-0.1151419708606733
3,1,540290.8971495219,-0.16239999,1.7539872,-0.11536774473882051
3,1,540295.897343412,-0.16239999,1.7538728,-0.11559351761405251
3,1,540300.8975373022,-0.16239999,1.7538728,-0.11581929267666156
3,1,540305.8977311924,-0.16239999,1.7540064,-0.11604506621819154
3,1,540310.8979250826,-0.16239999,1.7538728,-0.11627084120448926
3,1,540315.8981189728,-0.16239999,1.7540827,-0.1164966159346203
3,1,540320.898312863,-0.16239999,1.753949,-0.11672239183207601
3,1,540325.8985067531,-0.16239999,1.7540255,-0.11694816801326059
3,1,540330.8987006433,-0.16239999,1.7541018,-0.1171739419627322
3,1,540335.8988945335,-0.16239999,1.7538536,-0.11739971544591585
3,1,540340.8990884237,-0.16239999,1.7538345,-0.11762548792876633
3,1,540345.8992823139,-0.16239999,1.7540064,-0.11785125764669807
3,1,540350.8994762041,-0.16239999,1.7537391,-0.11807702674515377
3,1,540355.8996700943,-0.16239999,1.7538536,-0.11830279980024196
3,1,540360.8998639844,-0.16239999,1.7537582,-0.11852857202936375
3,1,540365.9000578746,-0.16239999,1.7537963,-0.11875434653543099
3,1,540370.9002517648,-0.16239999,1.7537963,-0.11898011895705012
3,1,540375.900445655,-0.16239999,1.7538536,-0.11920589017386649
3,1,540380.9006395452,-0.16239999,1.7537582,-0.11943166076721248
3,1,540385.9008334354,-0.16239999,1.7536246,-0.11965743062325399
3,1,540390.9010273255,-0.16239999,1.7536627,-0.11988319982285546
3,1,540395.9012212157,-0.16239999,1.7537199,-0.12010897049511221
3,1,540400.9014151059,-0.16239999,1.7537009,-0.12033474405813131
3,1,540405.9016089961,-0.16239999,1.7537773,-0.12056051680740877
3,1,540410.9018028863,-0.16239999,1.7536246,-0.12078629167905365
3,1,540415.9019967765,-0.16239999,1.7534336,-0.12101206700359946
3,1,540420.9021906666,-0.16239999,1.75351,-0.12123784247539025
3,1,540425.9023845568,-0.16239999,1.75351,-0.12146361976094873
3,1,540430.902578447,-0.16239999,1.7535291,-0.12168939539046748
3,1,540435.9027723372,-0.16239999,1.7535672,-0.12191517195017965
3,1,540440.9029662274,-0.16239999,1.7534336,-0.12214094767451864
3,1,540445.9031601176,-0.16239999,1.7536246,-0.12236672133566934
3,1,540450.9033540078,-0.16239999,1.7536436,-0.12259249695773752
3,1,540455.9035478979,-0.16239999,1.7535863,-0.12281827444744606
3,1,540460.9037417881,-0.16239999,1.7533954,-0.12304405426605045
3,1,540465.9039356783,-0.16239999,1.7536055,-0.12326983445051311
3,1,540470.9041295685,-0.16239999,1.7533,-0.12349561232869656
3,1,540475.9043234587,-0.16239999,1.7535481,-0.12372139184015159
3,1,540480.9045173489,-0.16239999,1.7533382,-0.1239471673185378
3,1,540485.904711239,-0.16239999,1.7534145,-0.12417294304614677
3,1,540490.9049051292,-0.16239999,1.7536436,-0.1243987170579872
3,1,540495.9050990194,-0.16239999,1.7534145,-0.12462448979743403
3,1,540500.9052929096,-0.16239999,1.75351,-0.12485026277628457
3,1,540505.9054867998,-0.16239999,1.7533954,-0.12507603603125694
3,1,540510.90568069,-0.16239999,1.7533954,-0.12530180632374682
3,1,540515.9058745801,-0.16239999,1.7534145,-0.12552757537834178
3,1,540520.9060684703,-0.16239999,1.7534527,-0.12575334223419507
3,1,540525.9062623605,-0.16239999,1.7533954,-0.12597910954466707
3,1,540530.9064562507,-0.16239999,1.7533764,-0.1262048767011604
3,1,540535.9066501409,-0.16239999,1.7533954,-0.12643064584673028
3,1,540540.9068440311,-0.16239999,1.7534527,-0.12665641670972355
3,1,540545.9070379212,-0.16239999,1.7533954,-0.12688218624403325
3,1,540550.9072318114,-0.16239999,1.7532809,-0.12710795757770785
3,1,540555.9074257016,-0.16239999,1.7532046,-0.12733373229256187
3,1,540560.9076195918,-0.16239999,1.7532046,-0.12755950625262572
3,1,540565.907813482,-0.16239999,1.7533382,-0.12778527779574025
3,1,540570.9080073722,-0.16239999,1.7533764,-0.12801104918948059
3,1,540575.9082012624,-0.16239999,1.7532809,-0.12823681962074085
3,1,540580.9083951525,-0.16239999,1.7529945,-0.1284625866045703
3,1,540585.9085890427,-0.16239999,1.7531663,-0.1286883533754274
3,1,540590.9087829329,-0.16239999,1.7533,-0.1289141215638104
3,1,540595.9089768231,-0.16239999,1.7531663,-0.12913988988408526
3,1,540600.9091707133,-0.16239999,1.7531472,-0.12936565804193828
3,1,540605.9093646035,-0.16239999,1.7532427,-0.12959142457682057
3,1,540610.9095584936,-0.16239999,1.7532618,-0.12981719266116284
3,1,540615.9097523838,-0.16239999,1.7532237,-0.13004296315557093
3,1,540620.909946274,-0.16239999,1.7532618,-0.1302687333149446
3,1,540625.9101401642,-0.16239999,1.75309,-0.13049450357287043
3,1,540630.9103340544,-0.16239999,1.7531663,-0.13072027381341322
3,1,540635.9105279446,-0.16239999,1.75309,-0.13094604296447335
3,1,540640.9107218347,-0.16239999,1.753071,-0.13117181114753168
3,1,540645.9109157249,-0.16239999,1.75309,-0.13139757915688635
3,1,540650.9111096151,-0.16239999,1.753071,-0.1316233504346642
3,1,540655.9113035053,-0.16239999,1.7530518,-0.1318491236046362
3,1,540660.9114973955,-0.16239999,1.7530518,-0.13207489744303122
3,1,540665.9116912857,-0.16239999,1.7531282,-0.13230066874937957
3,1,540670.9118851759,-0.16239999,1.7531282,-0.1325264412814403
3,1,540675.912079066,-0.16239999,1.7530327,-0.13275221581478247
3,1,540680.9122729562,-0.16239999,1.7530327,-0.13297798962595225
3,1,540685.9124668464,-0.16239999,1.7531091,-0.13320376341018655
3,1,540690.9126607366,-0.16239999,1.7529373,-0.1334295334328603
3,1,540695.9128546268,-0.16239999,1.7529182,-0.1336553023940556
3,1,540700.913048517,-0.16239999,1.7527273,-0.13388107143129652
3,1,540705.9132424071,-0.16239999,1.7527082,-0.13410684013089036
3,1,540710.9134362973,-0.16239999,1.7527654,-0.13433260865651314
3,1,540715.9136301875,-0.16239999,1.75267,-0.13455837643729973
3,1,540720.9138240777,-0.16239999,1.752651,-0.13478414697962415
3,1,540725.9140179679,-0.16239999,1.7526891,-0.13500991786458752
3,1,540730.9142118581,-0.16239999,1.7527082,-0.13523568787481466
3,1,540735.9144057482,-0.16239999,1.7527654,-0.13546145837257054
3,1,540740.9145996384,-0.16239999,1.7525555,-0.13568722826895777
3,1,540745.9147935286,-0.16239999,1.7527463,-0.1359129973097609
3,1,540750.9149874188,-0.16239999,1.7525746,-0.13613876992114796
3,1,540755.915181309,-0.16239999,1.7526127,-0.13636454344774449
3,1,540760.9153751992,-0.16239999,1.7527273,-0.1365903164849728
3,1,540765.9155690894,-0.16239999,1.7525746,-0.13681609167789582
3,1,540770.9157629795,-0.16239999,1.7525173,-0.13704186739956006
3,1,540775.9159568697,-0.16239999,1.752651,-0.13726764179959478
3,1,540780.9161507599,-0.16239999,1.7525555,-0.13749341449437041
3,1,540785.9163446501,-0.16239999,1.7526891,-0.1377191863113592
3,1,540790.9165385403,-0.16239999,1.752651,-0.13794495694975473
3,1,540795.9167324305,-0.16239999,1.7523837,-0.13817072914095638
3,1,540800.9169263206,-0.16239999,1.7524791,-0.13839650202286907
3,1,540805.9171202108,-0.16239999,1.7524219,-0.1386222717182007
3,1,540810.917314101,-0.16239999,1.7525746,-0.13884804246442103
3,1,540815.9175079912,-0.16239999,1.7523837,-0.1390738144820043
3,1,540820.9177018814,-0.16239999,1.7523645,-0.1392995870671562
3,1,540825.9178957716,-0.16239999,1.7523264,-0.13952535830774987
3,1,540830.9180896617,-0.16239999,1.7522501,-0.1397511295971589
3,1,540835.9182835519,-0.16239999,1.7523837,-0.13997690118381217
3,1,540840.9184774421,-0.16239999,1.7523264,-0.1402026705330238
3,1,540845.9186713323,-0.16239999,1.7522882,-0.14042844267834312
3,1,540850.9188652225,-0.16239999,1.75246,-0.14065421592372576
3,1,540855.9190591127,-0.16239999,1.7522501,-0.1408799882587021
3,1,540860.9192530029,-0.16239999,1.7523454,-0.14110576146973342
3,1,540865.919446893,-0.16239999,1.7523837,-0.14133153204796053
3,1,540870.9196407832,-0.16239999,1.7524409,-0.14155730354178536
3,1,540875.9198346734,-0.16239999,1.7522691,-0.14178307470339954
3,1,540880.9200285636,-0.16239999,1.7523645,-0.14200884373103997
3,1,540885.9202224538,-0.16239999,1.7523073,-0.14223461357111158
3,1,540890.920416344,-0.16239999,1.7524219,-0.14246038302261885
3,1,540895.9206102341,-0.16239999,1.7522691,-0.14268615372487328
3,1,540900.9208041243,-0.16239999,1.7523454,-0.14291192261171512
3,1,540905.9209980145,-0.16239999,1.7522882,-0.14313769352707853
3,1,540910.9211919047,-0.16239999,1.7523645,-0.14336346401082317
3,1,540915.9213857949,-0.16239999,1.7522118,-0.1435892336796738
3,1,540920.9215796851,-0.16239999,1.7523264,-0.1438150035073286
3,1,540925.9217735752,-0.16239999,1.7523645,-0.14404077264893309
3,1,540930.9219674654,-0.16239999,1.7523073,-0.144266542403674
3,1,540935.9221613556,-0.16239999,1.7522691,-0.1444923125006888
3,1,540940.9223552458,-0.16239999,1.7523264,-0.14471808285342824
3,1,540945.922549136,-0.16239999,1.7524409,-0.14494385400624993
3,1,540950.9227430262,-0.16239999,1.7524028,-0.14516962446866272
3,1,540955.9229369164,-0.16239999,1.7522882,-0.14539539527142134
3,1,540960.9231308065,-0.16239999,1.7523454,-0.1456211673430834
3,1,540965.9233246967,-0.16239999,1.7521355,-0.14584693825767192
3,1,540970.9235185869,-0.16239999,1.7522309,-0.14607271019135668
3,1,540975.9237124771,-0.16239999,1.7520782,-0.14629848374318666
3,1,540980.9239063673,-0.16239999,1.7522309,-0.14652425768988087
3,1,540985.9241002575,-0.16239999,1.7520591,-0.14675002891203184
3,1,540990.9242941476,-0.16239999,1.7520591,-0.14697579984823947
3,1,540995.9244880378,-0.16239999,1.75204,-0.1472015682163487
3,1,541000.924681928,-0.16239999,1.75204,-0.147427335129088
3,1,541005.9248758182,-0.16239999,1.7519636,-0.14765310295114667
3,1,541010.9250697084,-0.16239999,1.752021,-0.14787887038061603
3,1,541015.9252635986,-0.16239999,1.7519064,-0.14810463378513772
3,1,541020.9254574887,-0.16239999,1.7520782,-0.14833039822635222
3,1,541025.9256513789,-0.16239999,1.7520019,-0.14855616214077838
3,1,541030.9258452691,-0.16239999,1.7518682,-0.148781926557151
3,1,541035.9260391593,-0.16239999,1.7519255,-0.14900769250430085
3,1,541040.9262330495,-0.16239999,1.7517537,-0.14923345764291868
3,1,541045.9264269397,-0.16239999,1.7518492,-0.14945922099216202
3,1,541050.9266208299,-0.16239999,1.7519064,-0.14968498708646333
3,1,541055.92681472,-0.16239999,1.7516963,-0.14991075607234905
3,1,541060.9270086102,-0.16239999,1.7517537,-0.1501365271521782
3,1,541065.9272025004,-0.16239999,1.7518492,-0.15036229762177586
3,1,541070.9273963906,-0.16239999,1.7518682,-0.150588069868736
3,1,541075.9275902808,-0.16239999,1.7518873,-0.15081384164470685
3,1,541080.927784171,-0.16239999,1.7518682,-0.15103961419322262
3,1,541085.9279780611,-0.16239999,1.75183,-0.1512653852972968
3,1,541090.9281719513,-0.16239999,1.7517346,-0.15149115553505804
3,1,541095.9283658415,-0.16239999,1.7517728,-0.15171692660506156
3,1,541100.9285597317,-0.16239999,1.7518682,-0.15194269746669387
3,1,541105.9287536219,-0.16239999,1.7518873,-0.15216847066013767
3,1,541110.9289475121,-0.16239999,1.7517918,-0.15239424369754812
3,1,541115.9291414022,-0.16239999,1.7517155,-0.15262001483223012
3,1,541120.9293352924,-0.16239999,1.7518109,-0.15284578871944882
3,1,541125.9295291826,-0.16239999,1.7518682,-0.15307155850370563
3,1,541130.9297230733,-0.16239999,1.7516773,-0.15329733109480892
3,1,541135.9299169639,-0.16239999,1.7517346,-0.15352310058036367
3,1,541140.9301108546,-0.16239999,1.751601,-0.15374886887665923
3,1,541145.9303047452,-0.16239999,1.7517918,-0.15397463763401162
3,1,541150.9304986359,-0.16239999,1.7516582,-0.15420040600451165
3,1,541155.9306925265,-0.16239999,1.751601,-0.15442617440210366
3,1,541160.9308864167,-0.16239999,1.7515627,-0.15465194425348772
3,1,541165.9310803073,-0.16239999,1.75162,-0.15487771413175347
3,1,541170.931274198,-0.16239999,1.7515819,-0.1551034826543149
3,1,541175.9314680886,-0.16239999,1.7517537,-0.15532925249060242
3,1,541180.9316619793,-0.16239999,1.7516773,-0.15555502275716263
3,1,541185.93185587,-0.16239999,1.7516391,-0.1557807911428569
3,1,541190.9320497606,-0.16239999,1.7515246,-0.15600655935528127
3,1,541195.9322436512,-0.16239999,1.7515055,-0.1562323266512362
3,1,541200.9324375419,-0.16239999,1.7514483,-0.15645809458410653
3,1,541205.9326314325,-0.16239999,1.751601,-0.15668386278195345
3,1,541210.9328253232,-0.16239999,1.7516963,-0.15690963020636056
3,1,541215.9330192138,-0.16239999,1.7516391,-0.1571354000634319
3,1,541220.9332131045,-0.16239999,1.7515436,-0.15736117136484465
3,1,541225.9334069951,-0.16239999,1.7515246,-0.15758694214087804
3,1,541230.9336008856,-0.16239999,1.7515055,-0.15781271231822003
3,1,541235.933794776,-0.16239999,1.7514673,-0.15803848405522353
3,1,541240.9339886666,-0.16239999,1.7513528,-0.15826425355519433
3,1,541245.934182557,-0.16239999,1.7515819,-0.1584900227699925
3,1,541250.9343764475,-0.16239999,1.7515055,-0.15871579056377952
3,1,541255.9345703379,-0.16239999,1.7515246,-0.1589415617731213
3,1,541260.9347642283,-0.16239999,1.7513146,-0.15916733402235056
3,1,541265.9349581187,-0.16239999,1.7513528,-0.1593931058074045
3,1,541270.9351520091,-0.16239999,1.7514292,-0.15961887918154147
3,1,541275.9353458995,-0.16239999,1.75141,-0.1598446495201993
3,1,541280.93553979,-0.16239999,1.7514483,-0.1600704198475695
3,1,541285.9357336805,-0.16239999,1.7514483,-0.1602961968294506
3,1,541290.935927571,-0.16239999,1.7513909,-0.16052197341221816
3,1,541295.9361214616,-0.16239999,1.7513146,-0.16074775066236238
3,1,541300.9363153521,-0.16239999,1.7512382,-0.16097352673611207
3,1,541305.9365092426,-0.16239999,1.7513719,-0.16119930181435327
3,1,541310.9367031332,-0.16239999,1.7511619,-0.16142507681938176
3,1,541315.9368970237,-0.16239999,1.7512573,-0.1616508508774646
3,1,541320.9370909142,-0.16239999,1.7511427,-0.16187662501172304
3,1,541325.9372848043,-0.16239999,1.7511619,-0.16210240074516083
3,1,541330.9374786948,-0.16239999,1.7512573,-0.16232817463097138
3,1,541335.9376725854,-0.16239999,1.7511619,-0.162553950762949
3,1,541340.9378664759,-0.16239999,1.7510664,-0.16277972430520998
3,1,541345.9380603663,-0.16239999,1.7512573,-0.16300550085158808
3,1,541350.938254257,-0.16239999,1.7512382,-0.1632312774739439
3,1,541355.9384481474,-0.16239999,1.7512001,-0.16345705325198584
3,1,541360.9386420379,-0.16239999,1.7511046,-0.16368282965322167
3,1,541365.9388359284,-0.16239999,1.7512573,-0.1639086071538453
3,1,541370.939029819,-0.16239999,1.751181,-0.16413438557968535
3,1,541375.9392237095,-0.16239999,1.7511046,-0.1643601653120741
3,1,541380.9394176,-0.16239999,1.751181,-0.16458594420681064
3,1,541385.9396114906,-0.16239999,1.7509519,-0.16481172083240994
3,1,541390.939805381,-0.16239999,1.7510664,-0.16503749480776406
3,1,541395.9399992714,-0.16239999,1.7510283,-0.1652632679051823
3,1,541400.9401931621,-0.16239999,1.75099,-0.16548904381743074
3,1,541405.9403870525,-0.16239999,1.7510855,-0.16571481965036938
3,1,541410.9405809429,-0.16239999,1.7510091,-0.1659405972929274
3,1,541415.9407748333,-0.16239999,1.7510664,-0.16616637375716617
3,1,541420.9409687237,-0.16239999,1.7508373,-0.16639215027834972
3,1,541425.9411626142,-0.16239999,1.7509519,-0.16661792315370672
3,1,541430.9413565046,-0.16239999,1.7509328,-0.16684369621505504
3,1,541435.941550395,-0.16239999,1.7510091,-0.1670694700187966
3,1,541440.9417442856,-0.16239999,1.7509137,-0.16729524163693188
3,1,541445.9419381763,-0.16239999,1.7510283,-0.1675210139128102
3,1,541450.9421320669,-0.16239999,1.7509328,-0.167746784328815
3,1,541455.9423259576,-0.16239999,1.7508755,-0.16797255544696169
3,1,541460.9425198482,-0.16239999,1.7508183,-0.16819832774047222
3,1,541465.9427137389,-0.16239999,1.7508564,-0.16842410021199203
3,1,541470.9429076295,-0.16239999,1.7508183,-0.1686498732396091
3,1,541475.9431015202,-0.16239999,1.7508183,-0.1688756475681414
3,1,541480.9432954108,-0.16239999,1.7508183,-0.16910142128899444
3,1,541485.9434893015,-0.16239999,1.7508183,-0.16932719427992815
3,1,541490.9436831917,-0.16239999,1.7508373,-0.16955296469853154
3,1,541495.9438770823,-0.16239999,1.7507228,-0.16977873362922916
3,1,541500.944070973,-0.16239999,1.750551,-0.17000450283204596
3,1,541505.9442648636,-0.16239999,1.7506274,-0.1702302719194955
3,1,541510.9444587543,-0.16239999,1.7506082,-0.170456043256325
3,1,541515.9446526449,-0.16239999,1.7506465,-0.1706818146620914
3,1,541520.9448465356,-0.16239999,1.75057,-0.17090758528093658
3,1,541525.9450404262,-0.16239999,1.7505128,-0.17113335590505513
3,1,541530.9452343169,-0.16239999,1.7506655,-0.1713591249037128
3,1,541535.9454282075,-0.16239999,1.7505891,-0.17158489403572924
3,1,541540.9456220977,-0.16239999,1.7505891,-0.1718106636426432
3,1,541545.9458159879,-0.16239999,1.7504174,-0.17203643423635923
3,1,541550.9460098781,-0.16239999,1.7505128,-0.17226220493953423
3,1,541555.9462037683,-0.16239999,1.7503409,-0.17248797862223697
3,1,541560.9463976584,-0.16239999,1.7502837,-0.17271375279254794
3,1,541565.9465915486,-0.16239999,1.7504938,-0.17293952656156483
3,1,541570.9467854388,-0.16239999,1.7503983,-0.17316530258659021
3,1,541575.946979329,-0.16239999,1.7503028,-0.173391078270254
3,1,541580.9471732192,-0.16239999,1.7503409,-0.17361685403529137
3,1,541585.9473671094,-0.16239999,1.7504746,-0.17384263052152757
3,1,541590.9475609995,-0.16239999,1.7504938,-0.17406840492953027
3,1,541595.9477548897,-0.16239999,1.7503219,-0.17429417737912634
3,1,541600.9479487799,-0.16239999,1.7503983,-0.17451995007077273
3,1,541605.9481426701,-0.16239999,1.7501692,-0.1747457218037761
3,1,541610.9483365603,-0.16239999,1.7501692,-0.1749714909942448
3,1,541615.9485304505,-0.16239999,1.7502837,-0.17519726481257628
3,1,541620.9487243406,-0.16239999,1.750131,-0.17542304050335536
3,1,541625.9489182308,-0.16239999,1.7502646,-0.1756488163490494
3,1,541630.949112121,-0.16239999,1.7500546,-0.17587459162783955
3,1,541635.9493060112,-0.16239999,1.7502265,-0.1761003652320529
3,1,541640.9494999014,-0.16239999,1.7501882,-0.17632613743317957
3,1,541645.9496937916,-0.16239999,1.7502265,-0.17655191012515462
3,1,541650.9498876818,-0.16239999,1.7501119,-0.17677768489202197
3,1,541655.9500815719,-0.16239999,1.7499974,-0.17700345705743384
3,1,541660.9502754621,-0.16239999,1.7501501,-0.1772292303591139
3,1,541665.9504693523,-0.16239999,1.7501501,-0.17745500540409653
3,1,541670.9506632425,-0.16239999,1.7500355,-0.1776807814986052
3,1,541675.9508571327,-0.16239999,1.7500355,-0.17790655751942347
3,1,541680.9510510229,-0.16239999,1.7500737,-0.17813233236237533
3,1,541685.951244913,-0.16239999,1.7499402,-0.17835810873243543
3,1,541690.9514388032,-0.16239999,1.7499783,-0.17858388550232515
3,1,541695.9516326934,-0.16239999,1.750131,-0.17880965888075032
3,1,541700.9518265836,-0.16239999,1.7498828,-0.17903544369241675
3,1,541705.9520204738,-0.16239999,1.7500165,-0.17926123021979462
3,1,541710.952214364,-0.16239999,1.7497492,-0.1794870176926851
3,1,541715.9524082541,-0.16239999,1.749921,-0.1797128044574012
3,1,541720.9526021443,-0.16239999,1.7497683,-0.17993859279955177
3,1,541725.9527960345,-0.16239999,1.7498637,-0.18016438243688143
3,1,541730.9529899247,-0.16239999,1.7498828,-0.18039016562833965
3,1,541735.9531838149,-0.16239999,1.749692,-0.18061594162240124
3,1,541740.9533777051,-0.16239999,1.7498637,-0.18084171925311862
3,1,541745.9535715953,-0.16239999,1.7498828,-0.18106749653081344
3,1,541750.9537654854,-0.16239999,1.749692,-0.18129327042296028
3,1,541755.9539593756,-0.16239999,1.7497492,-0.18151904641313352
3,1,541760.9541532658,-0.16239999,1.7496537,-0.18174482060824165
3,1,541765.954347156,-0.16239999,1.7496156,-0.18197059442255475
3,1,541770.9545410462,-0.16239999,1.7495201,-0.1821963717805569
3,1,541775.9547349364,-0.16239999,1.7495393,-0.18242214770519066
3,1,541780.9549288265,-0.16239999,1.7495201,-0.1826479226624452
3,1,541785.9551227167,-0.16239999,1.7495583,-0.18287369413161272
3,1,541790.9553166069,-0.16239999,1.7494247,-0.18309946563956717
3,1,541795.9555104971,-0.16239999,1.7494628,-0.18332523403382878
3,1,541800.9557043873,-0.16239999,1.7493864,-0.1835510015555744
3,1,541805.9558982775,-0.16239999,1.7494056,-0.18377677054465807
3,1,541810.9560921676,-0.16239999,1.7494247,-0.184002536931244
3,1,541815.9562860578,-0.16239999,1.7493864,-0.18422830270617202
3,1,541820.956479948,-0.16239999,1.7494056,-0.1844540704848948
3,1,541825.9566738382,-0.16239999,1.7491574,-0.18467984135082938
3,1,541830.9568677284,-0.16239999,1.7491956,-0.18490561207755815
3,1,541835.9570616186,-0.16239999,1.7491765,-0.18513138290091186
3,1,541840.9572555088,-0.16239999,1.7491956,-0.1853571550337349
3,1,541845.9574493989,-0.16239999,1.7491765,-0.1855829290033479
3,1,541850.9576432891,-0.16239999,1.7492911,-0.18580870301621238
3,1,541855.9578371793,-0.16239999,1.7491384,-0.18603447670959677
3,1,541860.9580310695,-0.16239999,1.7490429,-0.1862602484872324
3,1,541865.9582249597,-0.16239999,1.7493292,-0.1864860208688825
3,1,541870.9584188499,-0.16239999,1.749081,-0.1867117931744191
3,1,541875.95861274,-0.16239999,1.7489855,-0.18693756539290396
3,1,541880.9588066302,-0.16239999,1.7489665,-0.1871633387466619
3,1,541885.9590005204,-0.16239999,1.7491384,-0.1873891116728683
3,1,541890.9591944106,-0.16239999,1.7489092,-0.18761488547171898
3,1,541895.9593883008,-0.16239999,1.7489665,-0.1878406563700818
3,1,541900.959582191,-0.16239999,1.7490238,-0.18806642817181263
3,1,541905.9597760811,-0.16239999,1.7490429,-0.1882922008528527
3,1,541910.9599699713,-0.16239999,1.7489474,-0.1885179711710231
3,1,541915.9601638615,-0.16239999,1.7488902,-0.18874374116049208
3,1,541920.9603577517,-0.16239999,1.7489474,-0.18896951106558407
3,1,541925.9605516419,-0.16239999,1.7488902,-0.18919528292860502
3,1,541930.9607455321,-0.16239999,1.7487947,-0.18942105918827318
3,1,541935.9609394222,-0.16239999,1.7488711,-0.18964683346161076
3,1,541940.9611333124,-0.16239999,1.7488711,-0.1898726067228921
3,1,541945.9613272026,-0.16239999,1.7488902,-0.1900983832164638
3,1,541950.9615210928,-0.16239999,1.7487947,-0.19032415993057517
3,1,541955.961714983,-0.16239999,1.7488711,-0.1905499355746499
3,1,541960.9619088732,-0.16239999,1.7488137,-0.19077570939221145
3,1,541965.9621027634,-0.16239999,1.748642,-0.19100148514842072
3,1,541970.9622966535,-0.16239999,1.748642,-0.191227265733391
3,1,541975.9624905437,-0.16239999,1.7487375,-0.19145304794396456
3,1,541980.9626844339,-0.16239999,1.748642,-0.19167883074612416
3,1,541985.9628783241,-0.16239999,1.7486038,-0.19190460872026696
3,1,541990.9630722143,-0.16239999,1.7485274,-0.19213038710294497
3,1,541995.9632661045,-0.16239999,1.7485656,-0.1923561630736101
3,1,542000.9634599946,-0.16239999,1.7485656,-0.19258193918583374
3,1,542005.9636538848,-0.16239999,1.7485274,-0.19280771466742952
3,1,542010.963847775,-0.16239999,1.7484893,-0.19303348850472685
3,1,542015.9640416652,-0.16239999,1.7483556,-0.19325926611749744
3,1,542020.9642355554,-0.16239999,1.7484511,-0.19348503996412125
3,1,542025.9644294456,-0.16239999,1.7482983,-0.19371081390624825
3,1,542030.9646233357,-0.16239999,1.7483366,-0.19393658729373417
3,1,542035.9648172259,-0.16239999,1.7483366,-0.19416235806228718
3,1,542040.9650111161,-0.16239999,1.748222,-0.19438813063720367
3,1,542045.9652050063,-0.16239999,1.7483175,-0.1946139024523985
3,1,542050.9653988965,-0.16239999,1.748222,-0.1948396753412063
3,1,542055.9655927867,-0.16239999,1.7482983,-0.19506544958042107
3,1,542060.9657866769,-0.16239999,1.748222,-0.19529122305430308
3,1,542065.965980567,-0.16239999,1.7480502,-0.19551699582372772
3,1,542070.9661744572,-0.16239999,1.7482601,-0.19574277099088166
3,1,542075.9663683474,-0.16239999,1.748012,-0.19596854704500571
3,1,542080.9665622376,-0.16239999,1.7481647,-0.196194321800953
3,1,542085.9667561278,-0.16239999,1.748031,-0.19642009563219798
3,1,542090.966950018,-0.16239999,1.7482411,-0.19664586792221833
3,1,542095.9671439081,-0.16239999,1.7480884,-0.19687163828516838
3,1,542100.9673377983,-0.16239999,1.7481647,-0.19709740651247984
3,1,542105.9675316885,-0.16239999,1.7481074,-0.19732317549765527
3,1,542110.9677255787,-0.16239999,1.7478974,-0.19754894581611127
3,1,542115.9679194689,-0.16239999,1.7479166,-0.19777471705019065
3,1,542120.9681133591,-0.16239999,1.7477256,-0.19800048740189694
3,1,542125.9683072492,-0.16239999,1.7478783,-0.19822626039784988
3,1,542130.9685011394,-0.16239999,1.7478211,-0.19845203261249023
3,1,542135.9686950296,-0.16239999,1.7477256,-0.19867780618968695
3,1,542140.9688889198,-0.16239999,1.7477447,-0.19890358140246908
3,1,542145.96908281,-0.16239999,1.7475729,-0.19912935740387777
3,1,542150.9692767002,-0.16239999,1.7475538,-0.19935513398668342
3,1,542155.9694705904,-0.16239999,1.7475538,-0.1995809106394227
3,1,542160.9696644805,-0.16239999,1.7475348,-0.1998066865672561
3,1,542165.9698583707,-0.16239999,1.7474774,-0.20003246253713391
3,1,542170.9700522609,-0.16239999,1.7474583,-0.2002582371051817
3,1,542175.9702461511,-0.16239999,1.7473629,-0.2004840132067734
3,1,542180.9704400413,-0.16239999,1.7474011,-0.20070978970469622
3,1,542185.9706339315,-0.16239999,1.7473247,-0.20093556599304085
3,1,542190.9708278216,-0.16239999,1.7474202,-0.2011613414693401
3,1,542195.9710217118,-0.16239999,1.747382,-0.20138711699054893
3,1,542200.971215602,-0.16239999,1.7472484,-0.2016128904661959
3,1,542205.9714094922,-0.16239999,1.7473438,-0.20183866661368316
3,1,542210.9716033824,-0.16239999,1.7471339,-0.20206444444233765
3,1,542215.9717972726,-0.16239999,1.7471529,-0.2022902202590423
3,1,542220.9719911627,-0.16239999,1.7470765,-0.20251599432531917
3,1,542225.9721850529,-0.16239999,1.7472292,-0.2027417677762062
3,1,542230.9723789431,-0.16239999,1.7470002,-0.202967542885941
3,1,542235.9725728333,-0.16239999,1.7468284,-0.20319331790057907
3,1,542240.9727667235,-0.16239999,1.7470384,-0.2034190906877096
3,1,542245.9729606137,-0.16239999,1.7469238,-0.20364486539445822
3,1,542250.9731545039,-0.16239999,1.7470574,-0.2038706398807566
3,1,542255.973348394,-0.16239999,1.7470193,-0.20409641221249855
3,1,542260.9735422842,-0.16239999,1.7471529,-0.20432218454109635
3,1,542265.9737361744,-0.16239999,1.7468475,-0.20454795557213498
3,1,542270.9739300646,-0.16239999,1.7470002,-0.2047737289735278
3,1,542275.9741239548,-0.16239999,1.7469238,-0.2049995025943303
3,1,542280.974317845,-0.16239999,1.7469429,-0.20522527572186547
3,1,542285.9745117351,-0.16239999,1.7469811,-0.2054510496094211
3,1,542290.9747056253,-0.16239999,1.7467902,-0.20567682485046243
3,1,542295.9748995155,-0.16239999,1.7468857,-0.2059025999319405
3,1,542300.9750934057,-0.16239999,1.7468475,-0.20612837283723062
3,1,542305.9752872959,-0.16239999,1.746752,-0.2063541475283082
3,1,542310.9754811861,-0.16239999,1.7466184,-0.20657992014415816
3,1,542315.9756750762,-0.16239999,1.7465993,-0.2068056959343313
3,1,542320.9758689664,-0.16239999,1.7466375,-0.20703147161345106
3,1,542325.9760628566,-0.16239999,1.7465229,-0.20725724953195873
3,1,542330.9762567468,-0.16239999,1.7464657,-0.2074830265775779
3,1,542335.976450637,-0.16239999,1.746332,-0.20770880233175232
3,1,542340.9766445272,-0.16239999,1.7465229,-0.20793458023121628
3,1,542345.9768384174,-0.16239999,1.7464848,-0.20816035986622924
3,1,542350.9770323075,-0.16239999,1.7464848,-0.20838613805554068
3,1,542355.9772261977,-0.16239999,1.7463702,-0.2086119147795365
3,1,542360.9774200879,-0.16239999,1.7462747,-0.20883769197325913
3,1,542365.9776139781,-0.16239999,1.7465802,-0.20906346917812782
3,1,542370.9778078683,-0.16239999,1.7462366,-0.20928924521182318
3,1,542375.9780017585,-0.16239999,1.7462939,-0.20951502360839072
3,1,542380.9781956486,-0.16239999,1.7460648,-0.2097408022120397
3,1,542385.9783895388,-0.16239999,1.746122,-0.20996657997165213
3,1,542390.978583429,-0.16239999,1.7460074,-0.21019235720271706
3,1,542395.9787773192,-0.16239999,1.7459502,-0.21041813403108475
3,1,542400.9789712094,-0.16239999,1.7460074,-0.21064391220155945
3,1,542405.9791650996,-0.16239999,1.7458547,-0.21086968862229594
3,1,542410.9793589897,-0.16239999,1.7457975,-0.21109546276988678
3,1,542415.9795528799,-0.16239999,1.745702,-0.21132123721125648
3,1,542420.9797467701,-0.16239999,1.7458547,-0.21154701005443607
3,1,542425.9799406603,-0.16239999,1.7456639,-0.2117727839616091
3,1,542430.9801345505,-0.16239999,1.7458166,-0.21199855908942397
3,1,542435.9803284407,-0.16239999,1.7455684,-0.21222433143862926
3,1,542440.9805223309,-0.16239999,1.7457402,-0.21245010403574432
3,1,542445.980716221,-0.16239999,1.7456639,-0.21267587732641988
3,1,542450.9809101112,-0.16239999,1.745683,-0.2129016496425487
3,1,542455.9811040014,-0.16239999,1.7455302,-0.21312742387295688
3,1,542460.9812978916,-0.16239999,1.7453775,-0.21335320247826983
3,1,542465.9814917818,-0.16239999,1.7454921,-0.21357899152917506
3,1,542470.981685672,-0.16239999,1.7453011,-0.2138047804594082
3,1,542475.9818795621,-0.16239999,1.7455112,-0.2140305698475524
3,1,542480.9820734523,-0.16239999,1.745282,-0.21425636075968055
3,1,542485.9822673425,-0.16239999,1.7453011,-0.2144821504801082
3,1,542490.9824612327,-0.16239999,1.7452248,-0.21470793727636264
3,1,542495.9826551229,-0.16239999,1.745282,-0.2149337140647265
3,1,542500.9828490131,-0.16239999,1.7451866,-0.21515949115524038
3,1,542505.9830429032,-0.16239999,1.7451675,-0.21538526498187924
3,1,542510.9832367934,-0.16239999,1.7452248,-0.21561103831432107
3,1,542515.9834306836,-0.16239999,1.7450529,-0.21583681194562143
3,1,542520.9836245738,-0.16239999,1.7452248,-0.21606258489413568
3,1,542525.983818464,-0.16239999,1.745263,-0.21628835723510642
3,1,542530.9840123542,-0.16239999,1.7451293,-0.2165141290867106
3,1,542535.9842062443,-0.16239999,1.7451293,-0.2167399021257693
3,1,542540.9844001345,-0.16239999,1.7450912,-0.2169656739964776
3,1,542545.9845940247,-0.16239999,1.7451484,-0.21719144438181415
3,1,542550.9847879149,-0.16239999,1.7451103,-0.21741721333694386
3,1,542555.9849818051,-0.16239999,1.7448812,-0.2176429814938374
3,1,542560.9851756953,-0.16239999,1.7449576,-0.21786874852269814
3,1,542565.9853695855,-0.16239999,1.7448621,-0.21809451784335582
3,1,542570.9855634756,-0.16239999,1.7448621,-0.21832028737623502
3,1,542575.9857573658,-0.16239999,1.7448239,-0.21854605439398114
3,1,542580.985951256,-0.16239999,1.7449002,-0.2187718212543793
3,1,542585.9861451462,-0.16239999,1.7449576,-0.21899758807968192
3,1,542590.9863390364,-0.16239999,1.7449766,-0.2192233537469201
3,1,542595.9865329266,-0.16239999,1.7448621,-0.21944912103245084
3,1,542600.9867268167,-0.16239999,1.7447666,-0.21967488714402839
3,1,542605.9869207069,-0.16239999,1.7447284,-0.21990064976726645
3,1,542610.9871145971,-0.16239999,1.7447284,-0.2201264143970808
3,1,542615.9873084873,-0.16239999,1.7446903,-0.22035218082829242
3,1,542620.9875023775,-0.16239999,1.7444803,-0.22057795034523814
3,1,542625.9876962677,-0.16239999,1.744633,-0.22080372114778568
3,1,542630.9878901578,-0.16239999,1.7445757,-0.22102949060123175
3,1,542635.988084048,-0.16239999,1.7444612,-0.22125525958077868
3,1,542640.9882779382,-0.16239999,1.7444421,-0.2214810280009087
3,1,542645.9884718284,-0.16239999,1.7444803,-0.22170679799314183
3,1,542650.9886657186,-0.16239999,1.7444612,-0.22193256595584346
3,1,542655.9888596088,-0.16239999,1.7443085,-0.2221583347454254
3,1,542660.989053499,-0.16239999,1.7443275,-0.22238410328477712
3,1,542665.9892473891,-0.16239999,1.7441748,-0.22260987223251752
3,1,542670.9894412793,-0.16239999,1.7441939,-0.22283564289568372
3,1,542675.9896351695,-0.16239999,1.7441748,-0.2230614155678485
3,1,542680.9898290597,-0.16239999,1.7441748,-0.2232871891217067
3,1,542685.9900229499,-0.16239999,1.7440984,-0.22351296392408848
3,1,542690.9902168401,-0.16239999,1.7440984,-0.22373873978159667
3,1,542695.9904107302,-0.16239999,1.7441176,-0.2239645133326849
3,1,542700.9906046204,-0.16239999,1.744003,-0.22419028786609496
3,1,542705.9907985106,-0.16239999,1.7440603,-0.22441605987509763
3,1,542710.9909924008,-0.16239999,1.7440412,-0.22464183086615067
3,1,542715.991186291,-0.16239999,1.7438694,-0.22486760248245144
3,1,542720.9913801812,-0.16239999,1.7439457,-0.2250933716999517
3,1,542725.9915740713,-0.16239999,1.7438312,-0.22531914074140633
3,1,542730.9917679615,-0.16239999,1.7437358,-0.22554491142006478
3,1,542735.9919618517,-0.16239999,1.7436403,-0.22577068135460146
3,1,542740.9921557419,-0.16239999,1.7437358,-0.22599645106679128
3,1,542745.9923496326,-0.16239999,1.7439457,-0.22622221980776316
3,1,542750.9925435232,-0.16239999,1.7436785,-0.22644799012094496
3,1,542755.9927374138,-0.16239999,1.7436022,-0.22667376014858576
3,1,542760.9929313045,-0.16239999,1.7435639,-0.22689952942784056
3,1,542765.9931251951,-0.16239999,1.7436212,-0.22712529874419926
3,1,542770.9933190858,-0.16239999,1.7435257,-0.22735106914682696
3,1,542775.9935129764,-0.16239999,1.7435639,-0.22757684008280363
3,1,542780.9937068671,-0.16239999,1.7436212,-0.22780261150880665
3,1,542785.9939007577,-0.16239999,1.7435448,-0.22802838352312407
3,1,542790.9940946484,-0.16239999,1.7434876,-0.22825415482487624
3,1,542795.994288539,-0.16239999,1.7434876,-0.22847992565064806
3,1,542800.9944824297,-0.16239999,1.7433158,-0.22870569619840975
3,1,542805.9946763203,-0.16239999,1.7432966,-0.22893146634422337
3,1,542810.994870211,-0.16239999,1.7432203,-0.22915723586258718
3,1,542815.9950641016,-0.16239999,1.7431822,-0.22938300573796544
3,1,542820.9952579923,-0.16239999,1.7431439,-0.22960877610417552
3,1,542825.995451883,-0.16239999,1.7430867,-0.22983454755346158
3,1,542830.9956457736,-0.16239999,1.7431248,-0.23006031909792055
3,1,542835.9958396642,-0.16239999,1.743163,-0.23028609487324053
3,1,542840.9960335549,-0.16239999,1.7430294,-0.230511869692882
3,1,542845.9962274453,-0.16239999,1.7430676,-0.23073764474705122
3,1,542850.9964213357,-0.16239999,1.7430676,-0.23096342209442552
3,1,542855.9966152261,-0.16239999,1.7428766,-0.23118919844193603
3,1,542860.9968091166,-0.16239999,1.7428004,-0.23141497530029312
3,1,542865.997003007,-0.16239999,1.7427621,-0.23164075263175463
3,1,542870.9971968974,-0.16239999,1.7429149,-0.23186652827045498
3,1,542875.9973907878,-0.16239999,1.7429149,-0.232092302422791
3,1,542880.9975846778,-0.16239999,1.742724,-0.23231808001684243
3,1,542885.9977785682,-0.16239999,1.7425712,-0.2325438582282945
3,1,542890.9979724586,-0.16239999,1.7426286,-0.23276963783774288
3,1,542895.9981663491,-0.16239999,1.7426667,-0.23299541724597508
3,1,542900.9983602397,-0.16239999,1.7425331,-0.23322119646486733
3,1,542905.9985541302,-0.16239999,1.7426667,-0.2334469758023513
3,1,542910.9987480207,-0.16239999,1.742495,-0.23367275465783818
3,1,542915.9989419113,-0.16239999,1.7425522,-0.23389852984038584
3,1,542920.9991358018,-0.16239999,1.7424757,-0.2341243041293175
3,1,542925.9993296923,-0.16239999,1.742495,-0.23435007507757108
3,1,542930.9995235829,-0.16239999,1.742304,-0.2345758467282654
3,1,542935.9997174734,-0.16239999,1.7422085,-0.23480161719150605
3,1,542940.9999113639,-0.16239999,1.7422658,-0.2350273863543563
3,1,542946.0001052545,-0.16239999,1.7422085,-0.23525315790142462
3,1,542951.000299145,-0.16239999,1.7420176,-0.23547893174483472
3,1,542956.0004930357,-0.16239999,1.7420367,-0.23570470624173526
3,1,542961.0006869263,-0.16239999,1.7419795,-0.2359304816857768
3,1,542966.0008808167,-0.16239999,1.7421131,-0.2361562585677986
3,1,542971.0010747073,-0.16239999,1.7420558,-0.23638203442731678
3,1,542976.0012685978,-0.16239999,1.7419221,-0.23660781273260809
3,1,542981.0014624883,-0.16239999,1.7418268,-0.23683359121794514
3,1,542986.0016563789,-0.16239999,1.7419604,-0.2370593714555081
3,1,542991.0018502694,-0.16239999,1.7419412,-0.23728515370077818
3,1,542996.0020441597,-0.16239999,1.7418076,-0.23751093552747382
3,1,543001.0022380501,-0.16239999,1.7417694,-0.23773671635663937
3,1,543006.0024319405,-0.16239999,1.7417504,-0.23796249779465395
3,1,543011.0026258309,-0.16239999,1.7417504,-0.23818827622935357
3,1,543016.0028197214,-0.16239999,1.7418458,-0.23841405464507986
3,1,543021.0030136118,-0.16239999,1.7417313,-0.23863983142879786
3,1,543026.0032075022,-0.16239999,1.7416549,-0.23886560926486897
3,1,543031.0034013926,-0.16239999,1.7415595,-0.23909138829262402
3,1,543036.003595283,-0.16239999,1.7415977,-0.23931716569880906
3,1,543041.0037891734,-0.16239999,1.7414831,-0.2395429433724393
3,1,543046.0039830636,-0.16239999,1.7415022,-0.23976872262210164
3,1,543051.0041769543,-0.16239999,1.7415022,-0.23999450104770326
3,1,543056.0043708449,-0.16239999,1.7415022,-0.24022027703073054
3,1,543061.0045647356,-0.16239999,1.7414259,-0.2404460551813776
3,1,543066.0047586262,-0.16239999,1.7413876,-0.24067182920955135
3,1,543071.0049525169,-0.16239999,1.7413113,-0.24089760700768742
3,1,543076.0051464075,-0.16239999,1.7411777,-0.2411233825594809
3,1,543081.0053402982,-0.16239999,1.7413304,-0.24134915715156924
3,1,543086.0055341888,-0.16239999,1.7412922,-0.24157493333337138
3,1,543091.0057280795,-0.16239999,1.7410059,-0.24180070990578265
3,1,543096.0059219701,-0.16239999,1.7411013,-0.2420264848400654
3,1,543101.0061158608,-0.16239999,1.7409867,-0.24225226150174373
3,1,543106.0063097514,-0.16239999,1.7410631,-0.2424780407216269
3,1,543111.0065036421,-0.16239999,1.7409867,-0.2427038168365063
3,1,543116.0066975327,-0.16239999,1.741025,-0.242929590595325
3,1,543121.0068914234,-0.16239999,1.7409867,-0.24315536442882918
3,1,543126.007085314,-0.16239999,1.7407577,-0.2433811406923667
3,1,543131.0072792047,-0.16239999,1.7409104,-0.24360691628365322
3,1,543136.0074730953,-0.16239999,1.7408723,-0.24383269413247807
3,1,543141.007666986,-0.16239999,1.740834,-0.24405846944558393
3,1,543146.0078608766,-0.16239999,1.7406431,-0.2442842436752669
3,1,543151.0080547668,-0.16239999,1.7406431,-0.24451001918557388
3,1,543156.008248657,-0.16239999,1.7405858,-0.24473579218495656
3,1,543161.0084425472,-0.16239999,1.7405477,-0.24496156311903913
3,1,543166.0086364374,-0.16239999,1.7405095,-0.24518733554145217
3,1,543171.0088303275,-0.16239999,1.740395,-0.24541310811242728
3,1,543176.0090242177,-0.16239999,1.7404331,-0.2456388774966997
3,1,543181.0092181079,-0.16239999,1.7404331,-0.24586464645293624
3,1,543186.0094119981,-0.16239999,1.740395,-0.2460904158612591
3,1,543191.0096058883,-0.16239999,1.7403377,-0.24631618669103436
3,1,543196.0097997785,-0.16239999,1.7403759,-0.2465419593656214
3,1,543201.0099936686,-0.16239999,1.7402804,-0.2467677345145777
3,1,543206.0101875588,-0.16239999,1.7401086,-0.24699350832934117
3,1,543211.010381449,-0.16239999,1.7402232,-0.24721927921921696
3,1,543216.0105753392,-0.16239999,1.7400705,-0.2474450501268417
3,1,543221.0107692294,-0.16239999,1.7401658,-0.24767082291181242
3,1,543226.0109631196,-0.16239999,1.7401277,-0.24789659602457803
3,1,543231.0111570098,-0.16239999,1.7402422,-0.24812236661974776
3,1,543236.0113508999,-0.16239999,1.739994,-0.24834813522213056
3,1,543241.0115447901,-0.16239999,1.7399559,-0.248573906394337
3,1,543246.0117386803,-0.16239999,1.7399368,-0.24879967680971346
3,1,543251.0119325705,-0.16239999,1.7398032,-0.24902544763602422
3,1,543256.0121264607,-0.16239999,1.739784,-0.24925122127662538
3,1,543261.0123203509,-0.16239999,1.7398223,-0.24947699488965774
3,1,543266.012514241,-0.16239999,1.7398795,-0.24970276867609326
3,1,543271.0127081312,-0.16239999,1.7396505,-0.2499285422438766
3,1,543276.0129020214,-0.16239999,1.7396696,-0.25015431767204344
3,1,543281.0130959116,-0.16239999,1.7396505,-0.25038009201149913
3,1,543286.0132898018,-0.16239999,1.739555,-0.25060587000324436
3,1,543291.013483692,-0.16239999,1.7394786,-0.2508316494203262
3,1,543296.0136775821,-0.16239999,1.7394595,-0.25105742737633513
3,1,543301.0138714723,-0.16239999,1.7394214,-0.25128320488321393
3,1,543306.0140653625,-0.16239999,1.7394023,-0.2515089830992903
3,1,543311.0142592527,-0.16239999,1.7392687,-0.251734757000685
3,1,543316.0144531429,-0.16239999,1.7392304,-0.2519605317159397
3,1,543321.0146470331,-0.16239999,1.7392113,-0.2521863078316875
3,1,543326.0148409232,-0.16239999,1.7392304,-0.25241208371102425
3,1,543331.0150348134,-0.16239999,1.7392304,-0.25263785577026454
3,1,543336.0152287036,-0.16239999,1.7388487,-0.25286362941762175
3,1,543341.0154225938,-0.16239999,1.7389823,-0.25308940167409877
3,1,543346.015616484,-0.16239999,1.7390014,-0.25331517435466777
3,1,543351.0158103742,-0.16239999,1.7388868,-0.25354094487246737
3,1,543356.0160042644,-0.16239999,1.7388487,-0.2537667155054223
3,1,543361.0161981545,-0.16239999,1.7388487,-0.2539924896406311
3,1,543366.0163920447,-0.16239999,1.7387341,-0.25421826434421324
3,1,543371.0165859349,-0.16239999,1.7388868,-0.25444403972393886
3,1,543376.0167798251,-0.16239999,1.7386768,-0.2546698129855994
3,1,543381.0169737153,-0.16239999,1.7386577,-0.25489558587568867
3,1,543386.0171676055,-0.16239999,1.7387532,-0.2551213588621446
3,1,543391.0173614956,-0.16239999,1.7384669,-0.2553471323219425
3,1,543396.0175553858,-0.16239999,1.7385432,-0.2555729085490632
3,1,543401.017749276,-0.16239999,1.7385814,-0.25579868412584184
3,1,543406.0179431662,-0.16239999,1.7385814,-0.2560244573347721
3,1,543411.0181370564,-0.16239999,1.7383523,-0.25625023001178554
3,1,543416.0183309466,-0.16239999,1.7384478,-0.25647600385587616
3,1,543421.0185248367,-0.16239999,1.7384095,-0.256701775609083
3,1,543426.0187187269,-0.16239999,1.7384095,-0.2569275490377872
3,1,543431.0189126171,-0.16239999,1.7382377,-0.2571533237676285
3,1,543436.0191065073,-0.16239999,1.7383142,-0.25737909867639963
3,1,543441.0193003975,-0.16239999,1.7382187,-0.25760487304623053
3,1,543446.0194942877,-0.16239999,1.738085,-0.25783064806112277
3,1,543451.0196881779,-0.16239999,1.7382568,-0.25805642237888404
3,1,543456.019882068,-0.16239999,1.7382187,-0.25828219662207574
3,1,543461.0200759582,-0.16239999,1.7381041,-0.25850797150425575
3,1,543466.0202698484,-0.16239999,1.7379895,-0.2587337480298459
3,1,543471.0204637386,-0.16239999,1.7379133,-0.2589595248355737
3,1,543476.0206576288,-0.16239999,1.737875,-0.2591853006221838
3,1,543481.020851519,-0.16239999,1.7378368,-0.25941107675102887
3,1,543486.0210454091,-0.16239999,1.7379895,-0.25963685539663206
3,1,543491.0212392993,-0.16239999,1.7377032,-0.25986263409362603
3,1,543496.0214331895,-0.16239999,1.7378368,-0.2600884127123111
3,1,543501.0216270797,-0.16239999,1.7377605,-0.2603141919956045
3,1,543506.0218209699,-0.16239999,1.7375696,-0.26053996953844316
3,1,543511.0220148601,-0.16239999,1.737455,-0.260765745807355
3,1,543516.0222087502,-0.16239999,1.7375886,-0.26099152244597545
3,1,543521.0224026404,-0.16239999,1.7374933,-0.26121729975127717
3,1,543526.0225965306,-0.16239999,1.7375124,-0.26144307904123554
3,1,543531.0227904208,-0.16239999,1.737455,-0.26166885704000664
3,1,543536.022984311,-0.16239999,1.7376077,-0.2618946336706309
3,1,543541.0231782012,-0.16239999,1.7373978,-0.2621204135614306
3,1,543546.0233720914,-0.16239999,1.7373596,-0.26234619325050085
3,1,543551.0235659815,-0.16239999,1.7373023,-0.2625719741893323
3,1,543556.0237598717,-0.16239999,1.7371877,-0.2627977537478543
3,1,543561.0239537619,-0.16239999,1.7371496,-0.2630235343856252
3,1,543566.0241476521,-0.16239999,1.7369778,-0.2632493173002157
3,1,543571.0243415423,-0.16239999,1.737016,-0.263475100207075
3,1,543576.0245354325,-0.16239999,1.7369205,-0.2637008819859114
3,1,543581.0247293226,-0.16239999,1.7369587,-0.2639266616816839
3,1,543586.0249232128,-0.16239999,1.7369205,-0.2641524430720702
3,1,543591.025117103,-0.16239999,1.7369587,-0.26437822401652106
3,1,543596.0253109932,-0.16239999,1.7369587,-0.26460400750232355
3,1,543601.0255048834,-0.16239999,1.7367487,-0.26482978837812887
3,1,543606.0256987736,-0.16239999,1.7367487,-0.2650555703240081
3,1,543611.0258926637,-0.16239999,1.7365769,-0.26528134849584545
3,1,543616.0260865539,-0.16239999,1.7365578,-0.26550712616532074
3,1,543621.0262804441,-0.16239999,1.7366724,-0.2657329047858188
3,1,543626.0264743343,-0.16239999,1.7365388,-0.265958682896818
3,1,543631.0266682245,-0.16239999,1.7365388,-0.26618445883164255
3,1,543636.0268621147,-0.16239999,1.7366151,-0.26641023361905364
3,1,543641.0270560049,-0.16239999,1.7364624,-0.26663601353718286
3,1,543646.027249895,-0.16239999,1.7363478,-0.2668617909418877
3,1,543651.0274437852,-0.16239999,1.7364433,-0.2670875682143117
3,1,543656.0276376754,-0.16239999,1.7362906,-0.26731334265421114
3,1,543661.0278315656,-0.16239999,1.7363478,-0.26753911870133906
3,1,543666.0280254558,-0.16239999,1.7363287,-0.2677648955876781
3,1,543671.028219346,-0.16239999,1.7362142,-0.26799067075321276
3,1,543676.0284132361,-0.16239999,1.7361379,-0.26821644648115783
3,1,543681.0286071263,-0.16239999,1.7358897,-0.26844222373871124
3,1,543686.0288010165,-0.16239999,1.7360996,-0.2686680023949928
3,1,543691.0289949067,-0.16239999,1.735985,-0.2688937809060931
3,1,543696.0291887969,-0.16239999,1.735966,-0.26911956065679293
3,1,543701.0293826871,-0.16239999,1.7358133,-0.2693453401385019
3,1,543706.0295765772,-0.16239999,1.7359469,-0.26957111755945234
3,1,543711.0297704674,-0.16239999,1.7358133,-0.26979689057803685
3,1,543716.0299643576,-0.16239999,1.7357751,-0.27002266169542194
3,1,543721.0301582478,-0.16239999,1.7356415,-0.270248434590441
3,1,543726.030352138,-0.16239999,1.735756,-0.2704742085283634
3,1,543731.0305460282,-0.16239999,1.7355078,-0.27069998077516044
3,1,543736.0307399184,-0.16239999,1.7356033,-0.27092575282285314
3,1,543741.0309338085,-0.16239999,1.7354314,-0.2711515251808592
3,1,543746.0311276987,-0.16239999,1.7354314,-0.27137729770586677
3,1,543751.0313215889,-0.16239999,1.7354505,-0.2716030721305596
3,1,543756.0315154791,-0.16239999,1.7352215,-0.27182884638867155
3,1,543761.0317093693,-0.16239999,1.7352406,-0.2720546180913991
3,1,543766.0319032595,-0.16239999,1.7351451,-0.2722803895390353
3,1,543771.0320971496,-0.16239999,1.7352215,-0.272506162835716
3,1,543776.0322910398,-0.16239999,1.735126,-0.2727319374655142
3,1,543781.03248493,-0.16239999,1.7352597,-0.2729577118877401
3,1,543786.0326788202,-0.16239999,1.7349733,-0.2731834854998014
3,1,543791.0328727104,-0.16239999,1.7350688,-0.2734092609473795
3,1,543796.0330666006,-0.16239999,1.7349352,-0.2736350380275627
3,1,543801.0332604907,-0.16239999,1.7349161,-0.2738608142330875
3,1,543806.0334543809,-0.16239999,1.7349542,-0.2740865915040329
3,1,543811.0336482711,-0.16239999,1.7348588,-0.274312366887589
3,1,543816.0338421613,-0.16239999,1.7347633,-0.2745381418079979
3,1,543821.0340360515,-0.16239999,1.7348015,-0.274763915582034
3,1,543826.0342299417,-0.16239999,1.7346488,-0.2749896904462258
3,1,543831.0344238319,-0.16239999,1.7346106,-0.275215465260584
3,1,543836.034617722,-0.16239999,1.7346106,-0.275441239659487
3,1,543841.0348116122,-0.16239999,1.7346679,-0.2756670131444389
3,1,543846.0350055024,-0.16239999,1.7346106,-0.27589278700058206
3,1,543851.0351993926,-0.16239999,1.7345533,-0.2761185609203838
3,1,543856.0353932828,-0.16239999,1.7343816,-0.2763443357923648
3,1,543861.035587173,-0.16239999,1.7346106,-0.2765701101424889
3,1,543866.0357810631,-0.16239999,1.7344769,-0.276795881921892
3,1,543871.0359749533,-0.16239999,1.7343624,-0.27702165347987123
3,1,543876.0361688435,-0.16239999,1.7343624,-0.2772474220991768
3,1,543881.0363627337,-0.16239999,1.7343051,-0.27747319231364503
3,1,543886.0365566239,-0.16239999,1.7342479,-0.27769896607289424
3,1,543891.0367505141,-0.16239999,1.7343051,-0.27792473951639196
3,1,543896.0369444042,-0.16239999,1.734076,-0.2781505167046194
3,1,543901.0371382944,-0.16239999,1.7341524,-0.2783762940460489
3,1,543906.0373321846,-0.16239999,1.734076,-0.27860207102907986
3,1,543911.0375260748,-0.16239999,1.7340951,-0.27882785008584005
3,1,543916.037719965,-0.16239999,1.734057,-0.27905362794874733
3,1,543921.0379138552,-0.16239999,1.734057,-0.2792794043107244
3,1,543926.0381077453,-0.16239999,1.7337897,-0.2795051805828913
3,1,543931.0383016355,-0.16239999,1.7339233,-0.27973095575022655
3,1,543936.0384955257,-0.16239999,1.733656,-0.27995672666912813
3,1,543941.0386894159,-0.16239999,1.7336943,-0.2801824987447663
3,1,543946.0388833061,-0.16239999,1.7336943,-0.2804082709487656
3,1,543951.0390771963,-0.16239999,1.733656,-0.2806340413082834
3,1,543956.0392710865,-0.16239999,1.733637,-0.28085981180546143
3,1,543961.0394649766,-0.16239999,1.7335798,-0.28108558364617536
3,1,543966.0396588668,-0.16239999,1.733427,-0.2813113528762795
3,1,543971.039852757,-0.16239999,1.7334461,-0.28153712008728377
3,1,543976.0400466472,-0.16239999,1.7334079,-0.28176288855692866
3,1,543981.0402405374,-0.16239999,1.7333316,-0.28198865893298014
3,1,543986.0404344276,-0.16239999,1.7332361,-0.28221443302198124
3,1,543991.0406283177,-0.16239999,1.7331979,-0.2824402075932187
3,1,543996.0408222079,-0.16239999,1.7332934,-0.2826659812238824
3,1,544001.0410160981,-0.16239999,1.7329307,-0.2828917565226401
3,1,544006.0412099883,-0.16239999,1.7329688,-0.28311753341040874
3,1,544011.0414038785,-0.16239999,1.7329879,-0.2833433110164622
3,1,544016.0415977687,-0.16239999,1.7329688,-0.2835690862002401
3,1,544021.0417916588,-0.16239999,1.7329879,-0.28379485823654
3,1,544026.041985549,-0.16239999,1.7329307,-0.28402062924888677
3,1,544031.0421794392,-0.16239999,1.7327589,-0.2842464007286118
3,1,544036.0423733294,-0.16239999,1.7328352,-0.2844721739630305
3,1,544041.0425672196,-0.16239999,1.732778,-0.2846979472962182
3,1,544046.0427611098,-0.16239999,1.7327397,-0.2849237202468369
3,1,544051.042955,-0.16239999,1.7327397,-0.28514949452405375
3,1,544056.0431488901,-0.16239999,1.7325679,-0.2853752669916968
3,1,544061.0433427803,-0.16239999,1.7325488,-0.28560104208843445
3,1,544066.0435366705,-0.16239999,1.732606,-0.2858268178903671
3,1,544071.0437305607,-0.16239999,1.7324343,-0.28605259362183133
3,1,544076.0439244509,-0.16239999,1.7323961,-0.2862783677804242
3,1,544081.0441183411,-0.16239999,1.7324343,-0.286504144021754
3,1,544086.0443122312,-0.16239999,1.732358,-0.28672991949489
3,1,544091.0445061214,-0.16239999,1.732167,-0.28695569784997604
3,1,544096.0447000116,-0.16239999,1.7322243,-0.2871814765670783
3,1,544101.0448939018,-0.16239999,1.7322243,-0.28740725604916645
3,1,544106.045087792,-0.16239999,1.7319762,-0.28763303668689344
3,1,544111.0452816822,-0.16239999,1.731938,-0.2878588193549575
3,1,544116.0454755723,-0.16239999,1.7318807,-0.2880845988855183
3,1,544121.0456694625,-0.16239999,1.7319762,-0.2883103787062188
3,1,544126.0458633527,-0.16239999,1.7318425,-0.28853615849301745
3,1,544131.0460572429,-0.16239999,1.7319571,-0.2887619389248717
3,1,544136.0462511331,-0.16239999,1.7316898,-0.2889877191195706
3,1,544141.0464450233,-0.16239999,1.7316707,-0.2892135001777256
3,1,544146.0466389135,-0.16239999,1.7317852,-0.2894392830385329
3,1,544151.0468328036,-0.16239999,1.7318234,-0.2896650645144428
3,1,544156.0470266938,-0.16239999,1.7316515,-0.28989084562246453
3,1,544161.047220584,-0.16239999,1.7316134,-0.2901166251863551
3,1,544166.0474144742,-0.16239999,1.7316134,-0.2903424052044571
3,1,544171.0476083644,-0.16239999,1.7313843,-0.2905681860080945
3,1,544176.0478022546,-0.16239999,1.7314225,-0.2907939680180032
3,1,544181.0479961447,-0.16239999,1.7314416,-0.2910197501854818
3,1,544186.0481900349,-0.16239999,1.731308,-0.29124553343661586
3,1,544191.0483839251,-0.16239999,1.7311743,-0.2914713205333025
3,1,544196.0485778153,-0.16239999,1.7311934,-0.2916971076376955
3,1,544201.0487717055,-0.16239999,1.7311553,-0.29192289348705563
3,1,544206.0489655957,-0.16239999,1.7310789,-0.2921486813732389
3,1,544211.0491594858,-0.16239999,1.7311743,-0.2923744658142961
3,1,544216.049353376,-0.16239999,1.7310407,-0.292600248817729
3,1,544221.0495472662,-0.16239999,1.7310026,-0.2928260343497391
3,1,544226.0497411564,-0.16239999,1.7308307,-0.29305182093295573
3,1,544231.0499350466,-0.16239999,1.7307925,-0.29327760875887543
3,1,544236.0501289368,-0.16239999,1.7308307,-0.29350339394406183
3,1,544241.050322827,-0.16239999,1.730678,-0.293729177488214
3,1,544246.0505167171,-0.16239999,1.730678,-0.29395496100828583
3,1,544251.0507106073,-0.16239999,1.7305634,-0.2941807438352211
3,1,544256.0509044975,-0.16239999,1.7305634,-0.2944065265803283
3,1,544261.0510983877,-0.16239999,1.7304871,-0.29463231043128457
3,1,544266.0512922779,-0.16239999,1.7303725,-0.29485809438835453
3,1,544271.051486168,-0.16239999,1.7305443,-0.29508387716968393
3,1,544276.0516800582,-0.16239999,1.730258,-0.29530965810786886
3,1,544281.0518739484,-0.16239999,1.7302961,-0.29553543858739606
3,1,544286.0520678386,-0.16239999,1.7303153,-0.29576122136833805
3,1,544291.0522617288,-0.16239999,1.7303153,-0.29598700703195685
3,1,544296.052455619,-0.16239999,1.7301625,-0.29621279306997894
3,1,544301.0526495092,-0.16239999,1.7301244,-0.29643857626913195
3,1,544306.0528433993,-0.16239999,1.7301053,-0.2966643579959997
3,1,544311.0530372895,-0.16239999,1.7303153,-0.2968901357209612
3,1,544316.0532311797,-0.16239999,1.7302008,-0.2971159111858875
3,1,544321.0534250699,-0.16239999,1.7300862,-0.2973416889299547
3,1,544326.0536189601,-0.16239999,1.7299335,-0.29756746385780264
3,1,544331.0538128503,-0.16239999,1.7299716,-0.29779323645459405
3,1,544336.0540067405,-0.16239999,1.7297235,-0.29801900984864477
3,1,544341.0542006306,-0.16239999,1.729838,-0.2982447831056578
3,1,544346.0543945208,-0.16239999,1.7297808,-0.29847056046365494
3,1,544351.054588411,-0.16239999,1.7297044,-0.2986963359085094
3,1,544356.0547823017,-0.16239999,1.7295707,-0.2989221115220558
3,1,544361.0549761923,-0.16239999,1.729628,-0.2991478838702453
3,1,544366.055170083,-0.16239999,1.729418,-0.29937365561068024
3,1,544371.0553639736,-0.16239999,1.729399,-0.29959942615208823
3,1,544376.0555578643,-0.16239999,1.7292844,-0.2998251992611774
3,1,544381.0557517549,-0.16239999,1.7292272,-0.30005097016587984
3,1,544386.0559456456,-0.16239999,1.7292653,-0.30027674350716554
3,1,544391.0561395362,-0.16239999,1.7291889,-0.300502517245217
3,1,544396.0563334269,-0.16239999,1.729208,-0.30072829025704545
3,1,544401.0565273175,-0.16239999,1.7290171,-0.30095406114194095
3,1,544406.0567212082,-0.16239999,1.7291317,-0.30117983400302845
3,1,544411.0569150988,-0.16239999,1.7290744,-0.3014056048125663
3,1,544416.0571089895,-0.16239999,1.7289217,-0.3016313746150365
3,1,544421.0573028801,-0.16239999,1.7289981,-0.3018571408702902
3,1,544426.0574967708,-0.16239999,1.7288835,-0.30208290689639883
3,1,544431.0576906614,-0.16239999,1.7288071,-0.30230867248346294
3,1,544436.0578845516,-0.16239999,1.7288071,-0.3025344388915504
3,1,544441.0580784422,-0.16239999,1.7287499,-0.3027602024397888
3,1,544446.0582723329,-0.16239999,1.7287499,-0.30298596656814764
3,1,544451.0584662235,-0.16239999,1.7287308,-0.30321172999701035
3,1,544456.058660114,-0.16239999,1.7288071,-0.30343749343164644
3,1,544461.0588540044,-0.16239999,1.7286927,-0.30366325820126266
3,1,544466.0590478948,-0.16239999,1.7285208,-0.3038890235759637
3,1,544471.0592417852,-0.16239999,1.7284826,-0.30411479011748527
3,1,544476.0594356756,-0.16239999,1.7283871,-0.3043405561938133
3,1,544481.059629566,-0.16239999,1.7283108,-0.3045663232902028
3,1,544486.0598234565,-0.16239999,1.7282344,-0.3047920907039605
3,1,544491.0600173469,-0.16239999,1.7282344,-0.30501785647987617
3,1,544496.0602112373,-0.16239999,1.7282726,-0.3052436244813912
3,1,544501.0604051277,-0.16239999,1.7281772,-0.3054693910883719
3,1,544506.0605990182,-0.16239999,1.7282726,-0.3056951580208478
3,1,544511.060792909,-0.16239999,1.7281772,-0.30592092494381673
3,1,544516.0609867995,-0.16239999,1.7280053,-0.30614669109828563
3,1,544521.0611806901,-0.16239999,1.7280817,-0.3063724584964882
3,1,544526.0613745806,-0.16239999,1.7278526,-0.30659822534099507
3,1,544531.0615684711,-0.16239999,1.7279099,-0.30682399209981037
3,1,544536.0617623617,-0.16239999,1.7279481,-0.30704976082553587
3,1,544541.0619562522,-0.16239999,1.7278717,-0.3072755278947763
3,1,544546.0621501427,-0.16239999,1.7278908,-0.3075012950863966
3,1,544551.0623440332,-0.16239999,1.7278144,-0.307727061777982
3,1,544556.0625379237,-0.16239999,1.7276617,-0.3079528290933929
3,1,544561.0627318142,-0.16239999,1.7276617,-0.3081785991878066
3,1,544566.0629257048,-0.16239999,1.7277954,-0.30840437138970234
3,1,544571.0631195952,-0.16239999,1.7276808,-0.30863014388754506
3,1,544576.0633134858,-0.16239999,1.7274709,-0.30885591583257704
3,1,544581.0635073762,-0.16239999,1.7275853,-0.3090816860070009
3,1,544586.0637012668,-0.16239999,1.7274135,-0.3093074558466073
3,1,544591.0638951573,-0.16239999,1.72749,-0.3095332269872133
3,1,544596.0640890478,-0.16239999,1.727299,-0.30975899706647253
3,1,544601.0642829379,-0.16239999,1.7271844,-0.3099847707530496
3,1,544606.0644768283,-0.16239999,1.7272418,-0.31021054418704613
3,1,544611.0646707187,-0.16239999,1.7272608,-0.3104363140033578
3,1,544616.0648646092,-0.16239999,1.7270126,-0.310662082688524
3,1,544621.0650584996,-0.16239999,1.7269936,-0.31088785742379266
3,1,544626.0652523902,-0.16239999,1.7271081,-0.3111136310414552
3,1,544631.0654462806,-0.16239999,1.7269936,-0.3113394015109394
3,1,544636.0656401711,-0.16239999,1.7269745,-0.31156517288236774
3,1,544641.0658340615,-0.16239999,1.7268409,-0.3117909421132136
3,1,544646.0660279519,-0.16239999,1.7268981,-0.3120167109409351
3,1,544651.0662218423,-0.16239999,1.7268027,-0.31224247751936934
3,1,544656.0664157327,-0.16239999,1.7269171,-0.31246824322839367
3,1,544661.0666096234,-0.16239999,1.7266881,-0.31269401134703095
3,1,544666.066803514,-0.16239999,1.7264972,-0.3129197800587121
3,1,544671.0669974047,-0.16239999,1.7266117,-0.3131455469369064
3,1,544676.0671912953,-0.16239999,1.7263826,-0.31337131296334947
3,1,544681.067385186,-0.16239999,1.7265736,-0.3135970822166779
3,1,544686.0675790766,-0.16239999,1.72644,-0.31382285421693773
3,1,544691.0677729673,-0.16239999,1.7263826,-0.3140486266767477
3,1,544696.0679668579,-0.16239999,1.7263063,-0.3142743998319154
3,1,544701.0681607486,-0.16239999,1.7262872,-0.3145001760998016
3,1,544706.0683546392,-0.16239999,1.7263063,-0.31472594900416123
3,1,544711.0685485299,-0.16239999,1.7261345,-0.31495172483744677
3,1,544716.0687424205,-0.16239999,1.7261536,-0.3151775009030853
3,1,544721.0689363112,-0.16239999,1.72602,-0.3154032748165176
3,1,544726.0691302018,-0.16239999,1.7259436,-0.31562904699504
3,1,544731.0693240925,-0.16239999,1.7260772,-0.3158548173039518
3,1,544736.0695179831,-0.16239999,1.7258673,-0.31608058582102466
3,1,544741.0697118738,-0.16239999,1.7259054,-0.31630635421834513
3,1,544746.0699057644,-0.16239999,1.7258673,-0.3165321205518225
3,1,544751.0700996551,-0.16239999,1.7256763,-0.31675788954134076
3,1,544756.0702935457,-0.16239999,1.7257909,-0.3169836606478116
3,1,544761.0704874359,-0.16239999,1.7257146,-0.3172094323603631
3,1,544766.0706813261,-0.16239999,1.7256382,-0.31743520491469773
3,1,544771.0708752163,-0.16239999,1.7256,-0.31766097626917184
3,1,544776.0710691065,-0.16239999,1.7254281,-0.3178867470292221
3,1,544781.0712629966,-0.16239999,1.7254281,-0.3181125145919848
3,1,544786.0714568868,-0.16239999,1.725409,-0.3183382850137762
3,1,544791.071650777,-0.16239999,1.7255236,-0.3185640571238344
3,1,544796.0718446672,-0.16239999,1.7253327,-0.3187898269646767
3,1,544801.0720385574,-0.16239999,1.7253327,-0.3190155987289187
3,1,544806.0722324476,-0.16239999,1.7255045,-0.3192413728263001
3,1,544811.0724263377,-0.16239999,1.7252182,-0.3194671494077663
3,1,544816.0726202279,-0.16239999,1.7252373,-0.31969292621024986
3,1,544821.0728141181,-0.16239999,1.7251418,-0.31991870302684894
3,1,544826.0730080083,-0.16239999,1.7250464,-0.3201444811265663
3,1,544831.0732018985,-0.16239999,1.7250464,-0.32037025458859275
3,1,544836.0733957887,-0.16239999,1.7248554,-0.32059602458333014
3,1,544841.0735896789,-0.16239999,1.7248745,-0.3208217967258042
3,1,544846.073783569,-0.16239999,1.7248745,-0.32104756620599206
3,1,544851.0739774592,-0.16239999,1.7248745,-0.3212733359480645
3,1,544856.0741713494,-0.16239999,1.7247218,-0.32149910720388963
3,1,544861.0743652396,-0.16239999,1.7247791,-0.32172488205324073
3,1,544866.0745591298,-0.16239999,1.7247218,-0.3219506566457198
3,1,544871.07475302,-0.16239999,1.7248936,-0.322176432252636
3,1,544876.0749469101,-0.16239999,1.7245691,-0.32240220995282837
3,1,544881.0751408003,-0.16239999,1.7244164,-0.3226279858564805
3,1,544886.0753346905,-0.16239999,1.7242827,-0.3228537614208191
3,1,544891.0755285807,-0.16239999,1.7243973,-0.3230795369954735
3,1,544896.0757224709,-0.16239999,1.7242255,-0.323305311822193
3,1,544901.0759163611,-0.16239999,1.7242827,-0.32353108779072315
3,1,544906.0761102512,-0.16239999,1.7242255,-0.3237568646806227
3,1,544911.0763041414,-0.16239999,1.7240536,-0.3239826428205119
3,1,544916.0764980316,-0.16239999,1.7241491,-0.32420842127539434
3,1,544921.0766919218,-0.16239999,1.7239964,-0.32443419958373954
3,1,544926.076885812,-0.16239999,1.7239391,-0.3246599776476693
3,1,544931.0770797022,-0.16239999,1.7239391,-0.3248857543765767
3,1,544936.0772735924,-0.16239999,1.72392,-0.325111527714681
3,1,544941.0774674825,-0.16239999,1.7238054,-0.3253372998384756
3,1,544946.0776613727,-0.16239999,1.7237482,-0.3255630712598195
3,1,544951.0778552629,-0.16239999,1.723691,-0.3257888413116109
3,1,544956.0780491531,-0.16239999,1.7236336,-0.326014611026723
3,1,544961.0782430433,-0.16239999,1.7235574,-0.32624038088909585
3,1,544966.0784369335,-0.16239999,1.7235764,-0.32646615164619486
3,1,544971.0786308236,-0.16239999,1.7235,-0.32669192209340514
3,1,544976.0788247138,-0.16239999,1.7233473,-0.32691769359188494
3,1,544981.079018604,-0.16239999,1.7232901,-0.32714346670000966
3,1,544986.0792124942,-0.16239999,1.7233282,-0.3273692389851259
3,1,544991.0794063844,-0.16239999,1.723271,-0.32759501101087496
3,1,544996.0796002746,-0.16239999,1.7232137,-0.327820785527224
3,1,545001.0797941647,-0.16239999,1.7230419,-0.3280465586306292
3,1,545006.0799880549,-0.16239999,1.72308,-0.3282723344540435
3,1,545011.0801819451,-0.16239999,1.7230228,-0.32849811100011284
3,1,545016.0803758353,-0.16239999,1.7228701,-0.3287238854945257
3,1,545021.0805697255,-0.16239999,1.7229846,-0.32894966106210033
3,1,545026.0807636157,-0.16239999,1.7229083,-0.3291754362794546
3,1,545031.0809575059,-0.16239999,1.7226982,-0.3294012096469134
3,1,545036.081151396,-0.16239999,1.7227746,-0.3296269806538916
3,1,545041.0813452862,-0.16239999,1.7226791,-0.3298527524319329
3,1,545046.0815391764,-0.16239999,1.722641,-0.3300785237216698
3,1,545051.0817330666,-0.16239999,1.7226791,-0.33030429445939646
3,1,545056.0819269568,-0.16239999,1.7225264,-0.3305300649728234
3,1,545061.082120847,-0.16239999,1.7226028,-0.3307558358541434
3,1,545066.0823147371,-0.16239999,1.7223928,-0.33098160721535286
3,1,545071.0825086273,-0.16239999,1.7223356,-0.33120737861803556
3,1,545076.0827025175,-0.16239999,1.7222973,-0.33143315187890215
3,1,545081.0828964077,-0.16239999,1.7223164,-0.3316589267628115
3,1,545086.0830902979,-0.16239999,1.7223547,-0.3318846994706836
3,1,545091.0832841881,-0.16239999,1.722221,-0.3321104738879921
3,1,545096.0834780782,-0.16239999,1.7220874,-0.3323362448907748
3,1,545101.0836719684,-0.16239999,1.7221446,-0.33256201761143206
3,1,545106.0838658586,-0.16239999,1.7219347,-0.33278778940039505
3,1,545111.0840597488,-0.16239999,1.7219537,-0.33301356427340667
3,1,545116.084253639,-0.16239999,1.7218201,-0.3332393407656265
3,1,545121.0844475292,-0.16239999,1.7218583,-0.33346511254998007
3,1,545126.0846414194,-0.16239999,1.7217437,-0.3336908824388944
3,1,545131.0848353095,-0.16239999,1.721801,-0.333916654827875
3,1,545136.0850291997,-0.16239999,1.7217056,-0.3341424260723107
3,1,545141.0852230899,-0.16239999,1.721591,-0.3343681963282174
3,1,545146.0854169801,-0.16239999,1.7215147,-0.33459396628224813
3,1,545151.0856108703,-0.16239999,1.7215528,-0.33481973650128194
3,1,545156.0858047605,-0.16239999,1.7213428,-0.33504550607346295
3,1,545161.0859986506,-0.16239999,1.7213047,-0.3352712781228784
3,1,545166.0861925408,-0.16239999,1.7213237,-0.3354970501203161
3,1,545171.086386431,-0.16239999,1.7213237,-0.33572281982542707
3,1,545176.0865803212,-0.16239999,1.7212282,-0.3359485922047029
3,1,545181.0867742114,-0.16239999,1.7212282,-0.3361743641313651
3,1,545186.0869681016,-0.16239999,1.7211138,-0.33640013726602297
3,1,545191.0871619917,-0.16239999,1.7209992,-0.3366259111167487
3,1,545196.0873558819,-0.16239999,1.7211901,-0.33685168345702077
3,1,545201.0875497721,-0.16239999,1.7209419,-0.33707745423870666
3,1,545206.0877436623,-0.16239999,1.7209992,-0.337303223127277
3,1,545211.0879375525,-0.16239999,1.7208273,-0.3375289948483528
3,1,545216.0881314427,-0.16239999,1.720751,-0.33775476864921594
3,1,545221.0883253329,-0.16239999,1.7205793,-0.3379805433045779
3,1,545226.088519223,-0.16239999,1.720541,-0.33820631901560433
3,1,545231.0887131132,-0.16239999,1.720541,-0.3384320924604696
3,1,545236.0889070034,-0.16239999,1.7205983,-0.3386578638425432
3,1,545241.0891008936,-0.16239999,1.7203311,-0.3388836334752486
3,1,545246.0892947838,-0.16239999,1.7204074,-0.3391094040200656
3,1,545251.089488674,-0.16239999,1.7203501,-0.3393351772406461
3,1,545256.0896825641,-0.16239999,1.7201974,-0.33956095096303396
3,1,545261.0898764543,-0.16239999,1.720312,-0.3397867235891541
3,1,545266.0900703445,-0.16239999,1.7201974,-0.3400124942462001
3,1,545271.0902642347,-0.16239999,1.7200638,-0.3402382664142801
3,1,545276.0904581249,-0.16239999,1.7202547,-0.3404640394985936
3,1,545281.0906520151,-0.16239999,1.7200447,-0.3406898146405058
3,1,545286.0908459052,-0.16239999,1.7200257,-0.34091559066766036
3,1,545291.0910397954,-0.16239999,1.7197775,-0.3411413659033497
3,1,545296.0912336856,-0.16239999,1.7197775,-0.3413671375755472
3,1,545301.0914275758,-0.16239999,1.7198347,-0.3415929099232069
3,1,545306.091621466,-0.16239999,1.7197775,-0.3418186842510066
3,1,545311.0918153562,-0.16239999,1.7196438,-0.34204445878247036
3,1,545316.0920092463,-0.16239999,1.7194338,-0.3422702344271974
3,1,545321.0922031365,-0.16239999,1.7194719,-0.3424960124129325
3,1,545326.0923970267,-0.16239999,1.7194719,-0.34272178930213665
3,1,545331.0925909169,-0.16239999,1.7194911,-0.3429475648948752
3,1,545336.0927848071,-0.16239999,1.7193575,-0.3431733371250533
3,1,545341.0929786973,-0.16239999,1.7193383,-0.343399112082985
3,1,545346.0931725875,-0.16239999,1.7192811,-0.3436248885525402
3,1,545351.0933664776,-0.16239999,1.7191474,-0.34385066113767143
3,1,545356.0935603678,-0.16239999,1.7191093,-0.3440764323739396
3,1,545361.093754258,-0.16239999,1.7192239,-0.34430220386644733
3,1,545366.0939481482,-0.16239999,1.719071,-0.3445279763539619
3,1,545371.0941420384,-0.16239999,1.7190329,-0.34475374762139666
3,1,545376.0943359286,-0.16239999,1.7190138,-0.3449795203073533
3,1,545381.0945298187,-0.16239999,1.718842,-0.3452052934933921
3,1,545386.0947237089,-0.16239999,1.718842,-0.3454310644568076
3,1,545391.0949175991,-0.16239999,1.7188802,-0.3456568354058079
3,1,545396.0951114893,-0.16239999,1.718632,-0.34588260679929406
3,1,545401.0953053795,-0.16239999,1.7185938,-0.34610837891838897
3,1,545406.0954992697,-0.16239999,1.7185557,-0.3463341510183872
3,1,545411.0956931598,-0.16239999,1.7185938,-0.3465599244825421
3,1,545416.09588705,-0.16239999,1.7184602,-0.34678570302166073
3,1,545421.0960809402,-0.16239999,1.7185938,-0.3470114809970354
3,1,545426.0962748304,-0.16239999,1.718422,-0.34723725908078285
3,1,545431.0964687206,-0.16239999,1.7183838,-0.3474630364231851
3,1,545436.0966626108,-0.16239999,1.7183075,-0.3476888113405186
3,1,545441.096856501,-0.16239999,1.7183838,-0.347914583289131
3,1,545446.0970503911,-0.16239999,1.7182884,-0.3481403541606353
3,1,545451.0972442813,-0.16239999,1.7182884,-0.34836612500213865
3,1,545456.0974381715,-0.16239999,1.7179829,-0.3485918963202192
3,1,545461.0976320617,-0.16239999,1.7181739,-0.3488176677953869
3,1,545466.0978259519,-0.16239999,1.7180021,-0.34904343845345526
3,1,545471.0980198421,-0.16239999,1.7178875,-0.3492692086009767
3,1,545476.0982137322,-0.16239999,1.717773,-0.3494949803043599
3,1,545481.0984076224,-0.16239999,1.7177539,-0.34972075146007237
3,1,545486.0986015126,-0.16239999,1.7178493,-0.3499465230888272
3,1,545491.0987954028,-0.16239999,1.7178493,-0.35017229451270593
3,1,545496.098989293,-0.16239999,1.7176012,-0.35039806756104885
3,1,545501.0991831832,-0.16239999,1.7176012,-0.350623841062676
3,1,545506.0993770733,-0.16239999,1.7176393,-0.3508496150918026
3,1,545511.0995709635,-0.16239999,1.7175057,-0.35107538979776975
3,1,545516.0997648537,-0.16239999,1.7174293,-0.35130116453596316
3,1,545521.0999587439,-0.16239999,1.7174484,-0.351526937834836
3,1,545526.1001526341,-0.16239999,1.7174293,-0.351752712482855
3,1,545531.1003465243,-0.16239999,1.7171048,-0.3519784890740707
3,1,545536.1005404145,-0.16239999,1.7173339,-0.35220426107428005
3,1,545541.1007343046,-0.16239999,1.7170284,-0.352430028817841
3,1,545546.1009281948,-0.16239999,1.7171239,-0.3526557942246839
3,1,545551.101122085,-0.16239999,1.7171812,-0.35288156014346195
3,1,545556.1013159752,-0.16239999,1.7170476,-0.35310732692360824
3,1,545561.1015098654,-0.16239999,1.7169712,-0.3533330927855814
3,1,545566.1017037556,-0.16239999,1.7169139,-0.3535588581768981
3,1,545571.1018976457,-0.16239999,1.7168757,-0.35378462429045254
3,1,545576.1020915359,-0.16239999,1.7167611,-0.35401039012997626
3,1,545581.1022854261,-0.16239999,1.7167994,-0.35423615307135575
3,1,545586.1024793163,-0.16239999,1.7166848,-0.3544619177541462
3,1,545591.1026732065,-0.16239999,1.716723,-0.35468768516584426
3,1,545596.1028670967,-0.16239999,1.7166848,-0.35491345213105385
3,1,545601.1030609868,-0.16239999,1.7163985,-0.355139218832974
3,1,545606.103254877,-0.16239999,1.7164176,-0.35536498677751854
3,1,545611.1034487672,-0.16239999,1.7165703,-0.3555907541705024
3,1,545616.1036426574,-0.16239999,1.7164557,-0.35581652304526684
3,1,545621.1038365476,-0.16239999,1.7163221,-0.35604229367874995
3,1,545626.1040304378,-0.16239999,1.7163221,-0.3562680644409385
3,1,545631.104224328,-0.16239999,1.7162266,-0.3564938341122147
3,1,545636.1044182181,-0.16239999,1.7161312,-0.3567196052840577
3,1,545641.1046121083,-0.16239999,1.7161503,-0.3569453753484746
3,1,545646.1048059985,-0.16239999,1.7160167,-0.35717114152917034
3,1,545651.1049998887,-0.16239999,1.7159976,-0.35739690771447385
3,1,545656.1051937789,-0.16239999,1.7159021,-0.35762267039827356
3,1,545661.105387669,-0.16239999,1.7159212,-0.3578484358430316
3,1,545666.1055815592,-0.16239999,1.7158449,-0.3580742008072934
3,1,545671.1057754494,-0.16239999,1.715673,-0.35829996579480516
3,1,545676.1059693396,-0.16239999,1.715673,-0.3585257323204396
3,1,545681.1061632298,-0.16239999,1.7156348,-0.3587515004623699
3,1,545686.10635712,-0.16239999,1.7155967,-0.3589772652089241
3,1,545691.1065510102,-0.16239999,1.7155776,-0.3592030304205162
3,1,545696.1067449003,-0.16239999,1.7155012,-0.3594287975814948
3,1,545701.1069387905,-0.16239999,1.7154821,-0.35965456452648026
3,1,545706.1071326807,-0.16239999,1.7152148,-0.3598803312527572
3,1,545711.1073265709,-0.16239999,1.7152148,-0.3601060987745467
3,1,545716.1075204611,-0.16239999,1.7151576,-0.3603318665209455
3,1,545721.1077143513,-0.16239999,1.7149094,-0.3605576373546166
3,1,545726.1079082415,-0.16239999,1.7149094,-0.3607834110291643
3,1,545731.1081021316,-0.16239999,1.715024,-0.3610091815156474
3,1,545736.1082960218,-0.16239999,1.7150048,-0.3612349485151181
3,1,545741.108489912,-0.16239999,1.7146994,-0.36146071626080173
3,1,545746.1086838022,-0.16239999,1.7147185,-0.3616864824566975
3,1,545751.1088776924,-0.16239999,1.7146039,-0.3619122508261793
3,1,545756.1090715826,-0.16239999,1.7145085,-0.36213802179708426
3,1,545761.1092654727,-0.16239999,1.7144895,-0.36236379289850607
3,1,545766.1094593629,-0.16239999,1.7143749,-0.36258956456303115
3,1,545771.1096532531,-0.16239999,1.714413,-0.36281533624802464
3,1,545776.1098471433,-0.16239999,1.7143749,-0.36304110586268884
3,1,545781.1100410335,-0.16239999,1.7142222,-0.3632668756642012
3,1,545786.1102349237,-0.16239999,1.7142222,-0.3634926457344808
3,1,545791.1104288138,-0.16239999,1.7142031,-0.36371841257257026
3,1,545796.110622704,-0.16239999,1.7141839,-0.3639441772148155
3,1,545801.1108165942,-0.16239999,1.7141267,-0.36416994203293085
3,1,545806.1110104844,-0.16239999,1.7140503,-0.36439571122615627
3,1,545811.1112043746,-0.16239999,1.7139931,-0.3646214795719891
3,1,545816.1113982648,-0.16239999,1.7138404,-0.3648472480684495
3,1,545821.111592155,-0.16239999,1.7138213,-0.3650730169643636
3,1,545826.1117860451,-0.16239999,1.7136494,-0.3652987866720897
3,1,545831.1119799353,-0.16239999,1.7137067,-0.36552455736204487
3,1,545836.1121738255,-0.16239999,1.7134967,-0.36575032864831636
3,1,545841.1123677157,-0.16239999,1.7136494,-0.3659760992615521
3,1,545846.1125616059,-0.16239999,1.713535,-0.3662018687738735
3,1,545851.112755496,-0.16239999,1.7133249,-0.36642763873281164
3,1,545856.1129493862,-0.16239999,1.7132868,-0.36665340551825615
3,1,545861.1131432764,-0.16239999,1.7133249,-0.36687916945238414
3,1,545866.1133371666,-0.16239999,1.7133058,-0.36710493323304094
3,1,545871.1135310568,-0.16239999,1.7131722,-0.36733069582924416
3,1,545876.113724947,-0.16239999,1.7130576,-0.3675564595440262
3,1,545881.1139188372,-0.16239999,1.7131531,-0.3677822187675909
3,1,545886.1141127273,-0.16239999,1.7130767,-0.36800797729762236
3,1,545891.1143066175,-0.16239999,1.7128285,-0.368233737709346
3,1,545896.1145005077,-0.16239999,1.7130004,-0.36845950019821533
3,1,545901.1146943979,-0.16239999,1.7128285,-0.3686852617889801
3,1,545906.1148882881,-0.16239999,1.7127331,-0.3689110219494925
3,1,545911.1150821783,-0.16239999,1.7125804,-0.36913678612750694
3,1,545916.1152760684,-0.16239999,1.7125995,-0.36936254995406925
3,1,545921.1154699586,-0.16239999,1.7123322,-0.3695883140082186
3,1,545926.1156638488,-0.16239999,1.7123895,-0.36981407923252557
3,1,545931.115857739,-0.16239999,1.7125231,-0.3700398435919575
3,1,545936.1160516292,-0.16239999,1.7123322,-0.3702656056955085
3,1,545941.1162455194,-0.16239999,1.7123704,-0.3704913687235093
3,1,545946.1164394096,-0.16239999,1.7122177,-0.37071713148649627
3,1,545951.1166332997,-0.16239999,1.7121986,-0.37094289221741766
3,1,545956.1168271899,-0.16239999,1.7121603,-0.37116865753949363
3,1,545961.1170210801,-0.16239999,1.712084,-0.3713944207235915
3,1,545966.1172149708,-0.16239999,1.712065,-0.3716201848959568
3,1,545971.1174088614,-0.16239999,1.7119504,-0.3718459509786095
3,1,545976.117602752,-0.16239999,1.7118359,-0.37207171887799856
3,1,545981.1177966427,-0.16239999,1.7119695,-0.3722974859977556
3,1,545986.1179905334,-0.16239999,1.7116832,-0.37252325256580454
3,1,545991.1181844235,-0.16239999,1.7116832,-0.37274901835378765
3,1,545996.1183783142,-0.16239999,1.7117404,-0.3729747851783601
3,1,546001.1185722048,-0.16239999,1.7117594,-0.3732005499034301
3,1,546006.1187660955,-0.16239999,1.7115304,-0.3734263169804208
3,1,546011.1189599861,-0.16239999,1.7116258,-0.37365208574331804
3,1,546016.1191538768,-0.16239999,1.7114159,-0.37387785290540926
3,1,546021.1193477674,-0.16239999,1.7114159,-0.37410361868078434
3,1,546026.1195416581,-0.16239999,1.7113777,-0.3743293856643116
3,1,546031.1197355487,-0.16239999,1.7113777,-0.3745551491122917
3,1,546036.1199294394,-0.16239999,1.7111486,-0.37478091333950486
3,1,546041.12012333,-0.16239999,1.7111295,-0.3750066786366205
3,1,546046.1203172207,-0.16239999,1.711225,-0.3752324446061519
3,1,546051.1205111113,-0.16239999,1.7109578,-0.3754582099992112
3,1,546056.120705002,-0.16239999,1.711034,-0.37568397659880925
3,1,546061.1208988926,-0.16239999,1.7109386,-0.3759097415790451
3,1,546066.1210927833,-0.16239999,1.7107096,-0.37613550810503305
3,1,546071.1212866737,-0.16239999,1.7108241,-0.37636127485860066
3,1,546076.1214805641,-0.16239999,1.7106522,-0.37658704176599045
3,1,546081.1216744545,-0.16239999,1.7107477,-0.37681280868798256
3,1,546086.121868345,-0.16239999,1.710404,-0.3770385748216221
3,1,546091.1220622354,-0.16239999,1.7105186,-0.3772643402440516
3,1,546096.1222561258,-0.16239999,1.7105377,-0.3774901042723508
3,1,546101.1224500162,-0.16239999,1.7104423,-0.37771586825850784
3,1,546106.1226439066,-0.16239999,1.7102704,-0.377941633579645
3,1,546111.122837797,-0.16239999,1.7103659,-0.3781673959187858
3,1,546116.1230316875,-0.16239999,1.7102132,-0.37839315787221417
3,1,546121.123225578,-0.16239999,1.7101368,-0.37861892182237084
3,1,546126.1234194685,-0.16239999,1.710175,-0.37884468691671563
3,1,546131.123613359,-0.16239999,1.7100223,-0.3790704520620158
3,1,546136.1238072496,-0.16239999,1.7099268,-0.3792962179485941
3,1,546141.1240011401,-0.16239999,1.709736,-0.37952198592213876
3,1,546146.1241950307,-0.16239999,1.7097741,-0.379747754100139
3,1,546151.1243889212,-0.16239999,1.7096786,-0.3799735250805857
3,1,546156.1245828113,-0.16239999,1.7096214,-0.3801992941899623
3,1,546161.1247767018,-0.16239999,1.7096024,-0.3804250640353594
3,1,546166.1249705923,-0.16239999,1.709545,-0.3806508340542193
3,1,546171.1251644829,-0.16239999,1.709526,-0.3808766037537779
3,1,546176.1253583734,-0.16239999,1.7094495,-0.38110237620508014
3,1,546181.1255522638,-0.16239999,1.7094305,-0.38132814699098555
3,1,546186.1257461545,-0.16239999,1.7092587,-0.3815539162687883
3,1,546191.1259400449,-0.16239999,1.7092968,-0.38177968484848906
3,1,546196.1261339354,-0.16239999,1.709106,-0.38200545413302717
3,1,546201.126327826,-0.16239999,1.7092015,-0.3822312237880123
3,1,546206.1265217165,-0.16239999,1.7090678,-0.3824569962450258
3,1,546211.126715607,-0.16239999,1.709125,-0.3826827680432913
3,1,546216.1269094975,-0.16239999,1.7090296,-0.3829085386415845
3,1,546221.1271033881,-0.16239999,1.7088196,-0.3831343114425433
3,1,546226.1272972785,-0.16239999,1.7088006,-0.3833600868984006
3,1,546231.1274911691,-0.16239999,1.7088959,-0.38358586380044707
3,1,546236.1276850596,-0.16239999,1.7086096,-0.3838116403426131
3,1,546241.12787895,-0.16239999,1.7086287,-0.3840374167891435
3,1,546246.1280728404,-0.16239999,1.7085141,-0.38426319541171944
3,1,546251.1282667308,-0.16239999,1.708495,-0.38448897082464156
3,1,546256.1284606212,-0.16239999,1.7082851,-0.38471474183522175
3,1,546261.1286545116,-0.16239999,1.708247,-0.38494051391440887
3,1,546266.1288484021,-0.16239999,1.7082851,-0.38516628389735363
3,1,546271.1290422925,-0.16239999,1.7082851,-0.3853920541504018
3,1,546276.1292361831,-0.16239999,1.7081324,-0.3856178254054926
3,1,546281.1294300738,-0.16239999,1.7080369,-0.38584359759015346
3,1,546286.1296239644,-0.16239999,1.7079414,-0.38606937108957273
3,1,546291.1298178551,-0.16239999,1.7079033,-0.3862951423782756
3,1,546296.1300117457,-0.16239999,1.7077887,-0.3865209124153927
3,1,546301.1302056364,-0.16239999,1.7079414,-0.3867466814373351
3,1,546306.130399527,-0.16239999,1.707846,-0.38697245112513584
3,1,546311.1305934177,-0.16239999,1.7077506,-0.38719822036863616
3,1,546316.1307873079,-0.16239999,1.7076932,-0.38742398975195075
3,1,546321.1309811985,-0.16239999,1.707426,-0.3876497597955267
3,1,546326.1311750892,-0.16239999,1.7073878,-0.3878755291529505
3,1,546331.1313689798,-0.16239999,1.7073497,-0.3881012995952169
3,1,546336.1315628705,-0.16239999,1.7072923,-0.3883270717178467
3,1,546341.1317567611,-0.16239999,1.707216,-0.38855284348676433
3,1,546346.1319506518,-0.16239999,1.707197,-0.3887786153991942
3,1,546351.1321445424,-0.16239999,1.7071396,-0.38900438754845323
3,1,546356.1323384331,-0.16239999,1.707197,-0.3892301622264873
3,1,546361.1325323237,-0.16239999,1.7071396,-0.3894559377668069
3,1,546366.1327262144,-0.16239999,1.7069678,-0.3896817104733594
3,1,546371.132920105,-0.16239999,1.7068342,-0.38990748412600407
3,1,546376.1331139952,-0.16239999,1.7069106,-0.39013325700666257
3,1,546381.1333078854,-0.16239999,1.706586,-0.39035902670586275
3,1,546386.1335017756,-0.16239999,1.7066243,-0.39058479831326337
3,1,546391.1336956657,-0.16239999,1.7068723,-0.39081057033218525
3,1,546396.1338895559,-0.16239999,1.7066433,-0.3910363401149139
3,1,546401.1340834461,-0.16239999,1.7065288,-0.39126210919494264
3,1,546406.1342773363,-0.16239999,1.7064906,-0.3914878784475666
3,1,546411.1344712265,-0.16239999,1.7063951,-0.39171364885487325
3,1,546416.1346651167,-0.16239999,1.7063378,-0.39193941866914267
3,1,546421.1348590069,-0.16239999,1.7062997,-0.3921651906110868
3,1,546426.135052897,-0.16239999,1.7061851,-0.39239095810390345
3,1,546431.1352467872,-0.16239999,1.7060133,-0.39261672686151416
3,1,546436.1354406774,-0.16239999,1.7060324,-0.3928424993709334
3,1,546441.1356345676,-0.16239999,1.7060705,-0.3930682729260234
3,1,546446.1358284578,-0.16239999,1.7057651,-0.39329404386751515
3,1,546451.136022348,-0.16239999,1.7058033,-0.3935198150660577
3,1,546456.1362162381,-0.16239999,1.7057079,-0.3937455867789213
3,1,546461.1364101283,-0.16239999,1.705727,-0.3939713571271374
3,1,546466.1366040185,-0.16239999,1.7056696,-0.3941971260184976
3,1,546471.1367979087,-0.16239999,1.7056124,-0.39442289597879093
3,1,546476.1369917989,-0.16239999,1.7055552,-0.3946486650820771
3,1,546481.1371856891,-0.16239999,1.7054979,-0.39487443915334997
3,1,546486.1373795792,-0.16239999,1.7054406,-0.3951002114716262
3,1,546491.1375734694,-0.16239999,1.7053261,-0.3953259823184004
3,1,546496.1377673596,-0.16239999,1.705097,-0.39555175220799105
3,1,546501.1379612498,-0.16239999,1.7050779,-0.39577752222880874
3,1,546506.13815514,-0.16239999,1.7049633,-0.3960032935410993
3,1,546511.1383490302,-0.16239999,1.704887,-0.3962290647342344
3,1,546516.1385429204,-0.16239999,1.704868,-0.3964548360278025
3,1,546521.1387368105,-0.16239999,1.7048297,-0.39668060444607983
3,1,546526.1389307007,-0.16239999,1.7048297,-0.3969063732759984
3,1,546531.1391245909,-0.16239999,1.7048488,-0.3971321407450966
3,1,546536.1393184811,-0.16239999,1.7046388,-0.3973579108660874
3,1,546541.1395123713,-0.16239999,1.7045434,-0.39758367795434
3,1,546546.1397062615,-0.16239999,1.7044288,-0.39780944614799807
3,1,546551.1399001516,-0.16239999,1.7043716,-0.3980352154548283
3,1,546556.1400940418,-0.16239999,1.7044097,-0.39826098194370324
3,1,546561.140287932,-0.16239999,1.7042952,-0.3984867487340651
3,1,546566.1404818222,-0.16239999,1.7042379,-0.39871251707059796
3,1,546571.1406757124,-0.16239999,1.7041425,-0.39893828550837923
3,1,546576.1408696026,-0.16239999,1.7042379,-0.3991640535975917
3,1,546581.1410634927,-0.16239999,1.7040662,-0.3993898211900599
3,1,546586.1412573829,-0.16239999,1.7039897,-0.3996155865346242
3,1,546591.1414512731,-0.16239999,1.7039516,-0.39984134895753104
3,1,546596.1416451633,-0.16239999,1.7039516,-0.40006711486074154
3,1,546601.1418390535,-0.16239999,1.703818,-0.40029288158591414
3,1,546606.1420329437,-0.16239999,1.7036843,-0.40051864700795786
3,1,546611.1422268339,-0.16239999,1.7036653,-0.40074441242434905
3,1,546616.142420724,-0.16239999,1.7035125,-0.4009701779323882
3,1,546621.1426146142,-0.16239999,1.703627,-0.4011959430155017
3,1,546626.1428085044,-0.16239999,1.7034743,-0.40142170866858545
3,1,546631.1430023946,-0.16239999,1.7033789,-0.40164747537295853
3,1,546636.1431962848,-0.16239999,1.7034743,-0.40187324189680734
3,1,546641.143390175,-0.16239999,1.7034361,-0.40209900757883904
3,1,546646.1435840651,-0.16239999,1.7033597,-0.40232477633198105
3,1,546651.1437779553,-0.16239999,1.703188,-0.40255054643214333
3,1,546656.1439718455,-0.16239999,1.7030734,-0.40277631703861144
3,1,546661.1441657357,-0.16239999,1.7030543,-0.4030020850815467
3,1,546666.1443596259,-0.16239999,1.7028825,-0.4032278535710524
3,1,546671.1445535161,-0.16239999,1.7029016,-0.4034536245312989
3,1,546676.1447474062,-0.16239999,1.7029588,-0.4036793955620271
3,1,546681.1449412964,-0.16239999,1.7028061,-0.4039051641908868
3,1,546686.1451351866,-0.16239999,1.7026534,-0.40413092905956927
3,1,546691.1453290768,-0.16239999,1.702787,-0.4043566939816492
3,1,546696.145522967,-0.16239999,1.7024435,-0.40458245666896725
3,1,546701.1457168572,-0.16239999,1.7025962,-0.404808221187763
3,1,546706.1459107473,-0.16239999,1.7025388,-0.4050339858802177
3,1,546711.1461046375,-0.16239999,1.7023289,-0.40525975097823813
3,1,546716.1462985277,-0.16239999,1.7022144,-0.40548551451601095
3,1,546721.1464924179,-0.16239999,1.7020426,-0.40571127554228165
3,1,546726.1466863081,-0.16239999,1.7020807,-0.405937038509393
3,1,546731.1468801983,-0.16239999,1.701909,-0.4061628010392099
3,1,546736.1470740885,-0.16239999,1.7020617,-0.4063885638436941
3,1,546741.1472679786,-0.16239999,1.7018135,-0.40661433043733997
3,1,546746.1474618688,-0.16239999,1.7017753,-0.4068400988563921
3,1,546751.147655759,-0.16239999,1.7017562,-0.4070658685673004
3,1,546756.1478496492,-0.16239999,1.7016034,-0.4072916359001424
3,1,546761.1480435394,-0.16239999,1.7015653,-0.4075174047386101
3,1,546766.1482374296,-0.16239999,1.7014126,-0.40774317137921695
3,1,546771.1484313197,-0.16239999,1.701298,-0.4079689379653774
3,1,546776.1486252099,-0.16239999,1.7012025,-0.40819470362738614
3,1,546781.1488191001,-0.16239999,1.7010498,-0.4084204702086193
3,1,546786.1490129903,-0.16239999,1.7011262,-0.40864623643709896
3,1,546791.1492068805,-0.16239999,1.7010307,-0.40887200120030354
3,1,546796.1494007707,-0.16239999,1.7009926,-0.4090977674181562
3,1,546801.1495946608,-0.16239999,1.7009735,-0.4093235336101106
3,1,546806.149788551,-0.16239999,1.7008208,-0.40954930032118586
3,1,546811.1499824412,-0.16239999,1.7009354,-0.40977506832165367
3,1,546816.1501763314,-0.16239999,1.7006681,-0.41000083638900364
3,1,546821.1503702216,-0.16239999,1.7005917,-0.4102266041255131
3,1,546826.1505641118,-0.16239999,1.7006298,-0.4104523718188191
3,1,546831.150758002,-0.16239999,1.7006872,-0.4106781406787569
3,1,546836.1509518921,-0.16239999,1.7006298,-0.4109039105382091
3,1,546841.1511457823,-0.16239999,1.7004962,-0.4111296810522379
3,1,546846.1513396725,-0.16239999,1.7004962,-0.4113554509286849
3,1,546851.1515335627,-0.16239999,1.700458,-0.411581221221246
3,1,546856.1517274529,-0.16239999,1.7002289,-0.4118069918863825
3,1,546861.1519213431,-0.16239999,1.7001144,-0.41203276121122656
3,1,546866.1521152332,-0.16239999,1.6999807,-0.41225853149085345
3,1,546871.1523091234,-0.16239999,1.7000381,-0.4124842989189097
3,1,546876.1525030136,-0.16239999,1.6999999,-0.4127100667743983
3,1,546881.1526969038,-0.16239999,1.7000381,-0.41293583267095624
3,1,546886.152890794,-0.16239999,1.699828,-0.41316159892570165
3,1,546891.1530846842,-0.16239999,1.6998471,-0.4133873669353452
3,1,546896.1532785743,-0.16239999,1.6997899,-0.4136131335777783
3,1,546901.1534724645,-0.16239999,1.6997135,-0.4138388996424859
3,1,546906.1536663547,-0.16239999,1.699599,-0.4140646658674505
3,1,546911.1538602449,-0.16239999,1.6996372,-0.41429043128213716
3,1,546916.1540541351,-0.16239999,1.6996944,-0.4145161980855756
3,1,546921.1542480253,-0.16239999,1.6994654,-0.4147419657084107
3,1,546926.1544419155,-0.16239999,1.6994463,-0.41496772936104087
3,1,546931.1546358056,-0.16239999,1.6995035,-0.41519349328645333
3,1,546936.1548296958,-0.16239999,1.6994463,-0.4154192577970783
3,1,546941.155023586,-0.16239999,1.6991599,-0.41564502240958245
3,1,546946.1552174762,-0.16239999,1.6990454,-0.415870791066453
3,1,546951.1554113664,-0.16239999,1.698969,-0.41609655957331854
3,1,546956.1556052566,-0.16239999,1.6988926,-0.41632232741105984
3,1,546961.1557991467,-0.16239999,1.698969,-0.41654809313139335
3,1,546966.1559930369,-0.16239999,1.6989499,-0.4167738588807485
3,1,546971.1561869271,-0.16239999,1.6987208,-0.4169996226712881
3,1,546976.1563808173,-0.16239999,1.6987399,-0.41722538535312664
3,1,546981.1565747075,-0.16239999,1.6986253,-0.41745114759096935
3,1,546986.1567685977,-0.16239999,1.6984345,-0.4176769133905
3,1,546991.1569624878,-0.16239999,1.6984535,-0.41790268228221206
3,1,546996.157156378,-0.16239999,1.6982054,-0.4181284515111357
3,1,547001.1573502682,-0.16239999,1.6981672,-0.4183542212439777
3,1,547006.1575441584,-0.16239999,1.6983008,-0.4185799893788531
3,1,547011.1577380486,-0.16239999,1.6980717,-0.4188057587447118
3,1,547016.1579319388,-0.16239999,1.6981481,-0.41903152835443463
3,1,547021.158125829,-0.16239999,1.6981672,-0.41925729676548407
3,1,547026.1583197191,-0.16239999,1.6978427,-0.4194830646021268
3,1,547031.1585136093,-0.16239999,1.6979954,-0.4197088330179926
3,1,547036.1587074995,-0.16239999,1.697919,-0.41993460499001223
3,1,547041.1589013897,-0.16239999,1.6977854,-0.42016037606454487
3,1,547046.1590952799,-0.16239999,1.6977091,-0.42038614839639443
3,1,547051.15928917,-0.16239999,1.6976708,-0.42061192330724095
3,1,547056.1594830602,-0.16239999,1.6976327,-0.4208376973940822
3,1,547061.1596769504,-0.16239999,1.69748,-0.4210634740671136
3,1,547066.1598708406,-0.16239999,1.69748,-0.42128924936190343
3,1,547071.1600647308,-0.16239999,1.6973273,-0.4215150221678939
3,1,547076.160258621,-0.16239999,1.6972699,-0.42174079232539413
3,1,547081.1604525112,-0.16239999,1.6971936,-0.4219665625921886
3,1,547086.1606464013,-0.16239999,1.6971936,-0.42219233326630307
3,1,547091.1608402915,-0.16239999,1.6971172,-0.42241810329914103
3,1,547096.1610341817,-0.16239999,1.6969264,-0.4226438731675091
3,1,547101.1612280719,-0.16239999,1.6970218,-0.4228696428044812
3,1,547106.1614219621,-0.16239999,1.6969264,-0.42309541113107746
3,1,547111.1616158523,-0.16239999,1.6968309,-0.4233211812506005
3,1,547116.1618097425,-0.16239999,1.696869,-0.4235469496774534
3,1,547121.1620036326,-0.16239999,1.6968309,-0.4237727193883104
3,1,547126.1621975228,-0.16239999,1.696621,-0.4239984895358873
3,1,547131.162391413,-0.16239999,1.6965064,-0.4242242587779811
3,1,547136.1625853032,-0.16239999,1.6964873,-0.42445002812899907
3,1,547141.1627791934,-0.16239999,1.6962963,-0.42467579578175735
3,1,547146.1629730836,-0.16239999,1.6963537,-0.42490156284026726
3,1,547151.1631669737,-0.16239999,1.6961627,-0.42512733302707395
3,1,547156.1633608639,-0.16239999,1.6961818,-0.42535310513663627
3,1,547161.1635547541,-0.16239999,1.6961627,-0.42557887947683953
3,1,547166.1637486443,-0.16239999,1.6961246,-0.4258046531436212
3,1,547171.1639425345,-0.16239999,1.6958573,-0.42603042749549286
3,1,547176.1641364247,-0.16239999,1.6958573,-0.4262561983311814
3,1,547181.1643303148,-0.16239999,1.6957237,-0.4264819699513441
3,1,547186.164524205,-0.16239999,1.6956282,-0.4267077421059046
3,1,547191.1647180952,-0.16239999,1.6956282,-0.4269335132399558
3,1,547196.1649119854,-0.16239999,1.6955328,-0.4271592823576067
3,1,547201.1651058756,-0.16239999,1.6955136,-0.427385052509394
3,1,547206.1652997658,-0.16239999,1.6955328,-0.42761082279739865
3,1,547211.165493656,-0.16239999,1.6952655,-0.42783659325414075
3,1,547216.1656875461,-0.16239999,1.6952655,-0.4280623634561947
3,1,547221.1658814363,-0.16239999,1.69496,-0.42828813462063847
3,1,547226.1660753265,-0.16239999,1.6950936,-0.4285139058419898
3,1,547231.1662692167,-0.16239999,1.6949028,-0.4287396763719992
3,1,547236.1664631069,-0.16239999,1.6949028,-0.42896544553026156
3,1,547241.166656997,-0.16239999,1.6949792,-0.4291912146031353
3,1,547246.1668508872,-0.16239999,1.694731,-0.42941698305154274
3,1,547251.1670447774,-0.16239999,1.6946927,-0.42964275324617257
3,1,547256.1672386676,-0.16239999,1.6946546,-0.42986852489573524
3,1,547261.1674325578,-0.16239999,1.6945591,-0.43009429786196696
3,1,547266.167626448,-0.16239999,1.6945591,-0.4303200710624814
3,1,547271.1678203382,-0.16239999,1.6942728,-0.43054584357157366
3,1,547276.1680142283,-0.16239999,1.6943873,-0.43077161274212367
3,1,547281.1682081185,-0.16239999,1.6942728,-0.4309973808900815
3,1,547286.1684020087,-0.16239999,1.694311,-0.43122315145299517
3,1,547291.1685958989,-0.16239999,1.6942346,-0.431448922305777
3,1,547296.1687897891,-0.16239999,1.6940438,-0.4316746952839388
3,1,547301.1689836793,-0.16239999,1.6940438,-0.4319004660740977
3,1,547306.1691775694,-0.16239999,1.6939483,-0.43212623472109957
3,1,547311.1693714596,-0.16239999,1.6939101,-0.4323520048195002
3,1,547316.1695653498,-0.16239999,1.6939101,-0.4325777742937657
3,1,547321.16975924,-0.16239999,1.6937573,-0.4328035425362871
3,1,547326.1699531302,-0.16239999,1.6937382,-0.43302931305354697
3,1,547331.1701470204,-0.16239999,1.6937573,-0.43325508592211565
3,1,547336.1703409106,-0.16239999,1.6936429,-0.43348086116636486
3,1,547341.1705348007,-0.16239999,1.6936429,-0.43370663435795764
3,1,547346.1707286909,-0.16239999,1.6934901,-0.4339324075788527
3,1,547351.1709225811,-0.16239999,1.6934328,-0.4341581841464633
3,1,547356.1711164713,-0.16239999,1.6934328,-0.43438396255754375
3,1,547361.1713103615,-0.16239999,1.6933182,-0.43460974244905287
3,1,547366.1715042517,-0.16239999,1.6931655,-0.4348355212040091
3,1,547371.1716981418,-0.16239999,1.6931846,-0.43506129746869976
3,1,547376.171892032,-0.16239999,1.6931846,-0.43528707474030826
3,1,547381.1720859222,-0.16239999,1.6929938,-0.4355128514617808
3,1,547386.1722798124,-0.16239999,1.692841,-0.4357386290941655
3,1,547391.1724737026,-0.16239999,1.692841,-0.4359644053594779
3,1,547396.1726675928,-0.16239999,1.6926883,-0.4361901861769725
3,1,547401.172861483,-0.16239999,1.6924783,-0.4364159644486932
3,1,547406.1730553731,-0.16239999,1.6925164,-0.43664174356922203
3,1,547411.1732492633,-0.16239999,1.6924402,-0.43686752364145
3,1,547416.1734431535,-0.16239999,1.6924402,-0.4370933044458796
3,1,547421.1736370437,-0.16239999,1.6924211,-0.43731908248683676
3,1,547426.1738309339,-0.16239999,1.6922492,-0.43754485951867067
3,1,547431.174024824,-0.16239999,1.6921346,-0.4377706372100275
3,1,547436.1742187142,-0.16239999,1.6920583,-0.4379964164341923
3,1,547441.1744126044,-0.16239999,1.6919628,-0.43822219562086573
3,1,547446.1746064946,-0.16239999,1.6918675,-0.4384479717521223
3,1,547451.1748003848,-0.16239999,1.6918292,-0.43867374865057923
3,1,547456.174994275,-0.16239999,1.6917529,-0.4388995270234539
3,1,547461.1751881652,-0.16239999,1.6918101,-0.43912530450542214
3,1,547466.1753820553,-0.16239999,1.6917338,-0.4393510799467185
3,1,547471.1755759455,-0.16239999,1.6914474,-0.4395768550868583
3,1,547476.1757698357,-0.16239999,1.6915619,-0.43980263141652465
3,1,547481.1759637259,-0.16239999,1.6915047,-0.44002840625200107
3,1,547486.1761576161,-0.16239999,1.6913329,-0.44025418205140215
3,1,547491.1763515063,-0.16239999,1.6912947,-0.44047995622201197
3,1,547496.1765453964,-0.16239999,1.6913137,-0.4407057297416298
3,1,547501.1767392866,-0.16239999,1.6911038,-0.44093150148888033
3,1,547506.1769331768,-0.16239999,1.6911229,-0.44115727323615733
3,1,547511.177127067,-0.16239999,1.6909893,-0.4413830453654554
3,1,547516.1773209572,-0.16239999,1.6908365,-0.44160881936027124
3,1,547521.1775148474,-0.16239999,1.6908175,-0.4418345945871217
3,1,547526.1777087376,-0.16239999,1.6908365,-0.4420603691597897
3,1,547531.1779026277,-0.16239999,1.6906838,-0.4422861435261221
3,1,547536.1780965179,-0.16239999,1.6905121,-0.4425119168698549
3,1,547541.1782904081,-0.16239999,1.6904929,-0.4427376863256363
3,1,547546.1784842983,-0.16239999,1.6904738,-0.44296345650887337
3,1,547551.1786781885,-0.16239999,1.6905311,-0.44318923049459125
3,1,547556.1788720787,-0.16239999,1.6903402,-0.4434150044381471
3,1,547561.1790659688,-0.16239999,1.6902256,-0.44364077699981724
3,1,547566.179259859,-0.16239999,1.6901875,-0.44386655069986247
3,1,547571.1794537492,-0.16239999,1.6901493,-0.44409232661455966
3,1,547576.1796476394,-0.16239999,1.6899966,-0.4443181035822689
3,1,547581.17984153,-0.16239999,1.6899775,-0.4445438796565675
3,1,547586.1800354207,-0.16239999,1.6900347,-0.44476965297166937
3,1,547591.1802293113,-0.16239999,1.6897293,-0.44499542341468995
3,1,547596.180423202,-0.16239999,1.6898056,-0.4452211932271447
3,1,547601.1806170926,-0.16239999,1.689672,-0.4454469651562747
3,1,547606.1808109833,-0.16239999,1.689672,-0.44567273759671894
3,1,547611.181004874,-0.16239999,1.6894047,-0.445898508888561
3,1,547616.1811987646,-0.16239999,1.689443,-0.4461242810479329
3,1,547621.1813926552,-0.16239999,1.6893284,-0.4463500538349583
3,1,547626.1815865459,-0.16239999,1.6892711,-0.44657582099613724
3,1,547631.1817804365,-0.16239999,1.689233,-0.4468015925356366
3,1,547636.1819743272,-0.16239999,1.6890421,-0.4470273653323933
3,1,547641.1821682178,-0.16239999,1.6889275,-0.44725313867256056
3,1,547646.1823621085,-0.16239999,1.6889275,-0.447478912274201
3,1,547651.1825559991,-0.16239999,1.688832,-0.44770468635667954
3,1,547656.1827498898,-0.16239999,1.688813,-0.4479304622862588
3,1,547661.1829437804,-0.16239999,1.6886029,-0.44815623864325477
3,1,547666.1831376711,-0.16239999,1.6886221,-0.44838201732147
3,1,547671.1833315617,-0.16239999,1.6885266,-0.44860779590722843
3,1,547676.1835254524,-0.16239999,1.6884311,-0.44883357311421557
3,1,547681.1837193428,-0.16239999,1.6884311,-0.4490593461988685
3,1,547686.1839132332,-0.16239999,1.6882784,-0.4492851192689812
3,1,547691.1841071236,-0.16239999,1.6881257,-0.4495108951282245
3,1,547696.1843010141,-0.16239999,1.6880684,-0.44973666824975117
3,1,547701.1844949045,-0.16239999,1.6881639,-0.4499624397881594
3,1,547706.1846887949,-0.16239999,1.6879348,-0.45018821138891
3,1,547711.1848826848,-0.16239999,1.6878011,-0.45041398582246156
3,1,547716.1850765753,-0.16239999,1.6878203,-0.4506397598051967
3,1,547721.1852704657,-0.16239999,1.687763,-0.45086553598671
3,1,547726.1854643561,-0.16239999,1.6876484,-0.4510913111356497
3,1,547731.1856582466,-0.16239999,1.687534,-0.4513170839889969
3,1,547736.1858521372,-0.16239999,1.6875148,-0.4515428564045761
3,1,547741.1860460277,-0.16239999,1.6873239,-0.4517686301577572
3,1,547746.1862399182,-0.16239999,1.6874194,-0.4519944050883983
3,1,547751.1864338088,-0.16239999,1.6874766,-0.452220178383319
3,1,547756.1866276993,-0.16239999,1.6871331,-0.45244595158552386
3,1,547761.1868215898,-0.16239999,1.6870757,-0.45267172730311594
3,1,547766.1870154804,-0.16239999,1.6871712,-0.4528975018782989
3,1,547771.1872093709,-0.16239999,1.6869802,-0.45312327701349814
3,1,547776.1874032614,-0.16239999,1.6868085,-0.45334905041248524
3,1,547781.187597152,-0.16239999,1.6868658,-0.45357482446916825
3,1,547786.1877910427,-0.16239999,1.6866748,-0.453800596547992
3,1,547791.1879849333,-0.16239999,1.6865221,-0.4540263663240076
3,1,547796.1881788238,-0.16239999,1.6864266,-0.454252134468534
3,1,547801.1883727142,-0.16239999,1.6864076,-0.45447790431635254
3,1,547806.1885666047,-0.16239999,1.686484,-0.4547036753655226
3,1,547811.1887604953,-0.16239999,1.6861022,-0.4549294463113009
3,1,547816.1889543858,-0.16239999,1.6864266,-0.4551552170627863
3,1,547821.1891482763,-0.16239999,1.6862358,-0.45538098800638405
3,1,547826.1893421668,-0.16239999,1.6861403,-0.4556067583948929
3,1,547831.1895360572,-0.16239999,1.6859494,-0.45583253157518727
3,1,547836.1897299476,-0.16239999,1.6857777,-0.45605830251320956
3,1,547841.189923838,-0.16239999,1.6857013,-0.45628407275062394
3,1,547846.1901177284,-0.16239999,1.6856822,-0.45650984219109936
3,1,547851.1903116188,-0.16239999,1.6856631,-0.45673561325936773
3,1,547856.1905055093,-0.16239999,1.685644,-0.4569613850749707
3,1,547861.1906993997,-0.16239999,1.6855104,-0.45718716078656835
3,1,547866.1908932901,-0.16239999,1.6853576,-0.4574129386766951
3,1,547871.19108718,-0.16239999,1.6853004,-0.4576387169480788
3,1,547876.1912810705,-0.16239999,1.6852049,-0.45786449407083796
3,1,547881.1914749611,-0.16239999,1.6851667,-0.45809027000776353
3,1,547886.1916688518,-0.16239999,1.6851286,-0.4583160414736677
3,1,547891.1918627424,-0.16239999,1.6849185,-0.4585418139554296
3,1,547896.1920566331,-0.16239999,1.6848804,-0.4587675905526753
3,1,547901.1922505237,-0.16239999,1.6850712,-0.45899336684279235
3,1,547906.1924444144,-0.16239999,1.684594,-0.45921914248296464
3,1,547911.192638305,-0.16239999,1.6847277,-0.4594449195908185
3,1,547916.1928321957,-0.16239999,1.6846703,-0.4596706939320392
3,1,547921.1930260863,-0.16239999,1.6846131,-0.4598964712369352
3,1,547926.193219977,-0.16239999,1.6843268,-0.4601222492088834
3,1,547931.1934138676,-0.16239999,1.6843268,-0.4603480256706014
3,1,547936.1936077583,-0.16239999,1.6842313,-0.46057380134013887
3,1,547941.1938016489,-0.16239999,1.684155,-0.46079957629344953
3,1,547946.1939955396,-0.16239999,1.6841358,-0.46102535013671725
3,1,547951.1941894302,-0.16239999,1.683964,-0.46125112205881885
3,1,547956.1943833209,-0.16239999,1.6838877,-0.461476894126542
3,1,547961.1945772115,-0.16239999,1.6838113,-0.46170267048931135
3,1,547966.1947711022,-0.16239999,1.6838877,-0.46192844692703183
3,1,547971.1949649928,-0.16239999,1.6838495,-0.4621542244637494
3,1,547976.1951588835,-0.16239999,1.6836205,-0.4623800024328804
3,1,547981.1953527741,-0.16239999,1.6836586,-0.46260578073385367
3,1,547986.1955466643,-0.16239999,1.6833723,-0.4628315542032306
3,1,547991.1957405545,-0.16239999,1.6833913,-0.46305732617234946
3,1,547996.1959344447,-0.16239999,1.6833532,-0.46328309636448
3,1,548001.1961283349,-0.16239999,1.6833149,-0.4635088697655028
3,1,548006.196322225,-0.16239999,1.6830477,-0.46373464459281427
3,1,548011.1965161152,-0.16239999,1.6832005,-0.4639604188084099
3,1,548016.1967100054,-0.16239999,1.6829904,-0.4641861923481211
3,1,548021.1969038956,-0.16239999,1.6829714,-0.46441196846713967
3,1,548026.1970977858,-0.16239999,1.6827996,-0.4646377406482102
3,1,548031.197291676,-0.16239999,1.6826468,-0.4648635138008248
3,1,548036.1974855661,-0.16239999,1.682666,-0.4650892854853961
3,1,548041.1976794563,-0.16239999,1.6827804,-0.4653150585708222
3,1,548046.1978733465,-0.16239999,1.6827232,-0.46554082971088273
3,1,548051.1980672367,-0.16239999,1.682475,-0.4657666033092565
3,1,548056.1982611269,-0.16239999,1.6823795,-0.4659923752808043
3,1,548061.1984550171,-0.16239999,1.682265,-0.46621814866908573
3,1,548066.1986489072,-0.16239999,1.6822268,-0.46644392179159505
3,1,548071.1988427974,-0.16239999,1.6820741,-0.4666696954877842
3,1,548076.1990366876,-0.16239999,1.6819595,-0.46689546962939554
3,1,548081.1992305778,-0.16239999,1.6819978,-0.467121242013246
3,1,548086.199424468,-0.16239999,1.6816922,-0.4673470134656845
3,1,548091.1996183582,-0.16239999,1.6818068,-0.46757278327082696
3,1,548096.1998122483,-0.16239999,1.6817687,-0.46779855240432194
3,1,548101.2000061385,-0.16239999,1.6815395,-0.4680243204421941
3,1,548106.2002000287,-0.16239999,1.6814823,-0.46825008883288355
3,1,548111.2003939189,-0.16239999,1.6814823,-0.4684758569264074
3,1,548116.2005878091,-0.16239999,1.6813105,-0.4687016266741845
3,1,548121.2007816993,-0.16239999,1.6812341,-0.46892739828704394
3,1,548126.2009755895,-0.16239999,1.6812341,-0.4691531685962943
3,1,548131.2011694796,-0.16239999,1.6811196,-0.46937893793391117
3,1,548136.2013633698,-0.16239999,1.6810241,-0.4696047061785585
3,1,548141.20155726,-0.16239999,1.6810241,-0.46983047530313016
3,1,548146.2017511502,-0.16239999,1.6808332,-0.4700562422427636
3,1,548151.2019450404,-0.16239999,1.6806614,-0.4702820074550395
3,1,548156.2021389306,-0.16239999,1.6807951,-0.4705077750454174
3,1,548161.2023328207,-0.16239999,1.6806996,-0.47073354422056773
3,1,548166.2025267109,-0.16239999,1.6804132,-0.47095931498486315
3,1,548171.2027206011,-0.16239999,1.6805278,-0.47118508482248267
3,1,548176.2029144913,-0.16239999,1.6803559,-0.4714108515653744
3,1,548181.2031083815,-0.16239999,1.6804132,-0.47163661907957505
3,1,548186.2033022717,-0.16239999,1.6801841,-0.47186238792753393
3,1,548191.2034961618,-0.16239999,1.6802605,-0.4720881532976173
3,1,548196.203690052,-0.16239999,1.6800888,-0.4723139150842578
3,1,548201.2038839422,-0.16239999,1.6802032,-0.47253967822765813
3,1,548206.2040778324,-0.16239999,1.6799742,-0.4727654430022315
3,1,548211.2042717226,-0.16239999,1.6798596,-0.4729912073027161
3,1,548216.2044656128,-0.16239999,1.6800123,-0.47321697153595677
3,1,548221.204659503,-0.16239999,1.6797069,-0.47344273506680884
3,1,548226.2048533931,-0.16239999,1.6795542,-0.4736685003010648
3,1,548231.2050472833,-0.16239999,1.6795733,-0.47389426728181383
3,1,548236.2052411735,-0.16239999,1.6794778,-0.4741200356251573
3,1,548241.2054350637,-0.16239999,1.6793442,-0.4743458049135788
3,1,548246.2056289539,-0.16239999,1.6793251,-0.4745715712644028
3,1,548251.2058228441,-0.16239999,1.6791724,-0.47479733627676557
3,1,548256.2060167342,-0.16239999,1.6790769,-0.47502310284882543
3,1,548261.2062106244,-0.16239999,1.6789051,-0.4752488722873198
3,1,548266.2064045146,-0.16239999,1.6789051,-0.47547464029911085
3,1,548271.2065984048,-0.16239999,1.6787524,-0.4757004109679097
3,1,548276.206792295,-0.16239999,1.6786569,-0.4759261828909054
3,1,548281.2069861852,-0.16239999,1.6785614,-0.4761519540206609
3,1,548286.2071800753,-0.16239999,1.6785614,-0.47637772534110573
3,1,548291.2073739655,-0.16239999,1.6783897,-0.47660349608948094
3,1,548296.2075678557,-0.16239999,1.6782942,-0.47682926671679826
3,1,548301.2077617459,-0.16239999,1.6782751,-0.47705503871597443
3,1,548306.2079556361,-0.16239999,1.6781224,-0.47728080957801816
3,1,548311.2081495263,-0.16239999,1.6780843,-0.47750658009675817
3,1,548316.2083434165,-0.16239999,1.6779888,-0.47773234836260736
3,1,548321.2085373066,-0.16239999,1.678046,-0.4779581152064702
3,1,548326.2087311968,-0.16239999,1.6779124,-0.47818388317973426
3,1,548331.208925087,-0.16239999,1.6776834,-0.47840965056908885
3,1,548336.2091189772,-0.16239999,1.677626,-0.47863541893836453
3,1,548341.2093128674,-0.16239999,1.6775306,-0.47886118422554197
3,1,548346.2095067576,-0.16239999,1.6774352,-0.47908694818450853
3,1,548351.2097006477,-0.16239999,1.6774733,-0.47931271269480563
3,1,548356.2098945379,-0.16239999,1.6773397,-0.4795384763957271
3,1,548361.2100884281,-0.16239999,1.6771107,-0.47976424214366253
3,1,548366.2102823183,-0.16239999,1.6771488,-0.47999001186204215
3,1,548371.2104762085,-0.16239999,1.6768816,-0.4802157840383865
3,1,548376.2106700987,-0.16239999,1.6768816,-0.4804415550393753
3,1,548381.2108639888,-0.16239999,1.6767861,-0.4806673283312984
3,1,548386.211057879,-0.16239999,1.6765761,-0.4808931010119502
3,1,548391.2112517692,-0.16239999,1.6766143,-0.4811188764429623
3,1,548396.2114456594,-0.16239999,1.6765188,-0.48134464676485966
3,1,548401.2116395496,-0.16239999,1.6763661,-0.48157041737028883
3,1,548406.2118334398,-0.16239999,1.676328,-0.48179618677865477
3,1,548411.21202733,-0.16239999,1.6762134,-0.48202195493235617
3,1,548416.2122212201,-0.16239999,1.6762325,-0.4822477222712298
3,1,548421.2124151103,-0.16239999,1.6762706,-0.4824734880491894
3,1,548426.2126090005,-0.16239999,1.675908,-0.48269925451998924
3,1,548431.2128028907,-0.16239999,1.6758697,-0.4829250233823865
3,1,548436.2129967809,-0.16239999,1.675717,-0.48315079072324196
3,1,548441.213190671,-0.16239999,1.6757361,-0.4833765588191939
3,1,548446.2133845612,-0.16239999,1.6756598,-0.4836023279243154
3,1,548451.2135784514,-0.16239999,1.6756024,-0.4838280992571845
3,1,548456.2137723416,-0.16239999,1.6754688,-0.4840538703717433
3,1,548461.2139662318,-0.16239999,1.6754307,-0.484279641061672
3,1,548466.214160122,-0.16239999,1.675278,-0.48450541000366054
3,1,548471.2143540122,-0.16239999,1.6750871,-0.4847311778367684
3,1,548476.2145479023,-0.16239999,1.6750107,-0.4849569472406234
3,1,548481.2147417925,-0.16239999,1.6749535,-0.4851827168199131
3,1,548486.2149356827,-0.16239999,1.6748389,-0.48540848487125016
3,1,548491.2151295729,-0.16239999,1.6749535,-0.48563425412183264
3,1,548496.2153234631,-0.16239999,1.6746289,-0.4858600238512118
3,1,548501.2155173533,-0.16239999,1.6746479,-0.4860857908801156
3,1,548506.2157112435,-0.16239999,1.6746479,-0.48631155822101496
3,1,548511.2159051336,-0.16239999,1.6745716,-0.4865373262017263
3,1,548516.2160990238,-0.16239999,1.6744571,-0.48676309150520064
3,1,548521.216292914,-0.16239999,1.6743997,-0.48698886001473846
3,1,548526.2164868042,-0.16239999,1.6741898,-0.48721462707438834
3,1,548531.2166806944,-0.16239999,1.6740562,-0.4874403948663972
3,1,548536.2168745846,-0.16239999,1.6740371,-0.4876661638084884
3,1,548541.2170684747,-0.16239999,1.6738461,-0.48789193100088524
3,1,548546.2172623649,-0.16239999,1.6739225,-0.48811771269861465
3,1,548551.2174562551,-0.16239999,1.6737698,-0.4883434884133821
3,1,548556.2176501453,-0.16239999,1.673808,-0.48856925791029654
3,1,548561.2178440355,-0.16239999,1.673827,-0.488795025926038
3,1,548566.2180379257,-0.16239999,1.6735407,-0.48902079425231804
3,1,548571.2182318158,-0.16239999,1.6734835,-0.4892465619977127
3,1,548576.218425706,-0.16239999,1.6734644,-0.4894723326440861
3,1,548581.2186195962,-0.16239999,1.673388,-0.4896981048078655
3,1,548586.2188134864,-0.16239999,1.6734071,-0.4899238752073201
3,1,548591.2190073766,-0.16239999,1.6731017,-0.49014964587865467
3,1,548596.2192012668,-0.16239999,1.673178,-0.49037541575976074
3,1,548601.219395157,-0.16239999,1.6730062,-0.49060118587117585
3,1,548606.2195890471,-0.16239999,1.6730253,-0.49082695339892995
3,1,548611.2197829373,-0.16239999,1.6726626,-0.4910527221949012
3,1,548616.2199768275,-0.16239999,1.6726435,-0.4912784941610589
3,1,548621.2201707177,-0.16239999,1.6726626,-0.4915042640343518
3,1,548626.2203646079,-0.16239999,1.6724716,-0.49173003304706375
3,1,548631.220558498,-0.16239999,1.6722999,-0.49195580322654076
3,1,548636.2207523882,-0.16239999,1.6723189,-0.4921815745510172
3,1,548641.2209462784,-0.16239999,1.6721853,-0.49240734300398686
3,1,548646.2211401686,-0.16239999,1.6721853,-0.49263311121888403
3,1,548651.2213340588,-0.16239999,1.672109,-0.49285888208509515
3,1,548656.221527949,-0.16239999,1.671899,-0.4930846540485607
3,1,548661.2217218392,-0.16239999,1.6718035,-0.49331042526728114
3,1,548666.2219157293,-0.16239999,1.6716889,-0.4935361973697447
3,1,548671.2221096195,-0.16239999,1.6716698,-0.4937619681368788
3,1,548676.2223035097,-0.16239999,1.6715935,-0.49398773991060785
3,1,548681.2224973999,-0.16239999,1.6712881,-0.4942135111961128
3,1,548686.2226912901,-0.16239999,1.6713072,-0.49443928360364037
3,1,548691.2228851803,-0.16239999,1.6712499,-0.4946650552018859
3,1,548696.2230790704,-0.16239999,1.6711162,-0.49489082731916206
3,1,548701.2232729606,-0.16239999,1.6710017,-0.49511659768217003
3,1,548706.2234668508,-0.16239999,1.6709063,-0.4953423651073131
3,1,548711.223660741,-0.16239999,1.6707727,-0.49556813202713873
3,1,548716.2238546312,-0.16239999,1.6708872,-0.49579389963132087
3,1,548721.2240485214,-0.16239999,1.6706581,-0.4960196669357653
3,1,548726.2242424116,-0.16239999,1.6706581,-0.4962454328547056
3,1,548731.2244363017,-0.16239999,1.67062,-0.4964711968344899
3,1,548736.2246301919,-0.16239999,1.67062,-0.496696960665737
3,1,548741.2248240821,-0.16239999,1.6703718,-0.49692272464129267
3,1,548746.2250179723,-0.16239999,1.6702381,-0.49714848835368974
3,1,548751.2252118625,-0.16239999,1.6702572,-0.4973742549887103
3,1,548756.2254057527,-0.16239999,1.6700662,-0.4976000207525312
3,1,548761.2255996428,-0.16239999,1.6700854,-0.4978257865447851
3,1,548766.225793533,-0.16239999,1.6699326,-0.4980515561796007
3,1,548771.2259874232,-0.16239999,1.6697799,-0.4982773252104349
3,1,548776.2261813134,-0.16239999,1.6697417,-0.49850309645981444
3,1,548781.2263752036,-0.16239999,1.6696081,-0.4987288709414438
3,1,548786.2265690938,-0.16239999,1.669379,-0.49895464601829587
3,1,548791.226762984,-0.16239999,1.6694554,-0.4991804207640483
3,1,548796.2269568741,-0.16239999,1.6693982,-0.49940619682486875
3,1,548801.2271507643,-0.16239999,1.6692454,-0.4996319721229741
3,1,548806.2273446545,-0.16239999,1.6692072,-0.49985774452515636
3,1,548811.2275385447,-0.16239999,1.6690545,-0.5000835183791984
3,1,548816.2277324349,-0.16239999,1.6690927,-0.5003092935695865
3,1,548821.227926325,-0.16239999,1.6688254,-0.5005350691973222
3,1,548826.2281202152,-0.16239999,1.6687872,-0.5007608447639506
3,1,548831.2283141054,-0.16239999,1.66873,-0.5009866203429271
3,1,548836.2285079956,-0.16239999,1.6686345,-0.5012123953299615
3,1,548841.2287018858,-0.16239999,1.6684436,-0.5014381702457867
3,1,548846.228895776,-0.16239999,1.6683291,-0.5016639447854958
3,1,548851.2290896662,-0.16239999,1.66831,-0.5018897186058546
3,1,548856.2292835563,-0.16239999,1.6681764,-0.5021154929283661
3,1,548861.2294774465,-0.16239999,1.6680045,-0.5023412680324277
3,1,548866.2296713367,-0.16239999,1.6678709,-0.5025670445886348
3,1,548871.2298652269,-0.16239999,1.6678327,-0.5027928216720176
3,1,548876.2300591171,-0.16239999,1.6678709,-0.5030185952592071
3,1,548881.2302530073,-0.16239999,1.6677946,-0.5032443718791283
3,1,548886.2304468974,-0.16239999,1.6676036,-0.503470148763339
3,1,548891.2306407876,-0.16239999,1.6675273,-0.5036959241154577
3,1,548896.2308346778,-0.16239999,1.6673363,-0.5039217010343897
3,1,548901.231028568,-0.16239999,1.667241,-0.5041474780138734
3,1,548906.2312224582,-0.16239999,1.6671646,-0.5043732536638879
3,1,548911.2314163484,-0.16239999,1.6671836,-0.5045990275097997
3,1,548916.2316102386,-0.16239999,1.6670309,-0.5048248021967662
3,1,548921.2318041287,-0.16239999,1.666821,-0.5050505751813752
3,1,548926.2319980189,-0.16239999,1.6667255,-0.5052763474239361
3,1,548931.2321919091,-0.16239999,1.6667064,-0.5055021203465745
3,1,548936.2323857993,-0.16239999,1.6665728,-0.5057278921507723
3,1,548941.2325796895,-0.16239999,1.6665345,-0.5059536622940328
3,1,548946.2327735797,-0.16239999,1.6663437,-0.5061794310011931
3,1,548951.2329674698,-0.16239999,1.6661719,-0.5064051994276603
3,1,548956.23316136,-0.16239999,1.6662482,-0.5066309659284892
3,1,548961.2333552502,-0.16239999,1.6661146,-0.5068567349741592
3,1,548966.2335491404,-0.16239999,1.6660573,-0.507082502536513
3,1,548971.2337430306,-0.16239999,1.6657901,-0.5073082707474713
3,1,548976.2339369208,-0.16239999,1.6657327,-0.5075340377172912
3,1,548981.234130811,-0.16239999,1.6656755,-0.5077598072350358
3,1,548986.2343247011,-0.16239999,1.6654464,-0.5079855784921449
3,1,548991.2345185913,-0.16239999,1.665332,-0.5082113518046755
3,1,548996.2347124815,-0.16239999,1.665332,-0.5084371259349942
3,1,549001.2349063717,-0.16239999,1.6651601,-0.5086628963354927
3,1,549006.2351002619,-0.16239999,1.6650838,-0.5088886676065045
3,1,549011.235294152,-0.16239999,1.6650647,-0.509114438161259
3,1,549016.2354880422,-0.16239999,1.6648546,-0.5093402053793306
3,1,549021.2356819324,-0.16239999,1.664721,-0.5095659741096977
3,1,549026.2358758226,-0.16239999,1.6647782,-0.5097917436293463
3,1,549031.2360697128,-0.16239999,1.6646638,-0.5100175096843201
3,1,549036.236263603,-0.16239999,1.6646065,-0.5102432783641915
3,1,549041.2364574932,-0.16239999,1.6643773,-0.510469048822167
3,1,549046.2366513833,-0.16239999,1.6641483,-0.5106948152550244
3,1,549051.2368452735,-0.16239999,1.6642437,-0.5109205854966383
3,1,549056.2370391637,-0.16239999,1.6640147,-0.5111463551262194
3,1,549061.2372330539,-0.16239999,1.6641101,-0.5113721229073074
3,1,549066.2374269441,-0.16239999,1.6639956,-0.5115978920481611
3,1,549071.2376208343,-0.16239999,1.6638047,-0.511823660919432
3,1,549076.2378147244,-0.16239999,1.6636329,-0.5120494318046727
3,1,549081.2380086146,-0.16239999,1.6634992,-0.5122752046293317
3,1,549086.2382025048,-0.16239999,1.6633656,-0.5125009791842648
3,1,549091.238396395,-0.16239999,1.6634037,-0.5127267550285607
3,1,549096.2385902852,-0.16239999,1.6632701,-0.5129525315285862
3,1,549101.2387841754,-0.16239999,1.6631556,-0.5131783054929938
3,1,549106.2389780656,-0.16239999,1.6630219,-0.5134040793338931
3,1,549111.2391719557,-0.16239999,1.6628692,-0.5136298519016314
3,1,549116.2393658459,-0.16239999,1.6628883,-0.5138556219716858
3,1,549121.2395597361,-0.16239999,1.6626784,-0.5140813949612196
3,1,549126.2397536263,-0.16239999,1.662621,-0.5143071666829544
3,1,549131.2399475165,-0.16239999,1.6625829,-0.5145329386305063
3,1,549136.2401414067,-0.16239999,1.6624492,-0.5147587076854258
3,1,549141.2403352968,-0.16239999,1.6624302,-0.5149844771547035
3,1,549146.240529187,-0.16239999,1.6623539,-0.5152102482713941
3,1,549151.2407230772,-0.16239999,1.6620866,-0.5154360188881216
3,1,549156.2409169674,-0.16239999,1.6620483,-0.5156617881861676
3,1,549161.2411108576,-0.16239999,1.6618956,-0.5158875577062757
3,1,549166.2413047478,-0.16239999,1.6618956,-0.5161133232620424
3,1,549171.241498638,-0.16239999,1.6618001,-0.5163390892871029
3,1,549176.2416925281,-0.16239999,1.6616093,-0.516564856765425
3,1,549181.2418864183,-0.16239999,1.6615711,-0.5167906255210737
3,1,549186.2420803085,-0.16239999,1.6612656,-0.5170163954665156
3,1,549191.2422741991,-0.16239999,1.6614566,-0.5172421670977382
3,1,549196.2424680898,-0.16239999,1.6611893,-0.5174679397263742
3,1,549201.2426619804,-0.16239999,1.6610938,-0.5176937113141227
3,1,549206.2428558711,-0.16239999,1.6612275,-0.5179194837969657
3,1,549211.2430497617,-0.16239999,1.6609602,-0.5181452544033536
3,1,549216.2432436524,-0.16239999,1.6608839,-0.5183710228840079
3,1,549221.243437543,-0.16239999,1.6606929,-0.5185967898933689
3,1,549226.2436314337,-0.16239999,1.6605976,-0.5188225596022887
3,1,549231.2438253243,-0.16239999,1.6605021,-0.5190483292232909
3,1,549236.244019215,-0.16239999,1.6603111,-0.5192740990548556
3,1,549241.2442131056,-0.16239999,1.6601967,-0.5194998689631728
3,1,549246.2444069963,-0.16239999,1.6599485,-0.5197256384555449
3,1,549251.244600887,-0.16239999,1.6601012,-0.5199514078207397
3,1,549256.2447947776,-0.16239999,1.659853,-0.5201771775058301
3,1,549261.2449886682,-0.16239999,1.6598911,-0.5204029465158732
3,1,549266.2451825584,-0.16239999,1.6596239,-0.5206287159289197
3,1,549271.2453764491,-0.16239999,1.6595857,-0.5208544875881077
3,1,549276.2455703397,-0.16239999,1.6593758,-0.5210802585890691
3,1,549281.2457642304,-0.16239999,1.6595857,-0.5213060277572259
3,1,549286.245958121,-0.16239999,1.6592994,-0.5215317985965288
3,1,549291.2461520114,-0.16239999,1.6592803,-0.5217575704781439
3,1,549296.2463459019,-0.16239999,1.659223,-0.5219833406001786
3,1,549301.2465397923,-0.16239999,1.6590703,-0.5222091140869071
3,1,549306.2467336827,-0.16239999,1.658994,-0.5224348880750058
3,1,549311.2469275731,-0.16239999,1.6587458,-0.5226606620556324
3,1,549316.2471214635,-0.16239999,1.6585357,-0.5228864355862489
3,1,549321.247315354,-0.16239999,1.6584785,-0.5231122069838867
3,1,549326.2475092444,-0.16239999,1.6584594,-0.5233379764033068
3,1,549331.2477031348,-0.16239999,1.6584594,-0.523563746539851
3,1,549336.2478970252,-0.16239999,1.6583067,-0.5237895141241915
3,1,549341.248090916,-0.16239999,1.6582112,-0.5240152807808593
3,1,549346.2482848065,-0.16239999,1.6582494,-0.5242410483687504
3,1,549351.248478697,-0.16239999,1.6578485,-0.5244668145129697
3,1,549356.2486725876,-0.16239999,1.6578294,-0.5246925798855101
3,1,549361.2488664781,-0.16239999,1.6577531,-0.5249183473666319
3,1,549366.2490603686,-0.16239999,1.6575431,-0.5251441157835375
3,1,549371.2492542592,-0.16239999,1.6576003,-0.5253698833392271
3,1,549376.2494481497,-0.16239999,1.6575431,-0.5255956518251399
3,1,549381.2496420401,-0.16239999,1.6574094,-0.5258214185940623
3,1,549386.2498359306,-0.16239999,1.6573713,-0.5260471878164161
3,1,549391.2500298212,-0.16239999,1.6571422,-0.5262729566300436
3,1,549396.2502237117,-0.16239999,1.657104,-0.5264987286003041
3,1,549401.2504176022,-0.16239999,1.6568749,-0.5267245022664235
3,1,549406.2506114927,-0.16239999,1.6568749,-0.5269502732649313
3,1,549411.2508053833,-0.16239999,1.6567603,-0.527176045727253
3,1,549416.2509992737,-0.16239999,1.6565312,-0.5274018189309058
3,1,549421.2511931643,-0.16239999,1.6565121,-0.5276275914707566
3,1,549426.2513870543,-0.16239999,1.6564358,-0.5278533620053861
3,1,549431.2515809449,-0.16239999,1.6563785,-0.5280791330845513
3,1,549436.2517748354,-0.16239999,1.6561686,-0.528304906784955
3,1,549441.2519687258,-0.16239999,1.655844,-0.5285306802386782
3,1,549446.2521626162,-0.16239999,1.6560159,-0.5287564518656126
3,1,549451.2523565067,-0.16239999,1.6559204,-0.5289822255589788
3,1,549456.2525503973,-0.16239999,1.6558058,-0.5292079970273582
3,1,549461.2527442877,-0.16239999,1.6557868,-0.5294337645063317
3,1,549466.2529381781,-0.16239999,1.6556913,-0.5296595318939611
3,1,549471.2531320686,-0.16239999,1.6555959,-0.5298853019569375
3,1,549476.253325959,-0.16239999,1.6553094,-0.5301110703880273
3,1,549481.2535198494,-0.16239999,1.6552713,-0.5303368377725415
3,1,549486.2537137398,-0.16239999,1.6550614,-0.5305626074442109
3,1,549491.2539076302,-0.16239999,1.654985,-0.5307883779497162
3,1,549496.2541015209,-0.16239999,1.6549087,-0.5310141487755609
3,1,549501.2542954115,-0.16239999,1.6549277,-0.5312399204693733
3,1,549506.2544893022,-0.16239999,1.6547941,-0.5314656931510897
3,1,549511.2546831928,-0.16239999,1.6545268,-0.5316914628390114
3,1,549516.2548770835,-0.16239999,1.6544886,-0.5319172351714627
3,1,549521.2550709741,-0.16239999,1.6543741,-0.5321430076437682
3,1,549526.2552648648,-0.16239999,1.6542786,-0.5323687760801222
3,1,549531.2554587554,-0.16239999,1.6541641,-0.5325945439157435
3,1,549536.2556526461,-0.16239999,1.6540304,-0.532820312652572
3,1,549541.2558465367,-0.16239999,1.6539159,-0.5330460822602584
3,1,549546.2560404274,-0.16239999,1.653706,-0.5332718517331141
3,1,549551.256234318,-0.16239999,1.6538587,-0.5334976204143365
3,1,549556.2564282087,-0.16239999,1.653706,-0.5337233897653793
3,1,549561.2566220993,-0.16239999,1.6536105,-0.5339491602236537
3,1,549566.25681599,-0.16239999,1.6534196,-0.5341749320911036
3,1,549571.2570098806,-0.16239999,1.6533623,-0.5344007041132383
3,1,549576.2572037713,-0.16239999,1.6531141,-0.5346264744716998
3,1,549581.2573976619,-0.16239999,1.6530759,-0.5348522446154156
3,1,549586.2575915526,-0.16239999,1.6529232,-0.5350780151153677
3,1,549591.2577854428,-0.16239999,1.6528087,-0.5353037856556738
3,1,549596.2579793334,-0.16239999,1.6528659,-0.5355295533536373
3,1,549601.2581732236,-0.16239999,1.6526369,-0.5357553220960704
3,1,549606.2583671138,-0.16239999,1.6524078,-0.5359810925210233
3,1,549611.258561004,-0.16239999,1.6521596,-0.5362068641950223
3,1,549616.2587548941,-0.16239999,1.6521786,-0.5364326362915072
3,1,549621.2589487843,-0.16239999,1.6520833,-0.5366584086062502
3,1,549626.2591426745,-0.16239999,1.6518542,-0.536884178254168
3,1,549631.2593365647,-0.16239999,1.6518351,-0.5371099481624613
3,1,549636.2595304549,-0.16239999,1.651625,-0.5373357166416197
3,1,549641.259724345,-0.16239999,1.651606,-0.5375614843225851
3,1,549646.2599182352,-0.16239999,1.6515105,-0.5377872534821836
3,1,549651.2601121254,-0.16239999,1.6514342,-0.5380130227379972
3,1,549656.2603060156,-0.16239999,1.6513578,-0.5382387917158007
3,1,549661.2604999058,-0.16239999,1.6512241,-0.538464564110688
3,1,549666.260693796,-0.16239999,1.6510714,-0.5386903374721763
3,1,549671.2608876862,-0.16239999,1.6508806,-0.5389161091440394
3,1,549676.2610815763,-0.16239999,1.6508996,-0.539141878635837
3,1,549681.2612754665,-0.16239999,1.650747,-0.5393676475746491
3,1,549686.2614693567,-0.16239999,1.6506324,-0.5395934177179079
3,1,549691.2616632469,-0.16239999,1.650556,-0.5398191879857455
3,1,549696.2618571371,-0.16239999,1.650346,-0.5400449574327327
3,1,549701.2620510273,-0.16239999,1.6502887,-0.540270727458938
3,1,549706.2622449175,-0.16239999,1.650136,-0.5404964988502619
3,1,549711.2624388076,-0.16239999,1.6500406,-0.5407222732969529
3,1,549716.2626326978,-0.16239999,1.6500597,-0.5409480457517974
3,1,549721.262826588,-0.16239999,1.6499642,-0.541173818306503
3,1,549726.2630204782,-0.16239999,1.6495824,-0.5413995906034541
3,1,549731.2632143684,-0.16239999,1.6497542,-0.541625362627021
3,1,549736.2634082586,-0.16239999,1.6495442,-0.541851135096333
3,1,549741.2636021487,-0.16239999,1.6494869,-0.5420769092563712
3,1,549746.2637960389,-0.16239999,1.6494678,-0.5423026834535051
3,1,549751.2639899291,-0.16239999,1.6492579,-0.5425284558861875
3,1,549756.2641838193,-0.16239999,1.6490669,-0.5427542277102734
3,1,549761.2643777095,-0.16239999,1.6490097,-0.5429799994890449
3,1,549766.2645715997,-0.16239999,1.6489142,-0.5432057699526829
3,1,549771.2647654898,-0.16239999,1.648666,-0.5434315372918512
3,1,549776.26495938,-0.16239999,1.6486852,-0.543657306407579
3,1,549781.2651532702,-0.16239999,1.6486088,-0.5438830777305265
3,1,549786.2653471604,-0.16239999,1.6484942,-0.5441088480638141
3,1,549791.2655410506,-0.16239999,1.6483034,-0.5443346197370422
3,1,549796.2657349408,-0.16239999,1.6482651,-0.5445603902739029
3,1,549801.265928831,-0.16239999,1.6481698,-0.5447861612249836
3,1,549806.2661227211,-0.16239999,1.6480361,-0.5450119339385777
3,1,549811.2663166113,-0.16239999,1.6479216,-0.5452377063079286
3,1,549816.2665105015,-0.16239999,1.6477306,-0.54546347624099
3,1,549821.2667043917,-0.16239999,1.6476924,-0.5456892473360441
3,1,549826.2668982819,-0.16239999,1.6477115,-0.5459150170787713
3,1,549831.267092172,-0.16239999,1.6473298,-0.5461407871257778
3,1,549836.2672860622,-0.16239999,1.6472915,-0.5463665544889958
3,1,549841.2674799524,-0.16239999,1.6471962,-0.5465923203742107
3,1,549846.2676738426,-0.16239999,1.646967,-0.546818085357104
3,1,549851.2678677328,-0.16239999,1.6467953,-0.5470438504724247
3,1,549856.268061623,-0.16239999,1.646757,-0.5472696162774117
3,1,549861.2682555132,-0.16239999,1.6466807,-0.547495383819278
3,1,549866.2684494033,-0.16239999,1.6465471,-0.547721152444635
3,1,549871.2686432935,-0.16239999,1.646318,-0.5479469192278527
3,1,549876.2688371837,-0.16239999,1.6463561,-0.5481726836500227
3,1,549881.2690310739,-0.16239999,1.6461843,-0.5483984470006974
3,1,549886.2692249641,-0.16239999,1.6462225,-0.5486242121272461
3,1,549891.2694188543,-0.16239999,1.6460316,-0.548849978617867
3,1,549896.2696127445,-0.16239999,1.6460316,-0.5490757452574738
3,1,549901.2698066346,-0.16239999,1.6457834,-0.5493015144715658
3,1,549906.2700005248,-0.16239999,1.6457453,-0.5495272826213731
3,1,549911.270194415,-0.16239999,1.6455735,-0.5497530531368489
3,1,549916.2703883052,-0.16239999,1.6455543,-0.5499788262265839
3,1,549921.2705821954,-0.16239999,1.6453635,-0.5502046008658021
3,1,549926.2707760856,-0.16239999,1.6452489,-0.5504303745283329
3,1,549931.2709699757,-0.16239999,1.645058,-0.5506561477744357
3,1,549936.2711638659,-0.16239999,1.6450007,-0.5508819179361613
3,1,549941.2713577561,-0.16239999,1.6448098,-0.5511076890288816
3,1,549946.2715516463,-0.16239999,1.6447144,-0.5513334583428114
3,1,549951.2717455365,-0.16239999,1.6446381,-0.5515592264048227
3,1,549956.2719394267,-0.16239999,1.6445807,-0.5517849971454153
3,1,549961.2721333168,-0.16239999,1.6445044,-0.5520107700620667
3,1,549966.272327207,-0.16239999,1.6443325,-0.5522365430058912
3,1,549971.2725210972,-0.16239999,1.6440462,-0.5524623167229643
3,1,549976.2727149874,-0.16239999,1.6442944,-0.552688093110001
3,1,549981.2729088776,-0.16239999,1.6440271,-0.5529138685431374
3,1,549986.2731027678,-0.16239999,1.6437598,-0.5531396427849383
3,1,549991.273296658,-0.16239999,1.6436071,-0.5533654163592624
3,1,549996.2734905481,-0.16239999,1.6436262,-0.5535911893233302
3,1,550001.2736844383,-0.16239999,1.6435499,-0.5538169619194286
3,1,550006.2738783285,-0.16239999,1.6433399,-0.5540427344450322
3,1,550011.2740722187,-0.16239999,1.6433208,-0.5542685076773192
3,1,550016.2742661089,-0.16239999,1.6432635,-0.5544942832810267
3,1,550021.274459999,-0.16239999,1.6429963,-0.5547200599621072
3,1,550026.2746538892,-0.16239999,1.6430154,-0.5549458376208611
3,1,550031.2748477794,-0.16239999,1.6428627,-0.5551716122532654
3,1,550036.2750416696,-0.16239999,1.6427863,-0.5553973856576137
3,1,550041.2752355598,-0.16239999,1.6425954,-0.5556231548979144
3,1,550046.27542945,-0.16239999,1.6425571,-0.5558489214812743
3,1,550051.2756233402,-0.16239999,1.6423281,-0.5560746907087873
3,1,550056.2758172303,-0.16239999,1.6421753,-0.5563004588211008
3,1,550061.2760111205,-0.16239999,1.6421562,-0.5565262242845838
3,1,550066.2762050107,-0.16239999,1.641889,-0.5567519898311755
3,1,550071.2763989009,-0.16239999,1.6419272,-0.5569777586465174
3,1,550076.2765927911,-0.16239999,1.6418127,-0.5572035280816583
3,1,550081.2767866813,-0.16239999,1.6416981,-0.5574292971347192
3,1,550086.2769805714,-0.16239999,1.6414499,-0.5576550655513441
3,1,550091.2771744616,-0.16239999,1.6414881,-0.5578808357205775
3,1,550096.2773683518,-0.16239999,1.6414118,-0.5581066048267751
3,1,550101.277562242,-0.16239999,1.6413544,-0.5583323753009176
3,1,550106.2777561322,-0.16239999,1.6412591,-0.5585581470771186
3,1,550111.2779500224,-0.16239999,1.6410109,-0.5587839175860669
3,1,550116.2781439126,-0.16239999,1.6411827,-0.5590096906046622
3,1,550121.2783378027,-0.16239999,1.6409345,-0.5592354640662971
3,1,550126.2785316929,-0.16239999,1.6408199,-0.5594612371209192
3,1,550131.2787255831,-0.16239999,1.6407436,-0.5596870120336466
3,1,550136.2789194733,-0.16239999,1.6403427,-0.5599127863914787
3,1,550141.2791133635,-0.16239999,1.6404763,-0.5601385598934377
3,1,550146.2793072537,-0.16239999,1.6400564,-0.5603643329232842
3,1,550151.2795011438,-0.16239999,1.63998,-0.5605901059184929
3,1,550156.279695034,-0.16239999,1.6398654,-0.5608158795619915
3,1,550161.2798889242,-0.16239999,1.6398273,-0.561041653670038
3,1,550166.2800828144,-0.16239999,1.639579,-0.5612674292274484
3,1,550171.2802767046,-0.16239999,1.6394073,-0.5614932058767613
3,1,550176.2804705948,-0.16239999,1.6392927,-0.5617189804974706
3,1,550181.280664485,-0.16239999,1.6393691,-0.5619447554437397
3,1,550186.2808583751,-0.16239999,1.6391782,-0.5621705290212526
3,1,550191.2810522653,-0.16239999,1.6389873,-0.5623963022429863
3,1,550196.2812461555,-0.16239999,1.6388537,-0.5626220746940245
3,1,550201.2814400457,-0.16239999,1.6387773,-0.5628478474087603
3,1,550206.2816339359,-0.16239999,1.638701,-0.5630736156975158
3,1,550211.281827826,-0.16239999,1.6386627,-0.5632993839018058
3,1,550216.2820217162,-0.16239999,1.6383573,-0.5635251527755569
3,1,550221.2822156064,-0.16239999,1.6383001,-0.5637509258589143
3,1,550226.2824094966,-0.16239999,1.6382427,-0.5639766976676669
3,1,550231.2826033868,-0.16239999,1.63809,-0.5642024683219263
3,1,550236.282797277,-0.16239999,1.6379373,-0.5644282408900081
3,1,550241.2829911672,-0.16239999,1.637861,-0.5646540114640124
3,1,550246.2831850573,-0.16239999,1.6377465,-0.5648797784476092
3,1,550251.2833789475,-0.16239999,1.6374792,-0.5651055464268353
3,1,550256.2835728377,-0.16239999,1.6374792,-0.5653313158971188
3,1,550261.2837667279,-0.16239999,1.6372691,-0.5655570841713905
3,1,550266.2839606181,-0.16239999,1.6372119,-0.5657828534173933
3,1,550271.2841545083,-0.16239999,1.6371928,-0.5660086227189808
3,1,550276.2843483984,-0.16239999,1.637021,-0.566234391730345
3,1,550281.2845422886,-0.16239999,1.6368301,-0.5664601591940829
3,1,550286.2847361788,-0.16239999,1.6369065,-0.5666859274644612
3,1,550291.284930069,-0.16239999,1.63662,-0.5669116961891328
3,1,550296.2851239592,-0.16239999,1.6364483,-0.5671374664891577
3,1,550301.2853178494,-0.16239999,1.6363146,-0.5673632378100596
3,1,550306.2855117396,-0.16239999,1.6362574,-0.5675890068824913
3,1,550311.2857056297,-0.16239999,1.6361047,-0.5678147787319795
3,1,550316.2858995199,-0.16239999,1.6360855,-0.5680405499816918
3,1,550321.2860934101,-0.16239999,1.6359328,-0.5682663228906353
3,1,550326.2862873003,-0.16239999,1.635742,-0.5684920977845863
3,1,550331.2864811905,-0.16239999,1.635742,-0.5687178724616775
3,1,550336.2866750807,-0.16239999,1.6354556,-0.5689436468092941
3,1,550341.2868689708,-0.16239999,1.6354556,-0.5691694206158545
3,1,550346.287062861,-0.16239999,1.6354556,-0.5693951951325339
3,1,550351.2872567512,-0.16239999,1.6352456,-0.5696209678457613
3,1,550356.2874506414,-0.16239999,1.6351119,-0.5698467395802143
3,1,550361.2876445316,-0.16239999,1.6350166,-0.5700725132587537
3,1,550366.2878384218,-0.16239999,1.6348256,-0.5702982882136125
3,1,550371.288032312,-0.16239999,1.6345965,-0.5705240639376394
3,1,550376.2882262021,-0.16239999,1.634482,-0.5707498385123306
3,1,550381.2884200923,-0.16239999,1.6344628,-0.5709756132392099
3,1,550386.2886139825,-0.16239999,1.6343101,-0.5712013871710194
3,1,550391.2888078727,-0.16239999,1.634291,-0.5714271603728576
3,1,550396.2890017629,-0.16239999,1.6340429,-0.571652933064427
3,1,550401.289195653,-0.16239999,1.6339284,-0.5718787082880331
3,1,550406.2893895432,-0.16239999,1.6338711,-0.5721044838832485
3,1,550411.2895834334,-0.16239999,1.6338711,-0.5723302598737628
3,1,550416.2897773236,-0.16239999,1.6336993,-0.5725560310524049
3,1,550421.2899712138,-0.16239999,1.6334511,-0.5727818027452042
3,1,550426.290165104,-0.16239999,1.633241,-0.5730075770838635
3,1,550431.2903589942,-0.16239999,1.6331648,-0.5732333512123825
3,1,550436.2905528843,-0.16239999,1.632993,-0.5734591227600825
3,1,550441.2907467745,-0.16239999,1.6328211,-0.5736848958462006
3,1,550446.2909406647,-0.16239999,1.6328211,-0.5739106708285016
3,1,550451.2911345549,-0.16239999,1.6326874,-0.5741364430097078
3,1,550456.2913284451,-0.16239999,1.6327448,-0.5743622172054815
3,1,550461.2915223353,-0.16239999,1.6326112,-0.5745879907473782
3,1,550466.2917162254,-0.16239999,1.6325538,-0.5748137642306363
3,1,550471.2919101156,-0.16239999,1.6323057,-0.5750395370963035
3,1,550476.2921040058,-0.16239999,1.6320957,-0.5752653094153654
3,1,550481.292297896,-0.16239999,1.6320766,-0.575491080822838
3,1,550486.2924917862,-0.16239999,1.6316948,-0.5757168509140124
3,1,550491.2926856764,-0.16239999,1.6317712,-0.575942617492829
3,1,550496.2928795666,-0.16239999,1.6316376,-0.5761683831940535
3,1,550501.2930734567,-0.16239999,1.6314085,-0.5763941500085602
3,1,550506.2932673469,-0.16239999,1.6313703,-0.5766199177138773
3,1,550511.2934612371,-0.16239999,1.6311984,-0.5768456870532583
3,1,550516.2936551273,-0.16239999,1.6310648,-0.5770714545283137
3,1,550521.2938490175,-0.16239999,1.6306639,-0.5772972212232254
3,1,550526.2940429077,-0.16239999,1.6308167,-0.577522990813878
3,1,550531.2942367978,-0.16239999,1.6305876,-0.5777487590392929
3,1,550536.294430688,-0.16239999,1.6306448,-0.57797452903683
3,1,550541.2946245782,-0.16239999,1.6304158,-0.5782002980332989
3,1,550546.2948184684,-0.16239999,1.6301485,-0.5784260667742476
3,1,550551.2950123586,-0.16239999,1.6300149,-0.5786518339163331
3,1,550556.2952062488,-0.16239999,1.6298813,-0.5788776024800988
3,1,550561.295400139,-0.16239999,1.6296903,-0.5791033691748962
3,1,550566.2955940291,-0.16239999,1.6296331,-0.5793291369839926
3,1,550571.2957879193,-0.16239999,1.6294613,-0.5795549053874631
3,1,550576.2959818095,-0.16239999,1.6293085,-0.5797806779623035
3,1,550581.2961756997,-0.16239999,1.6293849,-0.5800064480391611
3,1,550586.2963695899,-0.16239999,1.6291558,-0.5802322174206561
3,1,550591.29656348,-0.16239999,1.6289649,-0.5804579876790356
3,1,550596.2967573702,-0.16239999,1.6287549,-0.5806837590958271
3,1,550601.2969512604,-0.16239999,1.6287931,-0.5809095303957879
3,1,550606.2971451506,-0.16239999,1.6286021,-0.5811353014198726
3,1,550611.2973390408,-0.16239999,1.6283922,-0.5813610728917952
3,1,550616.297532931,-0.16239999,1.6282967,-0.5815868442458214
3,1,550621.2977268212,-0.16239999,1.6281822,-0.5818126139694909
3,1,550626.2979207113,-0.16239999,1.6279722,-0.5820383840186532
3,1,550631.2981146015,-0.16239999,1.6278768,-0.5822641580092354
3,1,550636.2983084917,-0.16239999,1.6276858,-0.5824899322043426
3,1,550641.2985023819,-0.16239999,1.627514,-0.5827157076421074
3,1,550646.2986962721,-0.16239999,1.6274377,-0.5829414807354031
3,1,550651.2988901623,-0.16239999,1.6273041,-0.5831672543343281
3,1,550656.2990840524,-0.16239999,1.6270368,-0.5833930257582144
3,1,550661.2992779426,-0.16239999,1.6271322,-0.58361879804793
3,1,550666.2994718328,-0.16239999,1.626884,-0.5838445696119625
3,1,550671.299665723,-0.16239999,1.6266931,-0.5840703416679726
3,1,550676.2998596132,-0.16239999,1.626464,-0.5842961095286567
3,1,550681.3000535034,-0.16239999,1.6264259,-0.5845218764173084
3,1,550686.3002473935,-0.16239999,1.6263496,-0.5847476430949644
3,1,550691.3004412837,-0.16239999,1.6260059,-0.584973408652112
3,1,550696.3006351739,-0.16239999,1.6260059,-0.5851991752634149
3,1,550701.3008290641,-0.16239999,1.6257386,-0.5854249407290371
3,1,550706.3010229543,-0.16239999,1.6255478,-0.585650706329191
3,1,550711.3012168445,-0.16239999,1.6254141,-0.5858764702426246
3,1,550716.3014107347,-0.16239999,1.6252232,-0.5861022343657415
3,1,550721.3016046248,-0.16239999,1.6253186,-0.5863280004823515
3,1,550726.301798515,-0.16239999,1.6250705,-0.5865537680409353
3,1,550731.3019924052,-0.16239999,1.6248987,-0.5867795351168249
3,1,550736.3021862954,-0.16239999,1.6247841,-0.5870053015291857
3,1,550741.3023801856,-0.16239999,1.6246886,-0.5872310684522258
3,1,550746.3025740758,-0.16239999,1.6246886,-0.5874568341191287
3,1,550751.302767966,-0.16239999,1.6244596,-0.5876826020767673
3,1,550756.3029618561,-0.16239999,1.6242114,-0.5879083721460675
3,1,550761.3031557463,-0.16239999,1.6242305,-0.5881341411874617
3,1,550766.3033496365,-0.16239999,1.624116,-0.5883599079329205
3,1,550771.3035435267,-0.16239999,1.6239442,-0.5885856723938228
3,1,550776.3037374169,-0.16239999,1.6239251,-0.5888114367734583
3,1,550781.303931307,-0.16239999,1.6236769,-0.5890372039849079
3,1,550786.3041251972,-0.16239999,1.6236387,-0.5892629706571176
3,1,550791.3043190874,-0.16239999,1.6234859,-0.5894887371130809
3,1,550796.3045129776,-0.16239999,1.623276,-0.5897145040389722
3,1,550801.3047068682,-0.16239999,1.6231424,-0.5899402732693114
3,1,550806.3049007589,-0.16239999,1.6230278,-0.5901660417145698
3,1,550811.3050946495,-0.16239999,1.6229706,-0.5903918096192082
3,1,550816.3052885402,-0.16239999,1.6227224,-0.5906175744811611
3,1,550821.3054824304,-0.16239999,1.6226269,-0.5908433406370067
3,1,550826.305676321,-0.16239999,1.6225888,-0.5910691086198092
3,1,550831.3058702117,-0.16239999,1.6223596,-0.5912948760718282
3,1,550836.3060641023,-0.16239999,1.6221497,-0.5915206454620892
3,1,550841.306257993,-0.16239999,1.6219969,-0.5917464186130034
3,1,550846.3064518836,-0.16239999,1.6220161,-0.5919721915990412
3,1,550851.3066457743,-0.16239999,1.6218442,-0.5921979657740005
3,1,550856.3068396649,-0.16239999,1.6216342,-0.5924237412027915
3,1,550861.3070335556,-0.16239999,1.6215006,-0.5926495151261886
3,1,550866.3072274462,-0.16239999,1.6214433,-0.592875285938253
3,1,550871.3074213369,-0.16239999,1.621176,-0.5931010591373576
3,1,550876.3076152275,-0.16239999,1.6210614,-0.5933268328728096
3,1,550881.3078091182,-0.16239999,1.6208515,-0.5935526066455601
3,1,550886.3080030088,-0.16239999,1.6208134,-0.593778378188278
3,1,550891.3081968995,-0.16239999,1.6206988,-0.5940041491790545
3,1,550896.3083907901,-0.16239999,1.6204888,-0.5942299225352033
3,1,550901.3085846808,-0.16239999,1.6203551,-0.5944556950963089
3,1,550906.3087785712,-0.16239999,1.6202024,-0.5946814660817706
3,1,550911.3089724616,-0.16239999,1.6200306,-0.594907236888209
3,1,550916.309166352,-0.16239999,1.6199733,-0.5951330069161495
3,1,550921.3093602424,-0.16239999,1.6199352,-0.5953587757365031
3,1,550926.3095541329,-0.16239999,1.6196297,-0.5955845472056391
3,1,550931.3097480233,-0.16239999,1.6195916,-0.5958103176140245
3,1,550936.3099419137,-0.16239999,1.619477,-0.5960360914010527
3,1,550941.3101358041,-0.16239999,1.6192861,-0.5962618655062556
3,1,550946.3103296945,-0.16239999,1.619057,-0.596487638357144
3,1,550951.310523585,-0.16239999,1.6189234,-0.5967134100353898
3,1,550956.3107174755,-0.16239999,1.6187707,-0.5969391804543276
3,1,550961.310911366,-0.16239999,1.618847,-0.5971649493857587
3,1,550966.3111052566,-0.16239999,1.6187134,-0.5973907191855691
3,1,550971.3112991471,-0.16239999,1.618427,-0.5976164874758686
3,1,550976.3114930376,-0.16239999,1.6182743,-0.5978422539425201
3,1,550981.3116869277,-0.16239999,1.6181788,-0.5980680212844203
3,1,550986.3118808182,-0.16239999,1.6181216,-0.598293789381845
3,1,550991.3120747088,-0.16239999,1.6180071,-0.5985195545407102
3,1,550996.3122685993,-0.16239999,1.6178353,-0.5987453178151008
3,1,551001.3124624898,-0.16239999,1.6176062,-0.5989710815421506
3,1,551006.3126563804,-0.16239999,1.6174725,-0.5991968463864358
3,1,551011.3128502709,-0.16239999,1.6172817,-0.599422610262181
3,1,551016.3130441613,-0.16239999,1.6171098,-0.5996483737041642
3,1,551021.313238052,-0.16239999,1.6171862,-0.5998741392154328
3,1,551026.3134319424,-0.16239999,1.6168425,-0.6000999067271723
3,1,551031.3136258329,-0.16239999,1.6167089,-0.6003256749165644
3,1,551036.3138197234,-0.16239999,1.6167089,-0.6005514442520984
3,1,551041.314013614,-0.16239999,1.616499,-0.6007772131146861
3,1,551046.3142075045,-0.16239999,1.6162889,-0.6010029826370161
3,1,551051.314401395,-0.16239999,1.6161171,-0.6012287525778179
3,1,551056.3145952856,-0.16239999,1.6160026,-0.601454523097597
3,1,551061.3147891762,-0.16239999,1.6159071,-0.6016802918014708
3,1,551066.3149830666,-0.16239999,1.6156017,-0.6019060593811819
3,1,551071.315176957,-0.16239999,1.6155635,-0.6021318271792472
3,1,551076.3153708475,-0.16239999,1.6155062,-0.6023575939097262
3,1,551081.3155647379,-0.16239999,1.6154108,-0.6025833621434932
3,1,551086.3157586283,-0.16239999,1.6151817,-0.6028091303538041
3,1,551091.3159525187,-0.16239999,1.6151245,-0.6030348990068236
3,1,551096.3161464089,-0.16239999,1.6148381,-0.6032606680168128
3,1,551101.3163402993,-0.16239999,1.6146662,-0.6034864375282492
3,1,551106.31653419,-0.16239999,1.6145517,-0.603712206994699
3,1,551111.3167280806,-0.16239999,1.6143799,-0.603937974103886
3,1,551116.3169219713,-0.16239999,1.6141317,-0.6041637409385184
3,1,551121.3171158619,-0.16239999,1.6141126,-0.6043895091342684
3,1,551126.3173097526,-0.16239999,1.6139218,-0.6046152798242765
3,1,551131.3175036432,-0.16239999,1.6138835,-0.6048410480501584
3,1,551136.3176975339,-0.16239999,1.6137308,-0.6050668155768653
3,1,551141.3178914245,-0.16239999,1.6135781,-0.6052925858899932
3,1,551146.3180853147,-0.16239999,1.6134444,-0.605518358944367
3,1,551151.3182792054,-0.16239999,1.6132345,-0.6057441309120132
3,1,551156.318473096,-0.16239999,1.6131581,-0.6059699031217519
3,1,551161.3186669867,-0.16239999,1.6130054,-0.6061956733358427
3,1,551166.3188608773,-0.16239999,1.6129099,-0.6064214439574975
3,1,551171.319054768,-0.16239999,1.6126809,-0.6066472121578446
3,1,551176.3192486586,-0.16239999,1.6125473,-0.6068729819408571
3,1,551181.3194425493,-0.16239999,1.6124709,-0.6070987507587307
3,1,551186.3196364399,-0.16239999,1.6122227,-0.607324518862134
3,1,551191.3198303306,-0.16239999,1.612089,-0.6075502890072688
3,1,551196.3200242212,-0.16239999,1.6118982,-0.6077760565987038
3,1,551201.3202181119,-0.16239999,1.6118218,-0.6080018250718877
3,1,551206.3204120025,-0.16239999,1.6117646,-0.6082275931129686
3,1,551211.3206058927,-0.16239999,1.6115545,-0.6084533638818775
3,1,551216.3207997829,-0.16239999,1.61123,-0.6086791339186064
3,1,551221.320993673,-0.16239999,1.61123,-0.6089049037773541
3,1,551226.3211875632,-0.16239999,1.6109437,-0.6091306738810537
3,1,551231.3213814534,-0.16239999,1.6109818,-0.6093564428347629
3,1,551236.3215753436,-0.16239999,1.61081,-0.6095822121805803
3,1,551241.3217692338,-0.16239999,1.6106955,-0.6098079817616755
3,1,551246.321963124,-0.16239999,1.6103327,-0.6100337540733307
3,1,551251.3221570142,-0.16239999,1.6102946,-0.6102595262691898
3,1,551256.3223509043,-0.16239999,1.6101419,-0.6104852966202371
3,1,551261.3225447945,-0.16239999,1.6099128,-0.6107110667476221
3,1,551266.3227386847,-0.16239999,1.6097028,-0.6109368381281658
3,1,551271.3229325749,-0.16239999,1.609741,-0.6111626049259311
3,1,551276.3231264651,-0.16239999,1.6096646,-0.6113883739379692
3,1,551281.3233203553,-0.16239999,1.60955,-0.611614143145114
3,1,551286.3235142455,-0.16239999,1.6092446,-0.6118399095341827
3,1,551291.3237081356,-0.16239999,1.6090537,-0.6120656743129241
3,1,551296.3239020258,-0.16239999,1.6089964,-0.6122914376077542
3,1,551301.324095916,-0.16239999,1.6089201,-0.6125172024598293
3,1,551306.3242898062,-0.16239999,1.6088246,-0.6127429696518006
3,1,551311.3244836964,-0.16239999,1.6085383,-0.6129687371275025
3,1,551316.3246775866,-0.16239999,1.608481,-0.6131945055660106
3,1,551321.3248714767,-0.16239999,1.608271,-0.6134202755029919
3,1,551326.3250653669,-0.16239999,1.6080992,-0.6136460457436572
3,1,551331.3252592571,-0.16239999,1.6079656,-0.613871814566814
3,1,551336.3254531473,-0.16239999,1.6080037,-0.6140975833673963
3,1,551341.3256470375,-0.16239999,1.6077174,-0.6143233529186817
3,1,551346.3258409277,-0.16239999,1.6075838,-0.6145491239846875
3,1,551351.3260348178,-0.16239999,1.6074501,-0.6147748962652241
3,1,551356.326228708,-0.16239999,1.6072593,-0.615000670175138
3,1,551361.3264225982,-0.16239999,1.6070874,-0.6152264420876276
3,1,551366.3266164884,-0.16239999,1.6069728,-0.6154522109744496
3,1,551371.3268103786,-0.16239999,1.6067629,-0.6156779813873201
3,1,551376.3270042688,-0.16239999,1.6064575,-0.6159037513148043
3,1,551381.327198159,-0.16239999,1.606381,-0.6161295208168729
3,1,551386.3273920491,-0.16239999,1.6062284,-0.6163552878772761
3,1,551391.3275859393,-0.16239999,1.6061138,-0.6165810579820271
3,1,551396.3277798295,-0.16239999,1.6060374,-0.6168068261295586
3,1,551401.3279737197,-0.16239999,1.6058465,-0.6170325923152272
3,1,551406.3281676099,-0.16239999,1.6058465,-0.6172583543953271
3,1,551411.3283615,-0.16239999,1.6055983,-0.6174841160829518
3,1,551416.3285553902,-0.16239999,1.605312,-0.6177098788958759
3,1,551421.3287492804,-0.16239999,1.6050447,-0.6179356433366516
3,1,551426.3289431706,-0.16239999,1.6050256,-0.618161407493307
3,1,551431.3291370608,-0.16239999,1.6048348,-0.6183871692626961
3,1,551436.329330951,-0.16239999,1.6047393,-0.6186129305500484
3,1,551441.3295248412,-0.16239999,1.6045293,-0.6188386943324056
3,1,551446.3297187313,-0.16239999,1.6043956,-0.6190644573868767
3,1,551451.3299126215,-0.16239999,1.6042238,-0.6192902219381081
3,1,551456.3301065117,-0.16239999,1.6042812,-0.6195159891003326
3,1,551461.3303004019,-0.16239999,1.6041476,-0.6197417601203791
3,1,551466.3304942921,-0.16239999,1.6039757,-0.6199675308329691
3,1,551471.3306881823,-0.16239999,1.6036893,-0.6201932999278154
3,1,551476.3308820724,-0.16239999,1.6036512,-0.6204190708764671
3,1,551481.3310759626,-0.16239999,1.6035557,-0.6206448413010094
3,1,551486.3312698528,-0.16239999,1.6032503,-0.6208706093021676
3,1,551491.331463743,-0.16239999,1.6032503,-0.6210963772958603
3,1,551496.3316576332,-0.16239999,1.6031548,-0.6213221439633679
3,1,551501.3318515234,-0.16239999,1.6029639,-0.621547910516005
3,1,551506.3320454136,-0.16239999,1.6027348,-0.6217736787882865
3,1,551511.3322393037,-0.16239999,1.6026776,-0.6219994458051237
3,1,551516.3324331939,-0.16239999,1.602544,-0.6222252129467647
3,1,551521.3326270841,-0.16239999,1.602143,-0.6224509814390503
3,1,551526.3328209743,-0.16239999,1.602124,-0.6226767454826778
3,1,551531.3330148645,-0.16239999,1.6018758,-0.6229025135407816
3,1,551536.3332087547,-0.16239999,1.6018184,-0.623128278241076
3,1,551541.3334026448,-0.16239999,1.601513,-0.6233540451440236
3,1,551546.333596535,-0.16239999,1.6015702,-0.6235798097763314
3,1,551551.3337904252,-0.16239999,1.6014558,-0.6238055768724925
3,1,551556.3339843154,-0.16239999,1.6011312,-0.6240313482584453
3,1,551561.3341782056,-0.16239999,1.6011503,-0.6242571185793931
3,1,551566.3343720958,-0.16239999,1.6006349,-0.6244828869400584
3,1,551571.334565986,-0.16239999,1.6005967,-0.6247086572068256
3,1,551576.3347598761,-0.16239999,1.6004821,-0.6249344287760394
3,1,551581.3349537663,-0.16239999,1.6001958,-0.6251601999394352
3,1,551586.3351476565,-0.16239999,1.6001195,-0.6253859681699372
3,1,551591.3353415467,-0.16239999,1.6000049,-0.6256117352369714
3,1,551596.3355354369,-0.16239999,1.5997376,-0.6258375048637197
3,1,551601.335729327,-0.16239999,1.5997376,-0.6260632784135024
3,1,551606.3359232172,-0.16239999,1.5995659,-0.6262890494703308
3,1,551611.3361171074,-0.16239999,1.5994704,-0.6265148150219534
3,1,551616.3363109976,-0.16239999,1.5992413,-0.626740581769159
3,1,551621.3365048878,-0.16239999,1.5991076,-0.6269663503626582
3,1,551626.336698778,-0.16239999,1.5989549,-0.6271921176773952
3,1,551631.3368926682,-0.16239999,1.598974,-0.6274178853672044
3,1,551636.3370865583,-0.16239999,1.5988786,-0.627643654407241
3,1,551641.3372804485,-0.16239999,1.598554,-0.6278694221712853
3,1,551646.3374743387,-0.16239999,1.5985922,-0.6280951894347251
3,1,551651.3376682289,-0.16239999,1.5982677,-0.6283209560367992
3,1,551656.3378621191,-0.16239999,1.598134,-0.6285467243496714
3,1,551661.3380560093,-0.16239999,1.5980959,-0.6287724938011422
3,1,551666.3382498994,-0.16239999,1.5978668,-0.6289982608943843
3,1,551671.3384437896,-0.16239999,1.5976759,-0.6292240312889215
3,1,551676.3386376798,-0.16239999,1.5974468,-0.6294498002001068
3,1,551681.33883157,-0.16239999,1.5973896,-0.6296755702248501
3,1,551686.3390254602,-0.16239999,1.5971795,-0.6299013373263664
3,1,551691.3392193504,-0.16239999,1.5969313,-0.6301271061292626
3,1,551696.3394132406,-0.16239999,1.5968168,-0.6303528750861614
3,1,551701.3396071307,-0.16239999,1.5966641,-0.6305786419263677
3,1,551706.3398010209,-0.16239999,1.5964732,-0.6308044110679342
3,1,551711.3399949111,-0.16239999,1.5963777,-0.631030181530352
3,1,551716.3401888013,-0.16239999,1.5963968,-0.6312559503424935
3,1,551721.3403826915,-0.16239999,1.5961486,-0.6314817149747731
3,1,551726.3405765817,-0.16239999,1.5958623,-0.6317074813073225
3,1,551731.3407704718,-0.16239999,1.5958241,-0.6319332510331485
3,1,551736.340964362,-0.16239999,1.5956333,-0.6321590197073192
3,1,551741.3411582522,-0.16239999,1.5955187,-0.632384787278242
3,1,551746.3413521424,-0.16239999,1.5953277,-0.6326105572513139
3,1,551751.3415460326,-0.16239999,1.5952514,-0.63283632779526
3,1,551756.3417399228,-0.16239999,1.5951178,-0.6330620964819138
3,1,551761.341933813,-0.16239999,1.594736,-0.6332878674765033
3,1,551766.3421277031,-0.16239999,1.5946214,-0.6335136374683515
3,1,551771.3423215933,-0.16239999,1.5945259,-0.6337394086944099
3,1,551776.3425154835,-0.16239999,1.5945259,-0.6339651815590116
3,1,551781.3427093737,-0.16239999,1.5941633,-0.6341909560159125
3,1,551786.3429032639,-0.16239999,1.5939915,-0.6344167277670911
3,1,551791.343097154,-0.16239999,1.5938387,-0.6346425010846963
3,1,551796.3432910442,-0.16239999,1.5935142,-0.6348682748894007
3,1,551801.3434849344,-0.16239999,1.5933996,-0.6350940471822738
3,1,551806.3436788246,-0.16239999,1.5932851,-0.6353198207753998
3,1,551811.3438727148,-0.16239999,1.5931515,-0.6355455926231355
3,1,551816.344066605,-0.16239999,1.5929797,-0.6357713637476168
3,1,551821.3442604952,-0.16239999,1.5929033,-0.6359971367357333
3,1,551826.3444543853,-0.16239999,1.5927315,-0.6362229069485011
3,1,551831.3446482755,-0.16239999,1.5925597,-0.6364486750165316
3,1,551836.3448421657,-0.16239999,1.5923879,-0.6366744460243418
3,1,551841.3450360559,-0.16239999,1.5921779,-0.6369002181877528
3,1,551846.3452299461,-0.16239999,1.5923496,-0.6371259878122699
3,1,551851.3454238363,-0.16239999,1.5921206,-0.6373517586487085
3,1,551856.3456177264,-0.16239999,1.5918534,-0.6375775299129139
3,1,551861.3458116166,-0.16239999,1.5918534,-0.6378033043172088
3,1,551866.3460055068,-0.16239999,1.5916052,-0.6380290847416381
3,1,551871.346199397,-0.16239999,1.5914716,-0.6382548624535478
3,1,551876.3463932872,-0.16239999,1.5913761,-0.6384806371301803
3,1,551881.3465871774,-0.16239999,1.5910897,-0.6387064125155784
3,1,551886.3467810676,-0.16239999,1.5910897,-0.6389321908189888
3,1,551891.3469749577,-0.16239999,1.5908989,-0.6391579659223301
3,1,551896.3471688479,-0.16239999,1.5906316,-0.6393837387306716
3,1,551901.3473627381,-0.16239999,1.5905361,-0.6396095115857241
3,1,551906.3475566283,-0.16239999,1.5903261,-0.6398352841820891
3,1,551911.3477505185,-0.16239999,1.5900397,-0.640061058546746
3,1,551916.3479444087,-0.16239999,1.5900971,-0.6402868314032911
3,1,551921.3481382988,-0.16239999,1.5898107,-0.6405126006680455
3,1,551926.348332189,-0.16239999,1.5897343,-0.6407383717610763
3,1,551931.3485260792,-0.16239999,1.5897534,-0.6409641429543298
3,1,551936.3487199694,-0.16239999,1.589467,-0.6411899151225869
3,1,551941.3489138596,-0.16239999,1.5892571,-0.641415686319593
3,1,551946.3491077498,-0.16239999,1.5890089,-0.6416414577055698
3,1,551951.34930164,-0.16239999,1.5889134,-0.6418672279107562
3,1,551956.3494955301,-0.16239999,1.5886271,-0.6420929983431283
3,1,551961.3496894203,-0.16239999,1.588589,-0.6423187699513112
3,1,551966.3498833105,-0.16239999,1.5882834,-0.6425445459307896
3,1,551971.3500772007,-0.16239999,1.5882834,-0.6427703203442527
3,1,551976.3502710909,-0.16239999,1.587978,-0.6429960926059195
3,1,551981.350464981,-0.16239999,1.5879208,-0.6432218631055339
3,1,551986.3506588712,-0.16239999,1.5875199,-0.6434476313806649
3,1,551991.3508527614,-0.16239999,1.5874625,-0.6436733990457564
3,1,551996.3510466516,-0.16239999,1.5873289,-0.6438991666354976
3,1,552001.3512405418,-0.16239999,1.5870044,-0.6441249337799864
3,1,552006.351434432,-0.16239999,1.5869089,-0.6443507018816811
3,1,552011.3516283222,-0.16239999,1.5866607,-0.6445764665087983
3,1,552016.3518222123,-0.16239999,1.5864317,-0.6448022334813575
3,1,552021.3520161025,-0.16239999,1.5861645,-0.6450279987478198
3,1,552026.3522099927,-0.16239999,1.5859735,-0.6452537661662524
3,1,552031.3524038829,-0.16239999,1.5857826,-0.6454795312486548
3,1,552036.3525977731,-0.16239999,1.5855917,-0.6457052969311475
3,1,552041.3527916633,-0.16239999,1.5854008,-0.645931063199285
3,1,552046.3529855534,-0.16239999,1.5851526,-0.6461568314920961
3,1,552051.3531794436,-0.16239999,1.5849808,-0.6463826009075608
3,1,552056.3533733338,-0.16239999,1.5846564,-0.6466083681348256
3,1,552061.353567224,-0.16239999,1.5845609,-0.6468341346864187
3,1,552066.3537611142,-0.16239999,1.5842936,-0.6470598990056722
3,1,552071.3539550044,-0.16239999,1.5840836,-0.6472856665267357
3,1,552076.3541488945,-0.16239999,1.5840454,-0.6475114345010949
3,1,552081.3543427847,-0.16239999,1.5839499,-0.6477372052816467
3,1,552086.3545366749,-0.16239999,1.5837209,-0.6479629747399696
3,1,552091.3547305651,-0.16239999,1.5836064,-0.6481887424081878
3,1,552096.3549244553,-0.16239999,1.5833582,-0.6484145071216034
3,1,552101.3551183455,-0.16239999,1.5833582,-0.6486402716943629
3,1,552106.3553122357,-0.16239999,1.5831673,-0.6488660379012375
3,1,552111.3555061258,-0.16239999,1.5830337,-0.649091804293596
3,1,552116.355700016,-0.16239999,1.5827855,-0.6493175726532712
3,1,552121.3558939062,-0.16239999,1.5827664,-0.6495433398704139
3,1,552126.3560877964,-0.16239999,1.5824991,-0.6497691070506109
3,1,552131.3562816866,-0.16239999,1.5821745,-0.6499948727469063
3,1,552136.3564755768,-0.16239999,1.5820409,-0.6502206390476549
3,1,552141.356669467,-0.16239999,1.5818691,-0.6504464070476914
3,1,552146.3568633571,-0.16239999,1.5815446,-0.6506721753212594
3,1,552151.3570572473,-0.16239999,1.5813918,-0.6508979449327017
3,1,552156.3572511375,-0.16239999,1.5813155,-0.6511237153190631
3,1,552161.3574450277,-0.16239999,1.5810101,-0.6513494830641349
3,1,552166.3576389179,-0.16239999,1.5809337,-0.6515752516636475
3,1,552171.357832808,-0.16239999,1.5808,-0.651801020981007
3,1,552176.3580266982,-0.16239999,1.5806283,-0.6520267921611036
3,1,552181.3582205884,-0.16239999,1.58017,-0.6522525647971529
3,1,552186.3584144786,-0.16239999,1.5801128,-0.6524783363477006
3,1,552191.3586083688,-0.16239999,1.5800937,-0.652704106596396
3,1,552196.358802259,-0.16239999,1.5798455,-0.6529298753564496
3,1,552201.3589961492,-0.16239999,1.5796164,-0.6531556427471908
3,1,552206.3591900393,-0.16239999,1.5795401,-0.6533814120048879
3,1,552211.3593839295,-0.16239999,1.5793874,-0.6536071834769429
3,1,552216.3595778197,-0.16239999,1.5793492,-0.6538329550526355
3,1,552221.3597717099,-0.16239999,1.5790437,-0.654058724566913
3,1,552226.3599656001,-0.16239999,1.5787765,-0.6542844961029015
3,1,552231.3601594903,-0.16239999,1.5784711,-0.6545102687297834
3,1,552236.3603533804,-0.16239999,1.5783947,-0.6547360377818716
3,1,552241.3605472706,-0.16239999,1.5780702,-0.6549618093436913
3,1,552246.3607411608,-0.16239999,1.5779556,-0.6551875794622242
3,1,552251.360935051,-0.16239999,1.5778029,-0.6554133499062704
3,1,552256.3611289412,-0.16239999,1.5775166,-0.6556391216046236
3,1,552261.3613228314,-0.16239999,1.5774975,-0.655864892413567
3,1,552266.3615167215,-0.16239999,1.5772111,-0.6560906667783647
3,1,552271.3617106117,-0.16239999,1.5770775,-0.6563164408435181
3,1,552276.3619045019,-0.16239999,1.5766574,-0.6565422229067871
3,1,552281.3620983921,-0.16239999,1.5766193,-0.6567679995731105
3,1,552286.3622922823,-0.16239999,1.5763139,-0.6569937775110559
3,1,552291.3624861725,-0.16239999,1.5761038,-0.6572195544377787
3,1,552296.3626800627,-0.16239999,1.5759511,-0.6574453331644037
3,1,552301.3628739528,-0.16239999,1.5758557,-0.6576711154719581
3,1,552306.363067843,-0.16239999,1.5757221,-0.6578968932623497
3,1,552311.3632617332,-0.16239999,1.575302,-0.6581226760389555
3,1,552316.3634556234,-0.16239999,1.5753975,-0.658348453539613
3,1,552321.3636495136,-0.16239999,1.5752066,-0.6585742335461285
3,1,552326.3638434038,-0.16239999,1.5750347,-0.6588000069808941
3,1,552331.3640372939,-0.16239999,1.5747867,-0.6590257816572486
3,1,552336.3642311841,-0.16239999,1.5747102,-0.6592515568274911
3,1,552341.3644250743,-0.16239999,1.5745957,-0.6594773297437667
3,1,552346.3646189645,-0.16239999,1.5744048,-0.6597031005950998
3,1,552351.3648128547,-0.16239999,1.5744239,-0.6599288743567092
3,1,552356.3650067449,-0.16239999,1.5741185,-0.6601546404659705
3,1,552361.365200635,-0.16239999,1.573813,-0.6603804074031717
3,1,552366.3653945252,-0.16239999,1.5737176,-0.6606061755604162
3,1,552371.3655884154,-0.16239999,1.5733548,-0.6608319409992527
3,1,552376.3657823056,-0.16239999,1.5733548,-0.6610577070918677
3,1,552381.3659761958,-0.16239999,1.5731066,-0.6612834772040469
3,1,552386.366170086,-0.16239999,1.5730685,-0.6615092467118052
3,1,552391.3663639762,-0.16239999,1.5726867,-0.661735014481219
3,1,552396.3665578663,-0.16239999,1.5725912,-0.6619607848733579
3,1,552401.3667517565,-0.16239999,1.5724767,-0.6621865554271305
3,1,552406.3669456467,-0.16239999,1.5722858,-0.6624123238128876
3,1,552411.3671395369,-0.16239999,1.5720758,-0.6626380930336571
3,1,552416.3673334275,-0.16239999,1.5719422,-0.6628638614870249
3,1,552421.3675273182,-0.16239999,1.5718467,-0.6630896324966083
3,1,552426.3677212088,-0.16239999,1.571484,-0.6633154059830554
3,1,552431.3679150995,-0.16239999,1.5712931,-0.6635411759193264
3,1,552436.3681089901,-0.16239999,1.571255,-0.6637669448999404
3,1,552441.3683028808,-0.16239999,1.5709685,-0.6639927137874196
3,1,552446.3684967714,-0.16239999,1.5707395,-0.6642184829193971
3,1,552451.3686906621,-0.16239999,1.5705868,-0.6644442507684591
3,1,552456.3688845527,-0.16239999,1.5703768,-0.6646700187951216
3,1,552461.3690784434,-0.16239999,1.5704149,-0.6648957877728539
3,1,552466.369272334,-0.16239999,1.570224,-0.6651215548194478
3,1,552471.3694662247,-0.16239999,1.5701286,-0.6653473196309098
3,1,552476.3696601153,-0.16239999,1.5698231,-0.6655730819639228
3,1,552481.369854006,-0.16239999,1.5697277,-0.6657988447668383
3,1,552486.3700478966,-0.16239999,1.5694222,-0.6660246091118086
3,1,552491.3702417873,-0.16239999,1.5692886,-0.666250375144992
3,1,552496.3704356779,-0.16239999,1.569155,-0.666476144557382
3,1,552501.3706295686,-0.16239999,1.5688686,-0.6667019173119908
3,1,552506.3708234592,-0.16239999,1.5686778,-0.6669276895333168
3,1,552511.3710173499,-0.16239999,1.5684487,-0.6671534596829609
3,1,552516.3712112403,-0.16239999,1.5682577,-0.6673792296008373
3,1,552521.3714051307,-0.16239999,1.5680859,-0.6676050001853651
3,1,552526.3715990211,-0.16239999,1.5679523,-0.6678307715519878
3,1,552531.3717929116,-0.16239999,1.5678186,-0.668056541666653
3,1,552536.3719868015,-0.16239999,1.5675514,-0.6682823119050583
3,1,552541.3721806919,-0.16239999,1.5673032,-0.6685080818810583
3,1,552546.3723745823,-0.16239999,1.5671314,-0.6687338509478995
3,1,552551.3725684728,-0.16239999,1.5670742,-0.6689596208518921
3,1,552556.3727623632,-0.16239999,1.5666542,-0.669185393872994
3,1,552561.3729562536,-0.16239999,1.5665778,-0.6694111673509788
3,1,552566.3731501441,-0.16239999,1.5662915,-0.6696369377773904
3,1,552571.3733440347,-0.16239999,1.5662341,-0.6698627093060525
3,1,552576.3735379252,-0.16239999,1.5659287,-0.6700884810921528
3,1,552581.3737318157,-0.16239999,1.5656997,-0.6703142522870048
3,1,552586.3739257063,-0.16239999,1.5655469,-0.6705400294395439
3,1,552591.3741195968,-0.16239999,1.5652605,-0.6707658041115637
3,1,552596.3743134873,-0.16239999,1.5651652,-0.6709915773809936
3,1,552601.3745073779,-0.16239999,1.564936,-0.6712173492313204
3,1,552606.3747012684,-0.16239999,1.5648215,-0.6714431190972182
3,1,552611.3748951589,-0.16239999,1.5644206,-0.6716688869455608
3,1,552616.3750890497,-0.16239999,1.5643251,-0.6718946521628452
3,1,552621.3752829402,-0.16239999,1.5641342,-0.6721204192978328
3,1,552626.3754768308,-0.16239999,1.5640388,-0.6723461840610664
3,1,552631.3756707213,-0.16239999,1.5637906,-0.6725719490677361
3,1,552636.3758646117,-0.16239999,1.5635233,-0.6727977138777254
3,1,552641.3760585022,-0.16239999,1.5633515,-0.6730234802530733
3,1,552646.3762523928,-0.16239999,1.5631224,-0.6732492454546676
3,1,552651.3764462832,-0.16239999,1.562836,-0.673475010456684
3,1,552656.3766401737,-0.16239999,1.5627407,-0.6737007772608742
3,1,552661.3768340643,-0.16239999,1.5626261,-0.6739265447178834
3,1,552666.3770279547,-0.16239999,1.5623207,-0.6741523122576213
3,1,552671.3772218451,-0.16239999,1.5621871,-0.6743780769800621
3,1,552676.3774157355,-0.16239999,1.561977,-0.6746038421445575
3,1,552681.3776096259,-0.16239999,1.561557,-0.6748296102214227
3,1,552686.3778035163,-0.16239999,1.5614425,-0.6750553797535818
3,1,552691.3779974068,-0.16239999,1.5614043,-0.6752811502765993
3,1,552696.3781912972,-0.16239999,1.5611943,-0.6755069199468688
3,1,552701.3783851871,-0.16239999,1.5608889,-0.6757326904093355
3,1,552706.3785790775,-0.16239999,1.5606025,-0.6759584596340843
3,1,552711.378772968,-0.16239999,1.5606025,-0.6761842281432835
3,1,552716.3789668586,-0.16239999,1.5604116,-0.6764099962970777
3,1,552721.3791607493,-0.16239999,1.5600871,-0.67663576509225
3,1,552726.3793546399,-0.16239999,1.5598007,-0.676861533529383
3,1,552731.3795485306,-0.16239999,1.559648,-0.6770873012163834
3,1,552736.3797424212,-0.16239999,1.5595335,-0.6773130698549735
3,1,552741.3799363119,-0.16239999,1.5593234,-0.6775388376780694
3,1,552746.3801302025,-0.16239999,1.559018,-0.6777646057881518
3,1,552751.3803240932,-0.16239999,1.5589417,-0.6779903731994658
3,1,552756.3805179838,-0.16239999,1.5586745,-0.6782161408131913
3,1,552761.3807118745,-0.16239999,1.5584835,-0.6784419107890977
3,1,552766.3809057651,-0.16239999,1.5581781,-0.6786676798568131
3,1,552771.3810996558,-0.16239999,1.5580635,-0.6788934487643021
3,1,552776.3812935464,-0.16239999,1.5580254,-0.6791192177643108
3,1,552781.3814874371,-0.16239999,1.5576626,-0.6793449870031827
3,1,552786.3816813277,-0.16239999,1.5573953,-0.6795707587207923
3,1,552791.3818752184,-0.16239999,1.5573763,-0.679796531971859
3,1,552796.382069109,-0.16239999,1.5569944,-0.6800223070359523
3,1,552801.3822629997,-0.16239999,1.5567845,-0.680248080241284
3,1,552806.3824568903,-0.16239999,1.5567272,-0.680473851913912
3,1,552811.382650781,-0.16239999,1.5565745,-0.6806996240567039
3,1,552816.3828446716,-0.16239999,1.5562309,-0.680925392810052
3,1,552821.3830385618,-0.16239999,1.5561354,-0.6811511588648272
3,1,552826.383232452,-0.16239999,1.5558491,-0.6813769262902717
3,1,552831.3834263422,-0.16239999,1.5554863,-0.6816026917628494
3,1,552836.3836202323,-0.16239999,1.5554863,-0.6818284605838331
3,1,552841.3838141225,-0.16239999,1.5551045,-0.6820542260037004
3,1,552846.3840080127,-0.16239999,1.5548182,-0.6822799925032156
3,1,552851.3842019029,-0.16239999,1.5547609,-0.6825057586902601
3,1,552856.3843957931,-0.16239999,1.55436,-0.6827315261818996
3,1,552861.3845896833,-0.16239999,1.5542836,-0.6829572946564726
3,1,552866.3847835734,-0.16239999,1.5540164,-0.6831830640479232
3,1,552871.3849774636,-0.16239999,1.5538255,-0.683408830879654
3,1,552876.3851713538,-0.16239999,1.5536345,-0.683634600145463
3,1,552881.385365244,-0.16239999,1.5533482,-0.6838603696649336
3,1,552886.3855591342,-0.16239999,1.5531573,-0.6840861400087894
3,1,552891.3857530244,-0.16239999,1.5531383,-0.6843119114729187
3,1,552896.3859469146,-0.16239999,1.5529091,-0.6845376823531658
3,1,552901.3861408047,-0.16239999,1.5525464,-0.6847634511711386
3,1,552906.3863346949,-0.16239999,1.5524127,-0.6849892199779901
3,1,552911.3865285851,-0.16239999,1.5522791,-0.6852149884897871
3,1,552916.3867224753,-0.16239999,1.5520501,-0.6854407589376555
3,1,552921.3869163655,-0.16239999,1.551821,-0.685666527933621
3,1,552926.3871102557,-0.16239999,1.5514582,-0.6858922954447272
3,1,552931.3873041458,-0.16239999,1.551401,-0.6861180639904392
3,1,552936.387498036,-0.16239999,1.5510764,-0.6863438320718807
3,1,552941.3876919262,-0.16239999,1.5508665,-0.6865695992407634
3,1,552946.3878858164,-0.16239999,1.550771,-0.6867953645824212
3,1,552951.3880797066,-0.16239999,1.550542,-0.6870211335984412
3,1,552956.3882735968,-0.16239999,1.5504084,-0.6872469035198152
3,1,552961.388467487,-0.16239999,1.5503129,-0.6874726724530733
3,1,552966.3886613771,-0.16239999,1.5497974,-0.68769844137636
3,1,552971.3888552673,-0.16239999,1.5497783,-0.6879242071823405
3,1,552976.3890491575,-0.16239999,1.5496066,-0.6881499723782724
3,1,552981.3892430477,-0.16239999,1.5494156,-0.688375739141832
3,1,552986.3894369379,-0.16239999,1.5491674,-0.6886015062202697
3,1,552991.389630828,-0.16239999,1.5489765,-0.6888272699351851
3,1,552996.3898247182,-0.16239999,1.5487093,-0.6890530374530498
3,1,553001.3900186084,-0.16239999,1.5485375,-0.6892788054666621
3,1,553006.3902124986,-0.16239999,1.5482512,-0.6895045745703787
3,1,553011.3904063888,-0.16239999,1.5480983,-0.6897303414116206
3,1,553016.390600279,-0.16239999,1.547812,-0.6899561073790286
3,1,553021.3907941692,-0.16239999,1.5476784,-0.6901818725898574
3,1,553026.3909880593,-0.16239999,1.5474111,-0.6904076374012192
3,1,553031.3911819495,-0.16239999,1.5472202,-0.6906334032492772
3,1,553036.3913758397,-0.16239999,1.5469148,-0.6908591699730888
3,1,553041.3915697299,-0.16239999,1.5466093,-0.6910849348007856
3,1,553046.3917636201,-0.16239999,1.5465711,-0.6913107017984822
3,1,553051.3919575103,-0.16239999,1.5460749,-0.6915364651151872
3,1,553056.3921514004,-0.16239999,1.545922,-0.6917622292033601
3,1,553061.3923452906,-0.16239999,1.5457693,-0.6919879928395253
3,1,553066.3925391808,-0.16239999,1.5455211,-0.6922137550844693
3,1,553071.392733071,-0.16239999,1.5453875,-0.6924395173021756
3,1,553076.3929269612,-0.16239999,1.5451012,-0.6926652773253837
3,1,553081.3931208514,-0.16239999,1.5448912,-0.6928910374027873
3,1,553086.3933147416,-0.16239999,1.5447767,-0.6931167988276087
3,1,553091.3935086317,-0.16239999,1.5445285,-0.6933425631530851
3,1,553096.3937025219,-0.16239999,1.5440894,-0.6935683306284443
3,1,553101.3938964121,-0.16239999,1.5440704,-0.6937940976314821
3,1,553106.3940903023,-0.16239999,1.5439558,-0.6940198658067787
3,1,553111.3942841925,-0.16239999,1.543784,-0.6942456370773551
3,1,553116.3944780827,-0.16239999,1.5434594,-0.6944714107147807
3,1,553121.3946719728,-0.16239999,1.5432495,-0.6946971834202562
3,1,553126.394865863,-0.16239999,1.5429822,-0.6949229542103704
3,1,553131.3950597532,-0.16239999,1.5427531,-0.6951487239984494
3,1,553136.3952536434,-0.16239999,1.5424668,-0.6953744947144899
3,1,553141.3954475336,-0.16239999,1.5421804,-0.6956002645006888
3,1,553146.3956414238,-0.16239999,1.5421613,-0.6958260346538404
3,1,553151.395835314,-0.16239999,1.5418558,-0.6960518058887286
3,1,553156.3960292041,-0.16239999,1.5416459,-0.6962775769527708
3,1,553161.3962230943,-0.16239999,1.5415504,-0.6965033478055187
3,1,553166.3964169845,-0.16239999,1.541245,-0.6967291195658176
3,1,553171.3966108747,-0.16239999,1.5411114,-0.6969548879208246
3,1,553176.3968047649,-0.16239999,1.5407295,-0.6971806551558702
3,1,553181.396998655,-0.16239999,1.5405004,-0.6974064248056077
3,1,553186.3971925452,-0.16239999,1.540386,-0.6976321942759185
3,1,553191.3973864354,-0.16239999,1.5401568,-0.697857960440718
3,1,553196.3975803256,-0.16239999,1.5399468,-0.6980837277076728
3,1,553201.3977742158,-0.16239999,1.5398132,-0.6983094949991632
3,1,553206.397968106,-0.16239999,1.5394123,-0.6985352622345872
3,1,553211.3981619962,-0.16239999,1.5391833,-0.6987610302580665
3,1,553216.3983558863,-0.16239999,1.5390878,-0.6989867974237687
3,1,553221.3985497765,-0.16239999,1.5388587,-0.699212562115206
3,1,553226.3987436667,-0.16239999,1.538706,-0.6994383267521911
3,1,553231.3989375569,-0.16239999,1.5383432,-0.6996640924308659
3,1,553236.3991314471,-0.16239999,1.538286,-0.6998898577117318
3,1,553241.3993253373,-0.16239999,1.5380187,-0.7001156230898635
3,1,553246.3995192274,-0.16239999,1.5377705,-0.7003413900126677
3,1,553251.3997131176,-0.16239999,1.5374079,-0.700567155722673
3,1,553256.3999070078,-0.16239999,1.537255,-0.7007929191030432
3,1,553261.400100898,-0.16239999,1.5368733,-0.7010186830407888
3,1,553266.4002947882,-0.16239999,1.5366633,-0.7012444493768507
3,1,553271.4004886784,-0.16239999,1.5365487,-0.7014702136241904
3,1,553276.4006825686,-0.16239999,1.536396,-0.7016959770873705
3,1,553281.4008764587,-0.16239999,1.5359951,-0.7019217397913075
3,1,553286.4010703489,-0.16239999,1.5358806,-0.7021475017713237
3,1,553291.4012642391,-0.16239999,1.5355942,-0.7023732658095686
3,1,553296.4014581293,-0.16239999,1.5354034,-0.7025990295519352
3,1,553301.4016520195,-0.16239999,1.5351933,-0.7028247994878776
3,1,553306.4018459097,-0.16239999,1.5350025,-0.703050568871125
3,1,553311.4020397998,-0.16239999,1.5348688,-0.7032763384249834
3,1,553316.40223369,-0.16239999,1.5344679,-0.703502108442647
3,1,553321.4024275802,-0.16239999,1.5343152,-0.7037278783100308
3,1,553326.4026214704,-0.16239999,1.5341052,-0.7039536464927447
3,1,553331.4028153606,-0.16239999,1.5338761,-0.7041794140327418
3,1,553336.4030092508,-0.16239999,1.5336661,-0.7044051771025263
3,1,553341.403203141,-0.16239999,1.5333225,-0.7046309405130821
3,1,553346.4033970311,-0.16239999,1.5332843,-0.704856705402978
3,1,553351.4035909213,-0.16239999,1.5329407,-0.7050824704390262
3,1,553356.4037848115,-0.16239999,1.5327879,-0.7053082344863302
3,1,553361.4039787017,-0.16239999,1.5325589,-0.7055339971336643
3,1,553366.4041725919,-0.16239999,1.532139,-0.7057597607133317
3,1,553371.404366482,-0.16239999,1.5321007,-0.7059855255891567
3,1,553376.4045603722,-0.16239999,1.5316807,-0.7062112915363504
3,1,553381.4047542624,-0.16239999,1.5315471,-0.7064370582487361
3,1,553386.4049481526,-0.16239999,1.5312798,-0.7066628211200404
3,1,553391.4051420428,-0.16239999,1.5311844,-0.7068885838352343
3,1,553396.405335933,-0.16239999,1.530898,-0.7071143462582314
3,1,553401.4055298232,-0.16239999,1.5307643,-0.7073401082007041
3,1,553406.4057237133,-0.16239999,1.5305544,-0.7075658724911487
3,1,553411.4059176035,-0.16239999,1.5303634,-0.7077916359026507
3,1,553416.4061114937,-0.16239999,1.5299817,-0.7080174009503648
3,1,553421.4063053839,-0.16239999,1.5299435,-0.7082431653237029
3,1,553426.4064992741,-0.16239999,1.5296762,-0.7084689318773258
3,1,553431.4066931643,-0.16239999,1.5293899,-0.7086946950815527
3,1,553436.4068870544,-0.16239999,1.5291799,-0.7089204599633457
3,1,553441.4070809446,-0.16239999,1.5288936,-0.7091462276690056
3,1,553446.4072748348,-0.16239999,1.5286072,-0.7093719962309408
3,1,553451.407468725,-0.16239999,1.528359,-0.7095977631850863
3,1,553456.4076626152,-0.16239999,1.5281109,-0.709823531799809
3,1,553461.4078565054,-0.16239999,1.527729,-0.7100492974851826
3,1,553466.4080503955,-0.16239999,1.5276526,-0.7102750649960164
3,1,553471.4082442857,-0.16239999,1.5273281,-0.7105008336334534
3,1,553476.4084381759,-0.16239999,1.5271182,-0.7107266009478759
3,1,553481.4086320661,-0.16239999,1.5267936,-0.7109523661562609
3,1,553486.4088259563,-0.16239999,1.5266027,-0.711178130731686
3,1,553491.4090198465,-0.16239999,1.5264308,-0.7114038962846977
3,1,553496.4092137367,-0.16239999,1.5260109,-0.7116296607797873
3,1,553501.4094076268,-0.16239999,1.52582,-0.7118554247238742
3,1,553506.409601517,-0.16239999,1.5256673,-0.712081190168244
3,1,553511.4097954072,-0.16239999,1.5253046,-0.7123069577950419
3,1,553516.4099892974,-0.16239999,1.5251518,-0.712532729390568
3,1,553521.4101831876,-0.16239999,1.5249801,-0.7127585009764282
3,1,553526.4103770778,-0.16239999,1.5245792,-0.7129842690833996
3,1,553531.410570968,-0.16239999,1.5245218,-0.7132100410666555
3,1,553536.4107648581,-0.16239999,1.5242546,-0.7134358104608737
3,1,553541.4109587483,-0.16239999,1.5239491,-0.7136615816684985
3,1,553546.4111526385,-0.16239999,1.5238537,-0.7138873511696399
3,1,553551.4113465287,-0.16239999,1.5235673,-0.7141131180848959
3,1,553556.4115404189,-0.16239999,1.5233191,-0.7143388835975494
3,1,553561.411734309,-0.16239999,1.5228229,-0.7145646503903791
3,1,553566.4119281992,-0.16239999,1.5228038,-0.7147904181909428
3,1,553571.4121220894,-0.16239999,1.5225365,-0.7150161864186549
3,1,553576.4123159796,-0.16239999,1.5221928,-0.7152419574503442
3,1,553581.4125098698,-0.16239999,1.5219829,-0.7154677258979918
3,1,553586.41270376,-0.16239999,1.5217538,-0.715693493658608
3,1,553591.4128976502,-0.16239999,1.5216964,-0.7159192625580918
3,1,553596.4130915403,-0.16239999,1.5214292,-0.7161450321908129
3,1,553601.4132854305,-0.16239999,1.5211238,-0.7163708033846377
3,1,553606.4134793207,-0.16239999,1.5206847,-0.716596574268808
3,1,553611.4136732109,-0.16239999,1.5205892,-0.7168223478071962
3,1,553616.4138671011,-0.16239999,1.5202647,-0.7170481213987511
3,1,553621.4140609913,-0.16239999,1.5202074,-0.7172738916092283
3,1,553626.4142548814,-0.16239999,1.519902,-0.7174996606906263
3,1,553631.4144487716,-0.16239999,1.5195394,-0.7177254318434431
3,1,553636.4146426618,-0.16239999,1.5193293,-0.7179512021966435
3,1,553641.414836552,-0.16239999,1.5189475,-0.7181769749611724
3,1,553646.4150304422,-0.16239999,1.518852,-0.7184027496219112
3,1,553651.4152243324,-0.16239999,1.5185084,-0.7186285244383415
3,1,553656.4154182225,-0.16239999,1.5182984,-0.7188542970499885
3,1,553661.4156121127,-0.16239999,1.5178784,-0.7190800655822879
3,1,553666.4158060029,-0.16239999,1.5176302,-0.7193058345376925
3,1,553671.4159998931,-0.16239999,1.5174394,-0.7195316033179248
3,1,553676.4161937833,-0.16239999,1.5171721,-0.7197573727471589
3,1,553681.4163876735,-0.16239999,1.516962,-0.7199831415767033
3,1,553686.4165815637,-0.16239999,1.516733,-0.7202089077457853
3,1,553691.4167754538,-0.16239999,1.5166185,-0.7204346723590941
3,1,553696.416969344,-0.16239999,1.5161985,-0.7206604349621046
3,1,553701.4171632342,-0.16239999,1.5161985,-0.7208861965907017
3,1,553706.4173571244,-0.16239999,1.5157595,-0.7211119599335956
3,1,553711.4175510146,-0.16239999,1.5155303,-0.7213377257055376
3,1,553716.4177449048,-0.16239999,1.5154158,-0.7215634923684796
3,1,553721.4179387949,-0.16239999,1.5152059,-0.7217892570839393
3,1,553726.4181326851,-0.16239999,1.5148622,-0.7220150227228992
3,1,553731.4183265753,-0.16239999,1.5145185,-0.7222407887869297
3,1,553736.4185204655,-0.16239999,1.5141559,-0.7224665562233993
3,1,553741.4187143557,-0.16239999,1.5140222,-0.7226923231202035
3,1,553746.4189082459,-0.16239999,1.5138503,-0.7229180888122504
3,1,553751.419102136,-0.16239999,1.5135832,-0.7231438543995257
3,1,553756.4192960262,-0.16239999,1.5132967,-0.7233696209850206
3,1,553761.4194899164,-0.16239999,1.513144,-0.7235953890789584
3,1,553766.4196838066,-0.16239999,1.512705,-0.7238211586111513
3,1,553771.4198776968,-0.16239999,1.5125713,-0.7240469275039552
3,1,553776.420071587,-0.16239999,1.5123805,-0.724272694558734
3,1,553781.4202654772,-0.16239999,1.512075,-0.7244984607564188
3,1,553786.4204593673,-0.16239999,1.5116932,-0.724724228372944
3,1,553791.4206532575,-0.16239999,1.5115596,-0.7249499936534929
3,1,553796.4208471477,-0.16239999,1.5113686,-0.7251757602923662
3,1,553801.4210410379,-0.16239999,1.5110251,-0.7254015290581923
3,1,553806.4212349281,-0.16239999,1.5109105,-0.7256272962720187
3,1,553811.4214288183,-0.16239999,1.5105287,-0.7258530650703725
3,1,553816.4216227084,-0.16239999,1.5102233,-0.7260788361927172
3,1,553821.4218165986,-0.16239999,1.5100514,-0.7263046060543789
3,1,553826.4220104888,-0.16239999,1.5098033,-0.726530376244381
3,1,553831.422204379,-0.16239999,1.5095932,-0.7267561432915959
3,1,553836.4223982692,-0.16239999,1.5094405,-0.7269819088572288
3,1,553841.4225921594,-0.16239999,1.509116,-0.7272076759486984
3,1,553846.4227860495,-0.16239999,1.5088679,-0.7274334427189006
3,1,553851.4229799397,-0.16239999,1.5086769,-0.7276592100346849
3,1,553856.4231738299,-0.16239999,1.508486,-0.7278849766760633
3,1,553861.4233677201,-0.16239999,1.5081997,-0.7281107415099988
3,1,553866.4235616103,-0.16239999,1.5080851,-0.7283365080968016
3,1,553871.4237555005,-0.16239999,1.5077415,-0.728562276343199
3,1,553876.4239493906,-0.16239999,1.5074934,-0.7287880425532178
3,1,553881.4241432808,-0.16239999,1.5071115,-0.72901380732394
3,1,553886.424337171,-0.16239999,1.5068443,-0.7292395736015737
3,1,553891.4245310612,-0.16239999,1.5067106,-0.7294653415960413
3,1,553896.4247249514,-0.16239999,1.5064434,-0.7296911103045609
3,1,553901.4249188416,-0.16239999,1.5061188,-0.7299168825223884
3,1,553906.4251127318,-0.16239999,1.5058898,-0.7301426555643297
3,1,553911.4253066219,-0.16239999,1.5057561,-0.7303684261428234
3,1,553916.4255005121,-0.16239999,1.5053743,-0.7305941982612445
3,1,553921.4256944023,-0.16239999,1.5052025,-0.7308199701570778
3,1,553926.4258882925,-0.16239999,1.5048207,-0.7310457407116211
3,1,553931.4260821827,-0.16239999,1.5047634,-0.73127151324472
3,1,553936.4262760729,-0.16239999,1.504458,-0.7314972851596052
3,1,553941.426469963,-0.16239999,1.5041716,-0.731723056036022
3,1,553946.4266638532,-0.16239999,1.5037326,-0.7319488268703769
3,1,553951.4268577434,-0.16239999,1.5035225,-0.7321745978547409
3,1,553956.4270516336,-0.16239999,1.5032743,-0.7324003675429995
3,1,553961.4272455238,-0.16239999,1.5030835,-0.7326261371187486
3,1,553966.427439414,-0.16239999,1.5027398,-0.7328519063663931
3,1,553971.4276333041,-0.16239999,1.5027016,-0.7330776718238229
3,1,553976.4278271943,-0.16239999,1.5024725,-0.7333034369501505
3,1,553981.4280210845,-0.16239999,1.5023198,-0.7335292026739709
3,1,553986.4282149747,-0.16239999,1.5020144,-0.7337549670221443
3,1,553991.4284088649,-0.16239999,1.501728,-0.733980733268959
3,1,553996.4286027551,-0.16239999,1.5014036,-0.7342064993537359
3,1,554001.4287966453,-0.16239999,1.5012126,-0.7344322641696608
3,1,554006.4289905354,-0.16239999,1.5010217,-0.7346580287650907
3,1,554011.4291844256,-0.16239999,1.5007162,-0.73488379223254
3,1,554016.4293783158,-0.16239999,1.5005635,-0.7351095554211621
3,1,554021.429572206,-0.16239999,1.5002581,-0.7353353212880386
3,1,554026.4297660966,-0.16239999,1.4998763,-0.7355610870332023
3,1,554031.4299599873,-0.16239999,1.4996854,-0.7357868523402372
3,1,554036.4301538779,-0.16239999,1.4994563,-0.7360126165376464
3,1,554041.4303477686,-0.16239999,1.4991127,-0.7362383815233841
3,1,554046.4305416592,-0.16239999,1.4987881,-0.7364641454858979
3,1,554051.4307355499,-0.16239999,1.4985973,-0.7366899091174992
3,1,554056.4309294405,-0.16239999,1.4983681,-0.7369156733626451
3,1,554061.4311233312,-0.16239999,1.4980054,-0.7371414372203972
3,1,554066.4313172218,-0.16239999,1.4978718,-0.7373672023155375
3,1,554071.4315111125,-0.16239999,1.4975854,-0.7375929637807426
3,1,554076.4317050031,-0.16239999,1.4973181,-0.7378187248092591
3,1,554081.4318988938,-0.16239999,1.4969555,-0.7380444877063573
3,1,554086.4320927844,-0.16239999,1.4967455,-0.738270252340416
3,1,554091.4322866746,-0.16239999,1.4964591,-0.7384960195769791
3,1,554096.4324805653,-0.16239999,1.4962873,-0.7387217875993624
3,1,554101.4326744559,-0.16239999,1.4960201,-0.7389475537627967
3,1,554106.4328683466,-0.16239999,1.4957147,-0.7391733203660025
3,1,554111.4330622372,-0.16239999,1.4955237,-0.7393990869758086
3,1,554116.4332561279,-0.16239999,1.4952564,-0.7396248544797565
3,1,554121.4334500185,-0.16239999,1.4947792,-0.7398506260235117
3,1,554126.4336439089,-0.16239999,1.4945501,-0.7400763994942148
3,1,554131.4338377994,-0.16239999,1.4942064,-0.7403021732431218
3,1,554136.4340316898,-0.16239999,1.493882,-0.7405279486593296
3,1,554141.4342255802,-0.16239999,1.4936911,-0.7407537248655622
3,1,554146.4344194706,-0.16239999,1.493481,-0.7409794998850581
3,1,554151.434613361,-0.16239999,1.4931947,-0.7412052740920606
3,1,554156.4348072514,-0.16239999,1.4929656,-0.741431047268801
3,1,554161.4350011419,-0.16239999,1.4925838,-0.7416568149974253
3,1,554166.4351950323,-0.16239999,1.4922974,-0.7418825821376631
3,1,554171.4353889229,-0.16239999,1.4921638,-0.7421083497288605
3,1,554176.4355828135,-0.16239999,1.4916102,-0.7423341185611434
3,1,554181.435776704,-0.16239999,1.4914575,-0.7425598845978244
3,1,554186.4359705945,-0.16239999,1.491152,-0.7427856507417085
3,1,554191.436164485,-0.16239999,1.4909229,-0.7430114185800865
3,1,554196.4363583756,-0.16239999,1.4908466,-0.7432371868158866
3,1,554201.4365522661,-0.16239999,1.4904075,-0.7434629560491365
3,1,554206.4367461565,-0.16239999,1.4901785,-0.7436887235033617
3,1,554211.4369400471,-0.16239999,1.4898539,-0.7439144892514014
3,1,554216.4371339376,-0.16239999,1.4897393,-0.7441402559557331
3,1,554221.4373278281,-0.16239999,1.4893384,-0.744366023368134
3,1,554226.4375217187,-0.16239999,1.4890711,-0.7445917932576667
3,1,554231.4377156092,-0.16239999,1.4886702,-0.7448175663753761
3,1,554236.4379094997,-0.16239999,1.4885939,-0.7450433382655859
3,1,554241.4381033902,-0.16239999,1.4883076,-0.7452691101232325
3,1,554246.4382972808,-0.16239999,1.4880022,-0.7454948816698878
3,1,554251.4384911712,-0.16239999,1.4876966,-0.7457206475444176
3,1,554256.4386850613,-0.16239999,1.4874676,-0.7459464152940218
3,1,554261.4388789518,-0.16239999,1.4870667,-0.7461721823581553
3,1,554266.4390728424,-0.16239999,1.4867995,-0.7463979468336897
3,1,554271.4392667329,-0.16239999,1.4865894,-0.7466237123216164
3,1,554276.4394606233,-0.16239999,1.4863603,-0.7468494786495687
3,1,554281.4396545137,-0.16239999,1.4860549,-0.7470752465355095
3,1,554286.4398484044,-0.16239999,1.485845,-0.7473010136315877
3,1,554291.4400422948,-0.16239999,1.4857304,-0.747526782576487
3,1,554296.4402361852,-0.16239999,1.4855204,-0.7477525506213287
3,1,554301.4404300756,-0.16239999,1.4852722,-0.7479783192940922
3,1,554306.440623966,-0.16239999,1.4848522,-0.7482040873486528
3,1,554311.4408178565,-0.16239999,1.4846232,-0.7484298535594051
3,1,554316.4410117469,-0.16239999,1.4842223,-0.7486556211085249
3,1,554321.4412056373,-0.16239999,1.4840313,-0.7488813895062693
3,1,554326.4413995277,-0.16239999,1.483764,-0.7491071611279063
3,1,554331.4415934184,-0.16239999,1.4835732,-0.7493329344773164
3,1,554336.441787309,-0.16239999,1.4832678,-0.7495587090852835
3,1,554341.4419811997,-0.16239999,1.4830387,-0.7497844831030016
3,1,554346.4421750903,-0.16239999,1.4827714,-0.7500102544461418
3,1,554351.442368981,-0.16239999,1.4825041,-0.7502360219568158
3,1,554356.4425628716,-0.16239999,1.4821223,-0.7504617881524036
3,1,554361.4427567623,-0.16239999,1.4820268,-0.7506875546606302
3,1,554366.4429506529,-0.16239999,1.4817787,-0.7509133233039663
3,1,554371.4431445436,-0.16239999,1.4813396,-0.7511390891739066
3,1,554376.4433384342,-0.16239999,1.4810723,-0.75136485778198
3,1,554381.4435323249,-0.16239999,1.4808624,-0.7515906239163166
3,1,554386.4437262155,-0.16239999,1.4806142,-0.7518163972692955
3,1,554391.4439201062,-0.16239999,1.4803851,-0.7520421777178473
3,1,554396.4441139968,-0.16239999,1.479927,-0.7522679556684504
3,1,554401.4443078875,-0.16239999,1.4798696,-0.752493737735342
3,1,554406.4445017781,-0.16239999,1.4796406,-0.7527195167927984
3,1,554411.4446956688,-0.16239999,1.4791824,-0.7529452820047315
3,1,554416.4448895594,-0.16239999,1.4790679,-0.7531710473174661
3,1,554421.4450834496,-0.16239999,1.4786097,-0.7533968114297143
3,1,554426.4452773402,-0.16239999,1.4782852,-0.7536225762828581
3,1,554431.4454712309,-0.16239999,1.4779415,-0.7538483418199711
3,1,554436.4456651211,-0.16239999,1.4776552,-0.7540741065205684
3,1,554441.4458590113,-0.16239999,1.477426,-0.7542998702944981
3,1,554446.4460529014,-0.16239999,1.4770061,-0.7545256342127745
3,1,554451.4462467916,-0.16239999,1.4767197,-0.7547513994012714
3,1,554456.4464406818,-0.16239999,1.4764334,-0.7549771617555949
3,1,554461.446634572,-0.16239999,1.4762616,-0.7552029231977214
3,1,554466.4468284622,-0.16239999,1.4757462,-0.7554286842744086
3,1,554471.4470223524,-0.16239999,1.4755361,-0.7556544473576348
3,1,554476.4472162426,-0.16239999,1.4753262,-0.7558802081334575
3,1,554481.4474101327,-0.16239999,1.475078,-0.7561059723701908
3,1,554486.4476040229,-0.16239999,1.4748298,-0.7563317373252744
3,1,554491.4477979131,-0.16239999,1.4743907,-0.7565575033743498
3,1,554496.4479918033,-0.16239999,1.4742953,-0.7567832700147571
3,1,554501.4481856935,-0.16239999,1.4738753,-0.757009035610954
3,1,554506.4483795837,-0.16239999,1.4736654,-0.7572348036520423
3,1,554511.4485734738,-0.16239999,1.4733407,-0.7574605718053496
3,1,554516.448767364,-0.16239999,1.4728445,-0.757686341977059
3,1,554521.4489612542,-0.16239999,1.472749,-0.7579121128930805
3,1,554526.4491551444,-0.16239999,1.4723862,-0.7581378823127357
3,1,554531.4493490346,-0.16239999,1.4719663,-0.7583636524542536
3,1,554536.4495429248,-0.16239999,1.4717181,-0.7585894239922678
3,1,554541.449736815,-0.16239999,1.4711645,-0.758815194736113
3,1,554546.4499307051,-0.16239999,1.4710118,-0.7590409663390169
3,1,554551.4501245953,-0.16239999,1.4705727,-0.7592667374250193
3,1,554556.4503184855,-0.16239999,1.4704009,-0.7594925099188254
3,1,554561.4505123757,-0.16239999,1.4702481,-0.7597182802481709
3,1,554566.4507062659,-0.16239999,1.4700572,-0.7599440474152838
3,1,554571.450900156,-0.16239999,1.4695036,-0.7601698157005037
3,1,554576.4510940462,-0.16239999,1.4694272,-0.7603955841627809
3,1,554581.4512879364,-0.16239999,1.4687973,-0.7606213522404698
3,1,554586.4514818266,-0.16239999,1.4683774,-0.7608471198945178
3,1,554591.4516757168,-0.16239999,1.4681864,-0.7610728863921398
3,1,554596.451869607,-0.16239999,1.467881,-0.7612986489920136
3,1,554601.4520634972,-0.16239999,1.4677473,-0.7615244111089292
3,1,554606.4522573873,-0.16239999,1.4673655,-0.7617501740665965
3,1,554611.4524512775,-0.16239999,1.4668691,-0.761975937367017
3,1,554616.4526451677,-0.16239999,1.4666783,-0.7622017010269694
3,1,554621.4528390579,-0.16239999,1.4663346,-0.7624274668763908
3,1,554626.4530329481,-0.16239999,1.4662583,-0.7626532333624809
3,1,554631.4532268383,-0.16239999,1.4658765,-0.7628790010051917
3,1,554636.4534207284,-0.16239999,1.465571,-0.7631047684126521
3,1,554641.4536146186,-0.16239999,1.4650174,-0.7633305334525381
3,1,554646.4538085088,-0.16239999,1.4646928,-0.7635562994047419
3,1,554651.454002399,-0.16239999,1.4643683,-0.7637820669257358
3,1,554656.4541962892,-0.16239999,1.4639484,-0.7640078324039825
3,1,554661.4543901794,-0.16239999,1.4637766,-0.7642335981297136
3,1,554666.4545840696,-0.16239999,1.4632802,-0.7644593626773737
3,1,554671.4547779597,-0.16239999,1.4632038,-0.7646851298986208
3,1,554676.4549718499,-0.16239999,1.4628793,-0.7649108951802119
3,1,554681.4551657401,-0.16239999,1.462402,-0.765136662119544
3,1,554686.4553596303,-0.16239999,1.4623448,-0.765362427124236
3,1,554691.4555535205,-0.16239999,1.4620584,-0.7655881924890079
3,1,554696.4557474107,-0.16239999,1.4616766,-0.7658139567911846
3,1,554701.4559413008,-0.16239999,1.4614284,-0.7660397221785383
3,1,554706.456135191,-0.16239999,1.4609894,-0.7662654869407818
3,1,554711.4563290812,-0.16239999,1.4606457,-0.7664912500052896
3,1,554716.4565229714,-0.16239999,1.4603593,-0.7667170150240094
3,1,554721.4567168616,-0.16239999,1.4600921,-0.766942781093323
3,1,554726.4569107518,-0.16239999,1.4596912,-0.7671685485953569
3,1,554731.457104642,-0.16239999,1.4593858,-0.767394316062262
3,1,554736.4572985321,-0.16239999,1.459023,-0.7676200846766998
3,1,554741.4574924223,-0.16239999,1.4588131,-0.7678458556268393
3,1,554746.4576863125,-0.16239999,1.458355,-0.7680716272877699
3,1,554751.4578802027,-0.16239999,1.4580113,-0.7682973980644532
3,1,554756.4580740929,-0.16239999,1.4577631,-0.7685231690545029
3,1,554761.458267983,-0.16239999,1.4575722,-0.7687489394394694
3,1,554766.4584618732,-0.16239999,1.4570186,-0.7689747061449328
3,1,554771.4586557634,-0.16239999,1.456904,-0.7692004710390805
3,1,554776.4588496536,-0.16239999,1.4565413,-0.7694262351471017
3,1,554781.4590435438,-0.16239999,1.4561977,-0.7696520004393075
3,1,554786.459237434,-0.16239999,1.4557778,-0.769877766256669
3,1,554791.4594313242,-0.16239999,1.4555486,-0.7701035355759459
3,1,554796.4596252143,-0.16239999,1.4552814,-0.7703293059287358
3,1,554801.4598191045,-0.16239999,1.4550141,-0.7705550780995958
3,1,554806.4600129947,-0.16239999,1.4546704,-0.77078084979452
3,1,554811.4602068849,-0.16239999,1.4544222,-0.7710066196359675
3,1,554816.4604007751,-0.16239999,1.4540977,-0.7712323902446658
3,1,554821.4605946653,-0.16239999,1.4538686,-0.7714581590825813
3,1,554826.4607885554,-0.16239999,1.4533914,-0.7716839271546011
3,1,554831.4609824456,-0.16239999,1.4531051,-0.7719096978070609
3,1,554836.4611763358,-0.16239999,1.4528378,-0.7721354683940126
3,1,554841.461370226,-0.16239999,1.4524751,-0.7723612402804134
3,1,554846.4615641162,-0.16239999,1.4521697,-0.7725870116837087
3,1,554851.4617580064,-0.16239999,1.4517688,-0.7728127839427338
3,1,554856.4619518965,-0.16239999,1.4514633,-0.773038560748671
3,1,554861.4621457867,-0.16239999,1.4511387,-0.7732643349756163
3,1,554866.4623396769,-0.16239999,1.4507952,-0.7734901105008013
3,1,554871.4625335671,-0.16239999,1.4502416,-0.7737158874486489
3,1,554876.4627274573,-0.16239999,1.4500697,-0.7739416636563708
3,1,554881.4629213475,-0.16239999,1.4496497,-0.7741674383984832
3,1,554886.4631152377,-0.16239999,1.4494779,-0.7743932120408543
3,1,554891.4633091278,-0.16239999,1.4492106,-0.7746189849536786
3,1,554896.463503018,-0.16239999,1.4488288,-0.7748447567087449
3,1,554901.4636969082,-0.16239999,1.4485234,-0.7750705295708498
3,1,554906.4638907984,-0.16239999,1.4481225,-0.7752963021336309
3,1,554911.4640846886,-0.16239999,1.4481034,-0.7755220751830806
3,1,554916.4642785788,-0.16239999,1.4476261,-0.7757478468811027
3,1,554921.464472469,-0.16239999,1.4473016,-0.7759736204243678
3,1,554926.4646663591,-0.16239999,1.446958,-0.7761993929780543
3,1,554931.4648602493,-0.16239999,1.4465189,-0.7764251639058783
3,1,554936.4650541395,-0.16239999,1.4463853,-0.776650934542734
3,1,554941.4652480297,-0.16239999,1.4459271,-0.7768767058534128
3,1,554946.4654419199,-0.16239999,1.4457935,-0.7771024781932594
3,1,554951.46563581,-0.16239999,1.4455262,-0.777328249632238
3,1,554956.4658297002,-0.16239999,1.445259,-0.7775540191082138
3,1,554961.4660235904,-0.16239999,1.4446671,-0.7777797892327328
3,1,554966.4662174806,-0.16239999,1.4444953,-0.7780055581053258
3,1,554971.4664113708,-0.16239999,1.4441518,-0.7782313244045197
3,1,554976.466605261,-0.16239999,1.4437509,-0.7784570921876276
3,1,554981.4667991512,-0.16239999,1.4433881,-0.7786828605361873
3,1,554986.4669930413,-0.16239999,1.4431208,-0.7789086277565362
3,1,554991.4671869315,-0.16239999,1.4426435,-0.7791343975389966
3,1,554996.4673808217,-0.16239999,1.4423381,-0.7793601641622411
3,1,555001.4675747119,-0.16239999,1.4421473,-0.77958593153738
3,1,555006.4677686021,-0.16239999,1.4417082,-0.7798116963886919
3,1,555011.4679624923,-0.16239999,1.4414982,-0.7800374589111476
3,1,555016.4681563824,-0.16239999,1.44104,-0.7802632197633711
3,1,555021.4683502726,-0.16239999,1.4407918,-0.7804889822553192
3,1,555026.4685441628,-0.16239999,1.4403145,-0.7807147486060255
3,1,555031.468738053,-0.16239999,1.4401237,-0.7809405142188752
3,1,555036.4689319432,-0.16239999,1.4396273,-0.7811662787994503
3,1,555041.4691258334,-0.16239999,1.4394364,-0.7813920434674109
3,1,555046.4693197235,-0.16239999,1.4390355,-0.7816178077260323
3,1,555051.4695136137,-0.16239999,1.4386919,-0.7818435756751871
3,1,555056.4697075039,-0.16239999,1.4384246,-0.7820693434856609
3,1,555061.4699013941,-0.16239999,1.438081,-0.7822951141045401
3,1,555066.4700952843,-0.16239999,1.4376801,-0.7825208840376422
3,1,555071.4702891745,-0.16239999,1.4372792,-0.7827466514571294
3,1,555076.4704830647,-0.16239999,1.4369929,-0.7829724212271151
3,1,555081.4706769548,-0.16239999,1.4366301,-0.7831981907798178
3,1,555086.470870845,-0.16239999,1.4361911,-0.7834239606527407
3,1,555091.4710647352,-0.16239999,1.4359429,-0.7836497307397435
3,1,555096.4712586254,-0.16239999,1.435542,-0.7838755015639068
3,1,555101.4714525156,-0.16239999,1.4352747,-0.7841012721437689
3,1,555106.4716464058,-0.16239999,1.4350456,-0.7843270445852629
3,1,555111.4718402959,-0.16239999,1.4346066,-0.7845528153530593
3,1,555116.4720341861,-0.16239999,1.4342438,-0.7847785842758411
3,1,555121.4722280763,-0.16239999,1.4337666,-0.7850043549694636
3,1,555126.4724219665,-0.16239999,1.4333276,-0.7852301257627203
3,1,555131.4726158567,-0.16239999,1.4330603,-0.785455893109215
3,1,555136.4728097469,-0.16239999,1.4326403,-0.7856816605389957
3,1,555141.473003637,-0.16239999,1.432163,-0.7859074304250622
3,1,555146.4731975272,-0.16239999,1.4318957,-0.7861332002148713
3,1,555151.4733914174,-0.16239999,1.4315139,-0.7863589720470998
3,1,555156.4735853076,-0.16239999,1.4312085,-0.7865847457400769
3,1,555161.4737791978,-0.16239999,1.4309603,-0.786810516087918
3,1,555166.473973088,-0.16239999,1.430464,-0.787036288980499
3,1,555171.4741669782,-0.16239999,1.4303112,-0.7872620611088154
3,1,555176.4743608683,-0.16239999,1.4299295,-0.7874878322534489
3,1,555181.4745547585,-0.16239999,1.4295477,-0.7877136003314151
3,1,555186.4747486487,-0.16239999,1.4291849,-0.7879393692657313
3,1,555191.4749425389,-0.16239999,1.4288414,-0.7881651389944109
3,1,555196.4751364291,-0.16239999,1.4285549,-0.7883909089491742
3,1,555201.4753303193,-0.16239999,1.428345,-0.7886166756542228
3,1,555206.4755242094,-0.16239999,1.427925,-0.7888424419968404
3,1,555211.4757180996,-0.16239999,1.4276768,-0.7890682050393176
3,1,555216.4759119898,-0.16239999,1.4271804,-0.7892939691356555
3,1,555221.47610588,-0.16239999,1.4270277,-0.7895197342321139
3,1,555226.4762997702,-0.16239999,1.4267414,-0.7897455015680669
3,1,555231.4764936604,-0.16239999,1.426436,-0.7899712696860278
3,1,555236.4766875505,-0.16239999,1.4261687,-0.7901970373881892
3,1,555241.4768814407,-0.16239999,1.4257869,-0.7904228044261786
3,1,555246.4770753309,-0.16239999,1.4255196,-0.7906485728038792
3,1,555251.4772692211,-0.16239999,1.4250996,-0.7908743441296628
3,1,555256.4774631113,-0.16239999,1.4249278,-0.7911001145071994
3,1,555261.4776570015,-0.16239999,1.4244505,-0.7913258851791672
3,1,555266.4778508916,-0.16239999,1.4240878,-0.7915516574960453
3,1,555271.4780447818,-0.16239999,1.4237442,-0.7917774291756347
3,1,555276.478238672,-0.16239999,1.4233624,-0.7920031968357127
3,1,555281.4784325622,-0.16239999,1.4229996,-0.7922289632902414
3,1,555286.4786264524,-0.16239999,1.422656,-0.7924547287250894
3,1,555291.4788203426,-0.16239999,1.4221215,-0.7926804948296973
3,1,555296.4790142328,-0.16239999,1.4217588,-0.7929062620428845
3,1,555301.4792081229,-0.16239999,1.421377,-0.7931320278857114
3,1,555306.4794020131,-0.16239999,1.421148,-0.7933577957559471
3,1,555311.4795959033,-0.16239999,1.4207852,-0.7935835653981942
3,1,555316.4797897935,-0.16239999,1.4203079,-0.7938093338596459
3,1,555321.4799836837,-0.16239999,1.4199643,-0.7940351030829742
3,1,555326.4801775739,-0.16239999,1.4196206,-0.794260870133334
3,1,555331.480371464,-0.16239999,1.4191816,-0.7944866362864486
3,1,555336.4805653542,-0.16239999,1.4187425,-0.7947124033889251
3,1,555341.4807592444,-0.16239999,1.4183035,-0.7949381728503823
3,1,555346.4809531346,-0.16239999,1.418208,-0.7951639402680624
3,1,555351.4811470248,-0.16239999,1.417788,-0.7953897065899458
3,1,555356.481340915,-0.16239999,1.4173107,-0.7956154773301576
3,1,555361.4815348051,-0.16239999,1.4168907,-0.7958412474713502
3,1,555366.4817286953,-0.16239999,1.4165089,-0.7960670176783554
3,1,555371.4819225855,-0.16239999,1.416108,-0.7962927867184258
3,1,555376.4821164757,-0.16239999,1.4159936,-0.796518556195492
3,1,555381.4823103659,-0.16239999,1.4154972,-0.7967443239292372
3,1,555386.4825042561,-0.16239999,1.4152299,-0.7969700879490551
3,1,555391.4826981463,-0.16239999,1.414829,-0.7971958544992582
3,1,555396.4828920364,-0.16239999,1.4145617,-0.7974216211407013
3,1,555401.4830859266,-0.16239999,1.4140654,-0.7976473873036853
3,1,555406.4832798168,-0.16239999,1.4138364,-0.7978731505644514
3,1,555411.483473707,-0.16239999,1.4133209,-0.7980989149158616
3,1,555416.4836675972,-0.16239999,1.4129772,-0.7983246802548901
3,1,555421.4838614874,-0.16239999,1.4126909,-0.7985504464632598
3,1,555426.4840553775,-0.16239999,1.412309,-0.7987762128073758
3,1,555431.4842492677,-0.16239999,1.4120227,-0.7990019788310315
3,1,555436.4844431579,-0.16239999,1.4116601,-0.7992277439155333
3,1,555441.4846370481,-0.16239999,1.4111637,-0.7994535092480218
3,1,555446.4848309383,-0.16239999,1.4108583,-0.7996792743969636
3,1,555451.4850248285,-0.16239999,1.4103619,-0.7999050393377205
3,1,555456.4852187186,-0.16239999,1.4100755,-0.8001308069453879
3,1,555461.4854126088,-0.16239999,1.409751,-0.8003565757384823
3,1,555466.485606499,-0.16239999,1.4093883,-0.8005823441034267
3,1,555471.4858003892,-0.16239999,1.4090446,-0.8008081119527669
3,1,555476.4859942794,-0.16239999,1.4087392,-0.8010338775705597
3,1,555481.4861881696,-0.16239999,1.4084529,-0.8012596445537798
3,1,555486.4863820598,-0.16239999,1.4081092,-0.8014854136748439
3,1,555491.4865759499,-0.16239999,1.4076511,-0.8017111841202256
3,1,555496.4867698401,-0.16239999,1.4075174,-0.8019369517902609
3,1,555501.4869637303,-0.16239999,1.4070784,-0.802162720341647
3,1,555506.4871576205,-0.16239999,1.4066201,-0.8023884869303292
3,1,555511.4873515107,-0.16239999,1.4063147,-0.8026142509907552
3,1,555516.4875454009,-0.16239999,1.4061048,-0.8028400164538317
3,1,555521.487739291,-0.16239999,1.4056466,-0.8030657829707052
3,1,555526.4879331812,-0.16239999,1.405303,-0.803291549728195
3,1,555531.4881270714,-0.16239999,1.4052266,-0.8035173169247377
3,1,555536.4883209616,-0.16239999,1.4047875,-0.803743081117588
3,1,555541.4885148518,-0.16239999,1.4044057,-0.8039688474326434
3,1,555546.488708742,-0.16239999,1.4041384,-0.8041946130543038
3,1,555551.4889026321,-0.16239999,1.4036613,-0.804420379715144
3,1,555556.4890965223,-0.16239999,1.4033748,-0.8046461471374236
3,1,555561.4892904125,-0.16239999,1.4030122,-0.8048719173635677
3,1,555566.4894843027,-0.16239999,1.4027258,-0.8050976881026445
3,1,555571.4896781929,-0.16239999,1.4024585,-0.8053234542839942
3,1,555576.4898720831,-0.16239999,1.4019431,-0.8055492207549042
3,1,555581.4900659733,-0.16239999,1.4016377,-0.8057749866606727
3,1,555586.4902598634,-0.16239999,1.4011604,-0.8060007479771766
3,1,555591.4904537536,-0.16239999,1.400874,-0.8062265082873736
3,1,555596.4906476438,-0.16239999,1.4005686,-0.80645226873135
3,1,555601.490841534,-0.16239999,1.4002631,-0.80667803178799
3,1,555606.4910354242,-0.16239999,1.399824,-0.8069037957083527
3,1,555611.4912293144,-0.16239999,1.3994613,-0.8071295587041702
3,1,555616.4914232045,-0.16239999,1.3991941,-0.8073553249849563
3,1,555621.4916170947,-0.16239999,1.3985832,-0.807581092076445
3,1,555626.4918109849,-0.16239999,1.398335,-0.8078068588691323
3,1,555631.4920048751,-0.16239999,1.3979532,-0.8080326269378706
3,1,555636.4921987657,-0.16239999,1.3977623,-0.8082583941004361
3,1,555641.4923926564,-0.16239999,1.3969986,-0.8084841633902393
3,1,555646.4925865466,-0.16239999,1.3968078,-0.8087099329837315
3,1,555651.4927804372,-0.16239999,1.3964641,-0.8089357018245908
3,1,555656.4929743279,-0.16239999,1.3960824,-0.8091614679036548
3,1,555661.4931682185,-0.16239999,1.3958342,-0.8093872368287256
3,1,555666.4933621092,-0.16239999,1.395395,-0.8096130076322748
3,1,555671.4935559998,-0.16239999,1.394956,-0.8098387768861133
3,1,555676.4937498905,-0.16239999,1.394536,-0.8100645457577295
3,1,555681.4939437811,-0.16239999,1.3941925,-0.8102903133515652
3,1,555686.4941376718,-0.16239999,1.3936961,-0.8105160801676589
3,1,555691.4943315624,-0.16239999,1.3933907,-0.810741846040769
3,1,555696.4945254531,-0.16239999,1.393047,-0.8109676140149156
3,1,555701.4947193437,-0.16239999,1.3926461,-0.8111933807387156
3,1,555706.4949132344,-0.16239999,1.3922833,-0.8114191455653089
3,1,555711.495107125,-0.16239999,1.3919207,-0.8116449104346214
3,1,555716.4953010157,-0.16239999,1.3915007,-0.8118706763400323
3,1,555721.4954949063,-0.16239999,1.3910807,-0.8120964422642775
3,1,555726.495688797,-0.16239999,1.3907752,-0.8123222068476896
3,1,555731.4958826876,-0.16239999,1.3903171,-0.8125479719151172
3,1,555736.4960765783,-0.16239999,1.3900498,-0.8127737375890078
3,1,555741.4962704687,-0.16239999,1.3897253,-0.812999502149853
3,1,555746.4964643591,-0.16239999,1.3891525,-0.8132252676805841
3,1,555751.4966582495,-0.16239999,1.388828,-0.8134510373027991
3,1,555756.49685214,-0.16239999,1.3884271,-0.8136768063215444
3,1,555761.4970460304,-0.16239999,1.3881217,-0.8139025760572052
3,1,555766.4972399208,-0.16239999,1.3877208,-0.8141283468388059
3,1,555771.4974338112,-0.16239999,1.3873199,-0.8143541185340679
3,1,555776.4976277016,-0.16239999,1.3869381,-0.8145798882541653
3,1,555781.497821592,-0.16239999,1.3865563,-0.8148056556297844
3,1,555786.4980154824,-0.16239999,1.3861172,-0.8150314245693638
3,1,555791.498209373,-0.16239999,1.3857354,-0.8152571904711952
3,1,555796.4984032635,-0.16239999,1.3852582,-0.8154829576995758
3,1,555801.498597154,-0.16239999,1.3848954,-0.8157087253575015
3,1,555806.4987910446,-0.16239999,1.3846282,-0.8159344907802456
3,1,555811.4989849346,-0.16239999,1.3840555,-0.8161602555523942
3,1,555816.4991788252,-0.16239999,1.3834827,-0.8163860210041857
3,1,555821.4993727157,-0.16239999,1.3832537,-0.8166117881009228
3,1,555826.4995666062,-0.16239999,1.382681,-0.8168375561810166
3,1,555831.4997604968,-0.16239999,1.3823373,-0.8170633250005293
3,1,555836.4999543873,-0.16239999,1.3818792,-0.8172890961360623
3,1,555841.5001482778,-0.16239999,1.3817073,-0.8175148645618382
3,1,555846.5003421684,-0.16239999,1.3812492,-0.8177406320259436
3,1,555851.5005360588,-0.16239999,1.3805429,-0.8179663989443876
3,1,555856.5007299494,-0.16239999,1.3805238,-0.8181921648624959
3,1,555861.5009238399,-0.16239999,1.3798938,-0.8184179320205563
3,1,555866.5011177304,-0.16239999,1.3794547,-0.8186437007535114
3,1,555871.5013116209,-0.16239999,1.3791492,-0.8188694708140043
3,1,555876.5015055115,-0.16239999,1.3786339,-0.8190952413224931
3,1,555881.501699402,-0.16239999,1.3783092,-0.8193210110971362
3,1,555886.5018932928,-0.16239999,1.377832,-0.819546779462367
3,1,555891.5020871833,-0.16239999,1.3773547,-0.8197725468049966
3,1,555896.5022810737,-0.16239999,1.3769157,-0.8199983112862397
3,1,555901.5024749641,-0.16239999,1.3765912,-0.8202240773338788
3,1,555906.5026688545,-0.16239999,1.376152,-0.8204498464885714
3,1,555911.502862745,-0.16239999,1.3759038,-0.8206756128672581
3,1,555916.5030566354,-0.16239999,1.3755412,-0.8209013798694731
3,1,555921.5032505258,-0.16239999,1.3750639,-0.821127146714312
3,1,555926.503444416,-0.16239999,1.3745484,-0.8213529116488799
3,1,555931.5036383064,-0.16239999,1.3741094,-0.8215786755976309
3,1,555936.5038321968,-0.16239999,1.3736703,-0.82180444162656
3,1,555941.5040260875,-0.16239999,1.373384,-0.822030204294966
3,1,555946.5042199781,-0.16239999,1.3729831,-0.8222559663230682
3,1,555951.5044138688,-0.16239999,1.3727349,-0.8224817284898448
3,1,555956.5046077594,-0.16239999,1.3722004,-0.8227074904772859
3,1,555961.5048016501,-0.16239999,1.3717804,-0.8229332546152592
3,1,555966.5049955407,-0.16239999,1.3713795,-0.8231590200250029
3,1,555971.5051894314,-0.16239999,1.3710741,-0.8233847865775257
3,1,555976.5053833215,-0.16239999,1.370635,-0.8236105522787865
3,1,555981.5055772122,-0.16239999,1.3701959,-0.8238363168707113
3,1,555986.5057711028,-0.16239999,1.369795,-0.8240620807737555
3,1,555991.5059649935,-0.16239999,1.3695277,-0.8242878442221404
3,1,555996.5061588841,-0.16239999,1.368955,-0.824513606548491
3,1,556001.5063527748,-0.16239999,1.3687832,-0.8247393666261645
3,1,556006.5065466654,-0.16239999,1.368325,-0.824965127175478
3,1,556011.5067405561,-0.16239999,1.367905,-0.8251908908567026
3,1,556016.5069344467,-0.16239999,1.3674088,-0.8254166540329575
3,1,556021.5071283374,-0.16239999,1.3670269,-0.825642419524746
3,1,556026.507322228,-0.16239999,1.3667024,-0.8258681854720002
3,1,556031.5075161187,-0.16239999,1.366206,-0.8260939545424476
3,1,556036.5077100093,-0.16239999,1.3657287,-0.8263197235049285
3,1,556041.5079039,-0.16239999,1.3652706,-0.8265454924494395
3,1,556046.5080977902,-0.16239999,1.3646979,-0.8267712605776103
3,1,556051.5082916804,-0.16239999,1.3644116,-0.8269970285239446
3,1,556056.5084855705,-0.16239999,1.3638579,-0.8272227986191166
3,1,556061.5086794607,-0.16239999,1.3636289,-0.8274485693579187
3,1,556066.5088733509,-0.16239999,1.3631706,-0.8276743398965012
3,1,556071.5090672411,-0.16239999,1.3627506,-0.8279001135186299
3,1,556076.5092611313,-0.16239999,1.3623116,-0.8281258879115385
3,1,556081.5094550215,-0.16239999,1.3620062,-0.8283516630315203
3,1,556086.5096489117,-0.16239999,1.3615862,-0.828577436150864
3,1,556091.5098428018,-0.16239999,1.3610517,-0.8288032111402512
3,1,556096.510036692,-0.16239999,1.3606889,-0.8290289838456572
3,1,556101.5102305822,-0.16239999,1.3603071,-0.829254754704363
3,1,556106.5104244724,-0.16239999,1.3598299,-0.8294805243377282
3,1,556111.5106183626,-0.16239999,1.3594481,-0.8297062943882464
3,1,556116.5108122528,-0.16239999,1.3589135,-0.8299320659486662
3,1,556121.511006143,-0.16239999,1.3587227,-0.8301578374934778
3,1,556126.5112000331,-0.16239999,1.3581308,-0.8303836083058816
3,1,556131.5113939233,-0.16239999,1.3578826,-0.8306093805138711
3,1,556136.5115878135,-0.16239999,1.3572527,-0.830835153721356
3,1,556141.5117817037,-0.16239999,1.3568518,-0.8310609278170294
3,1,556146.5119755939,-0.16239999,1.3565463,-0.8312867024303113
3,1,556151.512169484,-0.16239999,1.3561455,-0.8315124771296765
3,1,556156.5123633742,-0.16239999,1.35584,-0.8317382491668216
3,1,556161.5125572644,-0.16239999,1.3550955,-0.8319640212955262
3,1,556166.5127511546,-0.16239999,1.3546565,-0.8321897968387671
3,1,556171.5129450448,-0.16239999,1.3544273,-0.832415572943195
3,1,556176.513138935,-0.16239999,1.3538164,-0.8326413509232851
3,1,556181.5133328252,-0.16239999,1.3533773,-0.8328671291691282
3,1,556186.5135267153,-0.16239999,1.3529574,-0.8330929066442584
3,1,556191.5137206055,-0.16239999,1.3526137,-0.8333186855506319
3,1,556196.5139144957,-0.16239999,1.3521746,-0.8335444662215488
3,1,556201.5141083859,-0.16239999,1.3515638,-0.8337702457655927
3,1,556206.5143022761,-0.16239999,1.3512392,-0.8339960204512007
3,1,556211.5144961663,-0.16239999,1.350552,-0.834221794512609
3,1,556216.5146900564,-0.16239999,1.350132,-0.8344475672544623
3,1,556221.5148839466,-0.16239999,1.3498266,-0.8346733389482409
3,1,556226.5150778368,-0.16239999,1.3495593,-0.8348991102684076
3,1,556231.515271727,-0.16239999,1.3490629,-0.835124883066166
3,1,556236.5154656172,-0.16239999,1.3485093,-0.8353506533535687
3,1,556241.5156595074,-0.16239999,1.3481466,-0.8355764247003084
3,1,556246.5158533975,-0.16239999,1.3476503,-0.8358021961892597
3,1,556251.5160472877,-0.16239999,1.3472685,-0.8360279710141356
3,1,556256.5162411779,-0.16239999,1.3467911,-0.8362537449168954
3,1,556261.5164350681,-0.16239999,1.346314,-0.8364795155558472
3,1,556266.5166289583,-0.16239999,1.3459512,-0.8367052870479625
3,1,556271.5168228485,-0.16239999,1.3453785,-0.8369310601536923
3,1,556276.5170167387,-0.16239999,1.3449204,-0.8371568349516509
3,1,556281.5172106288,-0.16239999,1.3445386,-0.8373826115740333
3,1,556286.517404519,-0.16239999,1.3440422,-0.8376083882579995
3,1,556291.5175984092,-0.16239999,1.3435458,-0.8378341615065346
3,1,556296.5177922994,-0.16239999,1.3432404,-0.838059936405384
3,1,556301.5179861896,-0.16239999,1.3426868,-0.8382857121000209
3,1,556306.5181800798,-0.16239999,1.3422859,-0.8385114852374363
3,1,556311.51837397,-0.16239999,1.3417704,-0.8387372569553506
3,1,556316.5185678601,-0.16239999,1.3412359,-0.8389630286154708
3,1,556321.5187617503,-0.16239999,1.3407587,-0.839188799963203
3,1,556326.5189556405,-0.16239999,1.3403959,-0.8394145694161416
3,1,556331.5191495307,-0.16239999,1.3398997,-0.8396403390925032
3,1,556336.5193434209,-0.16239999,1.3394414,-0.8398661066984529
3,1,556341.519537311,-0.16239999,1.3390214,-0.8400918747035234
3,1,556346.5197312012,-0.16239999,1.3385441,-0.8403176426685786
3,1,556351.5199250914,-0.16239999,1.3381051,-0.8405434114273358
3,1,556356.5201189816,-0.16239999,1.3375896,-0.8407691768985723
3,1,556361.5203128718,-0.16239999,1.337227,-0.8409949414247507
3,1,556366.520506762,-0.16239999,1.3369788,-0.8412207073124714
3,1,556371.5207006522,-0.16239999,1.3367306,-0.8414464728261846
3,1,556376.5208945423,-0.16239999,1.3358907,-0.8416722359942372
3,1,556381.5210884325,-0.16239999,1.3354707,-0.8418980027784929
3,1,556386.5212823227,-0.16239999,1.3351461,-0.8421237681892448
3,1,556391.5214762129,-0.16239999,1.3345734,-0.8423495326067715
3,1,556396.5216701031,-0.16239999,1.3341725,-0.8425752987332651
3,1,556401.5218639933,-0.16239999,1.3337716,-0.8428010629688585
3,1,556406.5220578834,-0.16239999,1.3332561,-0.8430268277678755
3,1,556411.5222517736,-0.16239999,1.3328171,-0.8432525913011962
3,1,556416.5224456638,-0.16239999,1.3324735,-0.8434783530663758
3,1,556421.522639554,-0.16239999,1.3319007,-0.843704113517282
3,1,556426.5228334442,-0.16239999,1.3313662,-0.8439298769600501
3,1,556431.5230273344,-0.16239999,1.3310608,-0.8441556415710857
3,1,556436.5232212245,-0.16239999,1.3306217,-0.8443814089112673
3,1,556441.5234151147,-0.16239999,1.3300108,-0.8446071751409747
3,1,556446.5236090049,-0.16239999,1.3297627,-0.8448329399131473
3,1,556451.5238028951,-0.16239999,1.3292282,-0.8450587061517142
3,1,556456.5239967853,-0.16239999,1.3288082,-0.845284470794716
3,1,556461.5241906755,-0.16239999,1.3282545,-0.8455102345457269
3,1,556466.5243845657,-0.16239999,1.3278345,-0.845735999702337
3,1,556471.5245784558,-0.16239999,1.3272618,-0.8459617630909625
3,1,556476.524772346,-0.16239999,1.3270519,-0.8461875277624868
3,1,556481.5249662362,-0.16239999,1.3265173,-0.8464132947304979
3,1,556486.5251601264,-0.16239999,1.3261355,-0.8466390646819689
3,1,556491.5253540166,-0.16239999,1.3255436,-0.8468648354604097
3,1,556496.5255479068,-0.16239999,1.3252001,-0.8470906029194405
3,1,556501.5257417969,-0.16239999,1.3245701,-0.8473163694694872
3,1,556506.5259356871,-0.16239999,1.3242837,-0.8475421358898019
3,1,556511.5261295773,-0.16239999,1.323711,-0.8477678979309832
3,1,556516.5263234675,-0.16239999,1.3231001,-0.8479936566769557
3,1,556521.5265173577,-0.16239999,1.3226992,-0.8482194151352381
3,1,556526.5267112479,-0.16239999,1.3225847,-0.8484451742070303
3,1,556531.526905138,-0.16239999,1.3220311,-0.848670934395484
3,1,556536.5270990282,-0.16239999,1.3215729,-0.848896696476305
3,1,556541.5272929184,-0.16239999,1.3212101,-0.849122461911797
3,1,556546.5274868086,-0.16239999,1.3205612,-0.8493482276196772
3,1,556551.5276806988,-0.16239999,1.3201793,-0.8495739945261431
3,1,556556.527874589,-0.16239999,1.3197211,-0.8497997603522376
3,1,556561.5280684792,-0.16239999,1.3191866,-0.8500255261915295
3,1,556566.5282623693,-0.16239999,1.3187666,-0.8502512910092914
3,1,556571.5284562595,-0.16239999,1.3182894,-0.8504770564306795
3,1,556576.5286501497,-0.16239999,1.317793,-0.8507028206680419
3,1,556581.5288440399,-0.16239999,1.3175257,-0.850928587343818
3,1,556586.5290379301,-0.16239999,1.3170676,-0.8511543557278012
3,1,556591.5292318203,-0.16239999,1.3164757,-0.8513801239896833
3,1,556596.5294257104,-0.16239999,1.316075,-0.8516058922099233
3,1,556601.5296196006,-0.16239999,1.3155595,-0.8518316599634987
3,1,556606.5298134908,-0.16239999,1.3150631,-0.8520574265025318
3,1,556611.530007381,-0.16239999,1.3145477,-0.8522831932836864
3,1,556616.5302012712,-0.16239999,1.3143377,-0.8525089616089506
3,1,556621.5303951614,-0.16239999,1.3136313,-0.8527347308507662
3,1,556626.5305890515,-0.16239999,1.3132113,-0.8529604991360291
3,1,556631.5307829417,-0.16239999,1.3127341,-0.8531862664511495
3,1,556636.5309768319,-0.16239999,1.3124287,-0.8534120343846986
3,1,556641.5311707221,-0.16239999,1.3119895,-0.8536378020893692
3,1,556646.5313646123,-0.16239999,1.3114933,-0.8538635675737701
3,1,556651.5315585025,-0.16239999,1.3109397,-0.8540893336794799
3,1,556656.5317523926,-0.16239999,1.3104624,-0.8543150981964883
3,1,556661.5319462828,-0.16239999,1.3101188,-0.8545408643424461
3,1,556666.532140173,-0.16239999,1.3097751,-0.8547666282469489
3,1,556671.5323340632,-0.16239999,1.3092597,-0.8549923936152483
3,1,556676.5325279534,-0.16239999,1.3088588,-0.8552181587043463
3,1,556681.5327218436,-0.16239999,1.3084006,-0.8554439254038028
3,1,556686.5329157338,-0.16239999,1.3081524,-0.8556696920925304
3,1,556691.5331096239,-0.16239999,1.3074461,-0.855895460018648
3,1,556696.5333035141,-0.16239999,1.3069116,-0.8561212259537503
3,1,556701.5334974043,-0.16239999,1.3066825,-0.856346990807895
3,1,556706.5336912945,-0.16239999,1.3060524,-0.8565727553088806
3,1,556711.5338851847,-0.16239999,1.3056517,-0.8567985221902753
3,1,556716.5340790749,-0.16239999,1.3052508,-0.85702428541331
3,1,556721.534272965,-0.16239999,1.3047544,-0.8572500493863855
3,1,556726.5344668552,-0.16239999,1.3041434,-0.8574758116576002
3,1,556731.5346607454,-0.16239999,1.3035898,-0.857701576460028
3,1,556736.5348546356,-0.16239999,1.3031508,-0.8579273408438962
3,1,556741.5350485258,-0.16239999,1.3028263,-0.8581531053378376
3,1,556746.535242416,-0.16239999,1.3024635,-0.8583788704206531
3,1,556751.5354363061,-0.16239999,1.302139,-0.858604636244673
3,1,556756.5356301963,-0.16239999,1.3016427,-0.8588304015127628
3,1,556761.5358240865,-0.16239999,1.30107,-0.8590561645831839
3,1,556766.5360179767,-0.16239999,1.3006308,-0.8592819291807613
3,1,556771.5362118669,-0.16239999,1.3001918,-0.8595076975443215
3,1,556776.5364057571,-0.16239999,1.2996572,-0.8597334672286387
3,1,556781.5365996473,-0.16239999,1.2990845,-0.8599592367965075
3,1,556786.5367935374,-0.16239999,1.2986836,-0.8601850061722482
3,1,556791.5369874276,-0.16239999,1.2980728,-0.8604107734998111
3,1,556796.5371813178,-0.16239999,1.2976336,-0.8606365433515826
3,1,556801.537375208,-0.16239999,1.2971565,-0.8608623121047395
3,1,556806.5375690982,-0.16239999,1.2967365,-0.8610880792810423
3,1,556811.5377629884,-0.16239999,1.2963737,-0.8613138458828092
3,1,556816.5379568785,-0.16239999,1.295782,-0.8615396121080653
3,1,556821.5381507687,-0.16239999,1.2951138,-0.861765379116013
3,1,556826.5383446589,-0.16239999,1.2947129,-0.8619911451664263
3,1,556831.5385385491,-0.16239999,1.2942356,-0.8622169128859831
3,1,556836.5387324393,-0.16239999,1.2938538,-0.8624426806479968
3,1,556841.5389263295,-0.16239999,1.2933002,-0.862668447032869
3,1,556846.5391202196,-0.16239999,1.2927847,-0.8628942135512069
3,1,556851.5393141098,-0.16239999,1.2925748,-0.8631199781605661
3,1,556856.539508,-0.16239999,1.2918875,-0.8633457421824345
3,1,556861.5397018902,-0.16239999,1.2915438,-0.8635715054147004
3,1,556866.5398957804,-0.16239999,1.2907994,-0.8637972694171377
3,1,556871.5400896706,-0.16239999,1.2906848,-0.8640230336308943
3,1,556876.5402835608,-0.16239999,1.290303,-0.8642487999028373
3,1,556881.5404774509,-0.16239999,1.2897303,-0.8644745658072043
3,1,556886.5406713411,-0.16239999,1.2891003,-0.8647003289823457
3,1,556891.5408652313,-0.16239999,1.2887377,-0.86492609211147
3,1,556896.5410591215,-0.16239999,1.2882603,-0.8651518578353342
3,1,556901.5412530117,-0.16239999,1.2877831,-0.8653776246008782
3,1,556906.5414469019,-0.16239999,1.2872677,-0.8656033915893576
3,1,556911.541640792,-0.16239999,1.2868477,-0.8658291587046418
3,1,556916.5418346822,-0.16239999,1.2864659,-0.866054926588109
3,1,556921.5420285724,-0.16239999,1.2859313,-0.8662806909370124
3,1,556926.5422224626,-0.16239999,1.2855304,-0.8665064557986011
3,1,556931.5424163528,-0.16239999,1.2848814,-0.8667322192253246
3,1,556936.542610243,-0.16239999,1.2843659,-0.8669579807237212
3,1,556941.5428041331,-0.16239999,1.2839459,-0.8671837427195574
3,1,556946.5429980233,-0.16239999,1.2834114,-0.8674095062217463
3,1,556951.5431919135,-0.16239999,1.2829914,-0.8676352702405087
3,1,556956.5433858037,-0.16239999,1.2826669,-0.8678610349478852
3,1,556961.5435796939,-0.16239999,1.2821324,-0.8680867991927571
3,1,556966.5437735841,-0.16239999,1.2817124,-0.8683125605723037
3,1,556971.5439674743,-0.16239999,1.2812924,-0.8685383233535876
3,1,556976.5441613644,-0.16239999,1.2807387,-0.8687640839662956
3,1,556981.5443552546,-0.16239999,1.2802234,-0.8689898453071182
3,1,556986.5445491448,-0.16239999,1.2798415,-0.8692156066654215
3,1,556991.544743035,-0.16239999,1.2791924,-0.869441368337497
3,1,556996.5449369252,-0.16239999,1.278677,-0.869667133642031
3,1,557001.5451308154,-0.16239999,1.278257,-0.869892900676579
3,1,557006.5453247055,-0.16239999,1.2779325,-0.8701186681127663
3,1,557011.5455185957,-0.16239999,1.2772834,-0.8703444355799703
3,1,557016.5457124859,-0.16239999,1.2770543,-0.8705702010282095
3,1,557021.5459063761,-0.16239999,1.2764816,-0.8707959653470441
3,1,557026.5461002663,-0.16239999,1.275909,-0.8710217262782246
3,1,557031.5462941565,-0.16239999,1.2754699,-0.8712474904306745
3,1,557036.5464880466,-0.16239999,1.2746872,-0.8714732553042355
3,1,557041.5466819368,-0.16239999,1.2744008,-0.8716990191498887
3,1,557046.546875827,-0.16239999,1.2738472,-0.8719247829574645
3,1,557051.5470697172,-0.16239999,1.2736372,-0.8721505450119997
3,1,557056.5472636074,-0.16239999,1.2733318,-0.8723763075980834
3,1,557061.5474574976,-0.16239999,1.2727972,-0.8726020724000807
3,1,557066.5476513878,-0.16239999,1.2720526,-0.8728278384031083
3,1,557071.5478452779,-0.16239999,1.2717091,-0.8730536027944056
3,1,557076.5480391681,-0.16239999,1.2711172,-0.8732793673283392
3,1,557081.5482330583,-0.16239999,1.2705636,-0.8735051350979988
3,1,557086.5484269485,-0.16239999,1.2701055,-0.8737308991910866
3,1,557091.5486208387,-0.16239999,1.26959,-0.8739566634536619
3,1,557096.5488147289,-0.16239999,1.2690936,-0.8741824299050347
3,1,557101.549008619,-0.16239999,1.2689028,-0.8744081964473444
3,1,557106.5492025092,-0.16239999,1.2683682,-0.8746339627621456
3,1,557111.5493963994,-0.16239999,1.267891,-0.874859729224042
3,1,557116.5495902896,-0.16239999,1.2675474,-0.8750854944364925
3,1,557121.5497841798,-0.16239999,1.2668792,-0.8753112596108565
3,1,557126.54997807,-0.16239999,1.2665356,-0.8755370217154457
3,1,557131.5501719601,-0.16239999,1.2660965,-0.8757627813286127
3,1,557136.5503658503,-0.16239999,1.2655811,-0.8759885433984498
3,1,557141.5505597405,-0.16239999,1.2651038,-0.8762143059873614
3,1,557146.5507536307,-0.16239999,1.2646838,-0.8764400680280833
3,1,557151.5509475209,-0.16239999,1.2640921,-0.8766658298700535
3,1,557156.5511414111,-0.16239999,1.2636148,-0.8768915904063077
3,1,557161.5513353013,-0.16239999,1.2631375,-0.8771173523433026
3,1,557166.5515291914,-0.16239999,1.2627366,-0.8773431141188831
3,1,557171.5517230816,-0.16239999,1.2622784,-0.8775688765411509
3,1,557176.5519169718,-0.16239999,1.2618775,-0.877794637910751
3,1,557181.552110862,-0.16239999,1.2614957,-0.8780203989628487
3,1,557186.5523047522,-0.16239999,1.2609804,-0.8782461611405676
3,1,557191.5524986424,-0.16239999,1.2607322,-0.8784719244839266
3,1,557196.5526925325,-0.16239999,1.2601022,-0.8786976875819306
3,1,557201.5528864227,-0.16239999,1.2596822,-0.8789234481577681
3,1,557206.5530803129,-0.16239999,1.2592622,-0.8791492118655003
3,1,557211.5532742031,-0.16239999,1.2586895,-0.8793749746330595
3,1,557216.5534680933,-0.16239999,1.2581741,-0.879600737680902
3,1,557221.5536619835,-0.16239999,1.2579068,-0.8798265002538701
3,1,557226.5538558736,-0.16239999,1.2573341,-0.8800522634704989
3,1,557231.5540497638,-0.16239999,1.2568759,-0.8802780234611836
3,1,557236.554243654,-0.16239999,1.2563032,-0.8805037853302391
3,1,557241.5544375442,-0.16239999,1.2560741,-0.8807295450664061
3,1,557246.5546314344,-0.16239999,1.2555205,-0.8809553051112747
3,1,557251.554825325,-0.16239999,1.2549859,-0.8811810652354249
3,1,557256.5550192157,-0.16239999,1.2544514,-0.8814068233198918
3,1,557261.5552131063,-0.16239999,1.2542224,-0.8816325834698915
3,1,557266.555406997,-0.16239999,1.2536114,-0.8818583410583865
3,1,557271.5556008876,-0.16239999,1.2530197,-0.8820840980846043
3,1,557276.5557947783,-0.16239999,1.2525042,-0.8823098550765462
3,1,557281.5559886689,-0.16239999,1.2523515,-0.8825356130394933
3,1,557286.5561825596,-0.16239999,1.2518361,-0.8827613707974079
3,1,557291.5563764502,-0.16239999,1.2513206,-0.8829871273622204
3,1,557296.5565703409,-0.16239999,1.2507098,-0.8832128867739594
3,1,557301.5567642315,-0.16239999,1.2501752,-0.8834386478321401
3,1,557306.5569581222,-0.16239999,1.2496407,-0.8836644110183524
3,1,557311.5571520128,-0.16239999,1.2495834,-0.8838901745669319
3,1,557316.5573459035,-0.16239999,1.2488389,-0.8841159377991398
3,1,557321.5575397941,-0.16239999,1.248228,-0.8843416994734363
3,1,557326.5577336848,-0.16239999,1.2474835,-0.8845674631479497
3,1,557331.5579275754,-0.16239999,1.246949,-0.8847932271599379
3,1,557336.5581214661,-0.16239999,1.2466817,-0.8850189905428628
3,1,557341.5583153567,-0.16239999,1.2460899,-0.8852447513827614
3,1,557346.5585092474,-0.16239999,1.2453835,-0.8854705138895129
3,1,557351.5587031378,-0.16239999,1.2451162,-0.885696275507517
3,1,557356.5588970282,-0.16239999,1.2447153,-0.8859220357689359
3,1,557361.5590909186,-0.16239999,1.2441427,-0.8861477944448439
3,1,557366.5592848086,-0.16239999,1.2438563,-0.8863735519629524
3,1,557371.559478699,-0.16239999,1.2433408,-0.8865993100876243
3,1,557376.5596725894,-0.16239999,1.2429018,-0.8868250711238697
3,1,557381.5598664798,-0.16239999,1.2423863,-0.8870508308820283
3,1,557386.5600603702,-0.16239999,1.2418327,-0.8872765933261519
3,1,557391.5602542607,-0.16239999,1.2412791,-0.8875023566532
3,1,557396.5604481511,-0.16239999,1.2407064,-0.887728117547626
3,1,557401.5606420416,-0.16239999,1.24021,-0.8879538783721846
3,1,557406.5608359321,-0.16239999,1.239561,-0.8881796413945048
3,1,557411.5610298227,-0.16239999,1.2391601,-0.8884054086837129
3,1,557416.5612237132,-0.16239999,1.2385874,-0.8886311765989435
3,1,557421.5614176037,-0.16239999,1.2381483,-0.8888569451559192
3,1,557426.5616114943,-0.16239999,1.237652,-0.8890827133431407
3,1,557431.5618053848,-0.16239999,1.2370411,-0.8893084833042313
3,1,557436.5619992753,-0.16239999,1.2366593,-0.8895342521683488
3,1,557441.5621931661,-0.16239999,1.2362775,-0.8897600203626608
3,1,557446.5623870566,-0.16239999,1.2357048,-0.8899857872468139
3,1,557451.5625809472,-0.16239999,1.2348456,-0.8902115524767857
3,1,557456.5627748377,-0.16239999,1.2345021,-0.8904373157584018
3,1,557461.5629687282,-0.16239999,1.2339294,-0.8906630840801825
3,1,557466.5631626188,-0.16239999,1.2332422,-0.8908888527738754
3,1,557471.5633565092,-0.16239999,1.232803,-0.8911146217614383
3,1,557476.5635503997,-0.16239999,1.2322876,-0.8913403884101886
3,1,557481.5637442901,-0.16239999,1.2317913,-0.8915661554896884
3,1,557486.5639381807,-0.16239999,1.2311995,-0.8917919236576163
3,1,557491.5641320712,-0.16239999,1.230684,-0.8920176927705493
3,1,557496.5643259618,-0.16239999,1.2303977,-0.8922434590309389
3,1,557501.5645198522,-0.16239999,1.2297677,-0.892469224446614
3,1,557506.5647137426,-0.16239999,1.2290231,-0.8926949883447367
3,1,557511.564907633,-0.16239999,1.2287558,-0.892920753085977
3,1,557516.5651015234,-0.16239999,1.2283359,-0.8931465183676832
3,1,557521.5652954138,-0.16239999,1.2278205,-0.893372282609689
3,1,557526.5654893043,-0.16239999,1.2272668,-0.8935980467978851
3,1,557531.5656831942,-0.16239999,1.2268087,-0.8938238125312687
3,1,557536.5658770846,-0.16239999,1.2262169,-0.8940495793223715
3,1,557541.566070975,-0.16239999,1.2258542,-0.8942753449582304
3,1,557546.5662648655,-0.16239999,1.2251478,-0.8945011111067421
3,1,557551.5664587561,-0.16239999,1.2246896,-0.8947268773525435
3,1,557556.5666526468,-0.16239999,1.2242887,-0.8949526436131807
3,1,557561.5668465374,-0.16239999,1.2236588,-0.8951784108175498
3,1,557566.567040428,-0.16239999,1.2233151,-0.8954041795030455
3,1,557571.5672343187,-0.16239999,1.2228379,-0.8956299485374477
3,1,557576.5674282094,-0.16239999,1.2225325,-0.8958557170053211
3,1,557581.5676221,-0.16239999,1.2218261,-0.8960814846519393
3,1,557586.5678159907,-0.16239999,1.221368,-0.8963072508577841
3,1,557591.5680098813,-0.16239999,1.2206998,-0.8965330170200959
3,1,557596.568203772,-0.16239999,1.220337,-0.896758783369256
3,1,557601.5683976626,-0.16239999,1.2196689,-0.8969845497392221
3,1,557606.5685915533,-0.16239999,1.2194208,-0.8972103194897403
3,1,557611.5687854439,-0.16239999,1.2189244,-0.897436088187248
3,1,557616.5689793346,-0.16239999,1.2185998,-0.8976618619724931
3,1,557621.5691732252,-0.16239999,1.2182753,-0.8978876345469551
3,1,557626.5693671159,-0.16239999,1.2176836,-0.8981134062191998
3,1,557631.5695610065,-0.16239999,1.2170154,-0.8983391762821968
3,1,557636.5697548972,-0.16239999,1.2167099,-0.8985649458989299
3,1,557641.5699487878,-0.16239999,1.21608,-0.8987907147061581
3,1,557646.5701426785,-0.16239999,1.2157936,-0.8990164828015339
3,1,557651.5703365691,-0.16239999,1.2151827,-0.8992422510402001
3,1,557656.5705304593,-0.16239999,1.2147055,-0.8994680201963124
3,1,557661.5707243495,-0.16239999,1.2142091,-0.8996937868276699
3,1,557666.5709182397,-0.16239999,1.2136173,-0.8999195541119142
3,1,557671.5711121298,-0.16239999,1.2130828,-0.9001453200311749
3,1,557676.57130602,-0.16239999,1.2124718,-0.9003710869903105
3,1,557681.5714999102,-0.16239999,1.2117465,-0.9005968578406263
3,1,557686.5716938004,-0.16239999,1.2113265,-0.9008226271031934
3,1,557691.5718876906,-0.16239999,1.2108682,-0.9010483985382993
3,1,557696.5720815808,-0.16239999,1.2103146,-0.901274170723966
3,1,557701.572275471,-0.16239999,1.2098756,-0.9014999432482285
3,1,557706.5724693611,-0.16239999,1.2094556,-0.9017257151599605
3,1,557711.5726632513,-0.16239999,1.2090356,-0.901951486396977
3,1,557716.5728571415,-0.16239999,1.2086347,-0.9021772598769188
3,1,557721.5730510317,-0.16239999,1.2079092,-0.9024030350761325
3,1,557726.5732449219,-0.16239999,1.2074893,-0.902628808289649
3,1,557731.573438812,-0.16239999,1.206802,-0.9028545800661397
3,1,557736.5736327022,-0.16239999,1.2062484,-0.9030803502760267
3,1,557741.5738265924,-0.16239999,1.2057521,-0.903306121542435
3,1,557746.5740204826,-0.16239999,1.2052176,-0.9035318900489958
3,1,557751.5742143728,-0.16239999,1.204664,-0.9037576603589044
3,1,557756.574408263,-0.16239999,1.2042058,-0.9039834295765984
3,1,557761.5746021532,-0.16239999,1.2038813,-0.9042091987776096
3,1,557766.5747960433,-0.16239999,1.2033085,-0.9044349691268274
3,1,557771.5749899335,-0.16239999,1.2028503,-0.9046607395068574
3,1,557776.5751838237,-0.16239999,1.2024304,-0.9048865113255599
3,1,557781.5753777139,-0.16239999,1.2016476,-0.9051122826464617
3,1,557786.5755716041,-0.16239999,1.2012658,-0.9053380534210257
3,1,557791.5757654943,-0.16239999,1.2008268,-0.9055638227686644
3,1,557796.5759593844,-0.16239999,1.2001969,-0.9057895930502516
3,1,557797.6613580473,-0.16239999,1.200025,-0.9058386013689813
3,1,557797.6615580469,-0.16239999,1.2000823,-0.9058386103983325
3,2,557797.6623580474,0.16239999,1.2244195,1.790018296904034e-08
3,2,557802.6625519395,0.16239999,1.3193966,0.0002254019838364588
3,2,557807.6627458297,0.16239999,1.3447294,0.00045078883904715384
3,2,557812.6629397199,0.16239999,1.3646597,0.0006761751002710727
3,2,557817.66313361,0.16239999,1.3817456,0.0009015655447890362
3,2,557822.6633275002,0.16239999,1.397075,0.0011269519733513396
3,2,557827.6635213904,0.16239999,1.4109919,0.0013523401367134518
3,2,557832.6637152806,0.16239999,1.423916,0.0015777257702325781
3,2,557837.6639091708,0.16239999,1.4359238,0.0018031071312038436
3,2,557842.664103061,0.16239999,1.4475498,0.0020284890165146855
3,2,557847.6642969511,0.16239999,1.4584122,0.00225387442539384
3,2,557852.6644908413,0.16239999,1.4690646,0.0024792586339927383
3,2,557857.6646847315,0.16239999,1.4789915,0.0027046428507566454
3,2,557862.6648786217,0.16239999,1.4887276,0.0029300262275718985
3,2,557867.6650725119,0.16239999,1.4982727,0.003155410149527921
3,2,557872.6652664021,0.16239999,1.5073979,0.0033807944307103757
3,2,557877.6654602922,0.16239999,1.516294,0.003606178684934146
3,2,557882.6656541824,0.16239999,1.524961,0.0038315622321913644
3,2,557887.6658480726,0.16239999,1.5335325,0.004056946115237144
3,2,557892.6660419628,0.16239999,1.5415695,0.004282330013914241
3,2,557897.666235853,0.16239999,1.5495301,0.004507714470243289
3,2,557902.6664297432,0.16239999,1.557529,0.00473309941797538
3,2,557907.6666236334,0.16239999,1.5652796,0.0049584835879570915
3,2,557912.6668175235,0.16239999,1.5728203,0.005183865791705748
3,2,557917.6670114137,0.16239999,1.5803419,0.005409248293307921
3,2,557922.6672053039,0.16239999,1.587539,0.005634631768410405
3,2,557927.6673991941,0.16239999,1.5946788,0.0058600151356806365
3,2,557932.6675930843,0.16239999,1.6016848,0.006085395842379167
3,2,557937.6677869745,0.16239999,1.6086719,0.006310778047590621
3,2,557942.6679808646,0.16239999,1.6155444,0.006536163195859228
3,2,557947.6681747548,0.16239999,1.6223787,0.006761547096722657
3,2,557952.668368645,0.16239999,1.6290985,0.006986932869508864
3,2,557957.6685625352,0.16239999,1.6356465,0.00721231663826522
3,2,557962.6687564254,0.16239999,1.6421372,0.007437700720215839
3,2,557967.6689503156,0.16239999,1.648647,0.007663085004534988
3,2,557972.6691442057,0.16239999,1.654775,0.00788847102689081
3,2,557977.6693380959,0.16239999,1.6610748,0.008113856607500053
3,2,557982.6695319861,0.16239999,1.6673746,0.008339243065640333
3,2,557987.6697258763,0.16239999,1.673388,0.008564628972009655
3,2,557992.6699197665,0.16239999,1.679516,0.008790015625129146
3,2,557997.6701136567,0.16239999,1.685453,0.009015403185134963
3,2,558002.6703075469,0.16239999,1.6912947,0.009240789734606944
3,2,558007.670501437,0.16239999,1.6973082,0.009466177236999905
3,2,558012.6706953272,0.16239999,1.7029397,0.00969156303424885
3,2,558017.6708892174,0.16239999,1.7088387,0.009916948197090793
3,2,558022.6710831076,0.16239999,1.7142985,0.010142332173555264
3,2,558027.6712769978,0.16239999,1.719892,0.010367714298770663
3,2,558032.671470888,0.16239999,1.7253518,0.010593097226131297
3,2,558037.6716647781,0.16239999,1.7309262,0.010818479369012849
3,2,558042.6718586683,0.16239999,1.736386,0.011043862716276616
3,2,558047.6720525585,0.16239999,1.7418076,0.011269245641191803
3,2,558052.6722464487,0.16239999,1.7471339,0.01149462868590736
3,2,558057.6724403389,0.16239999,1.7523837,0.011720013002077742
3,2,558062.6726342291,0.16239999,1.7574617,0.011945398390058846
3,2,558067.6728281192,0.16239999,1.7626734,0.012170784157256288
3,2,558072.6730220094,0.16239999,1.7678468,0.012396172514132331
3,2,558077.6732158996,0.16239999,1.7729439,0.01262155989031163
3,2,558082.6734097898,0.16239999,1.7780029,0.012846947612713612
3,2,558087.67360368,0.16239999,1.7830045,0.01307233564910707
3,2,558092.6737975702,0.16239999,1.7879679,0.01329772313801779
3,2,558097.6739914604,0.16239999,1.7929124,0.013523113837997123
3,2,558102.6741853505,0.16239999,1.7977804,0.013748506199245655
3,2,558107.6743792407,0.16239999,1.8026675,0.01397389672648576
3,2,558112.6745731309,0.16239999,1.8073447,0.014199284815915762
3,2,558117.6747670211,0.16239999,1.8121935,0.014424672530981406
3,2,558122.6749609113,0.16239999,1.8167943,0.014650061614651651
3,2,558127.6751548015,0.16239999,1.8214524,0.014875449011728173
3,2,558132.6753486916,0.16239999,1.8261485,0.015100834028844209
3,2,558137.6755425818,0.16239999,1.8307493,0.015326217526536854
3,2,558142.675736472,0.16239999,1.8354074,0.015551600219974092
3,2,558147.6759303622,0.16239999,1.8398554,0.0157769829976418
3,2,558152.6761242524,0.16239999,1.844208,0.016002364499467122
3,2,558157.6763181426,0.16239999,1.8486178,0.016227746687790593
3,2,558162.6765120327,0.16239999,1.8530277,0.01645312758978788
3,2,558167.6767059229,0.16239999,1.8572276,0.016678510473824217
3,2,558172.6768998131,0.16239999,1.8615229,0.016903892171198302
3,2,558177.6770937033,0.16239999,1.86578,0.0171292754612234
3,2,558182.6772875935,0.16239999,1.8699608,0.01735465995087227
3,2,558187.6774814837,0.16239999,1.8740079,0.01758004525604845
3,2,558192.6776753739,0.16239999,1.8782842,0.017805432260625073
3,2,558197.677869264,0.16239999,1.8823122,0.018030818354336762
3,2,558202.6780631542,0.16239999,1.8863021,0.01825620646630063
3,2,558207.6782570444,0.16239999,1.8904638,0.01848159381785576
3,2,558212.6784509346,0.16239999,1.8944155,0.018706979683854524
3,2,558217.6786448248,0.16239999,1.8981571,0.018932365030652955
3,2,558222.678838715,0.16239999,1.9020897,0.019157752471939567
3,2,558227.6790326051,0.16239999,1.905927,0.01938314056070895
3,2,558232.6792264953,0.16239999,1.9096113,0.01960852519071269
3,2,558237.6794203855,0.16239999,1.9133912,0.019833910385786673
3,2,558242.6796142757,0.16239999,1.9171711,0.020059294266674268
3,2,558247.6798081663,0.16239999,1.9208555,0.020284679921654378
3,2,558252.680002057,0.16239999,1.9244636,0.02051006503637716
3,2,558257.6801959476,0.16239999,1.9278808,0.020735449114050317
3,2,558262.6803898383,0.16239999,1.9315652,0.020960831691758514
3,2,558267.680583729,0.16239999,1.9349632,0.021186215854313652
3,2,558272.6807776196,0.16239999,1.9384758,0.02141160245301162
3,2,558277.6809715102,0.16239999,1.9418167,0.02163698999108624
3,2,558282.6811654009,0.16239999,1.9452338,0.021862376227412803
3,2,558287.6813592915,0.16239999,1.9483646,0.022087761917153184
3,2,558292.6815531822,0.16239999,1.9517627,0.022313148013037958
3,2,558297.6817470728,0.16239999,1.9550272,0.022538533946575408
3,2,558302.6819409635,0.16239999,1.9581198,0.022763919972779868
3,2,558307.6821348541,0.16239999,1.9614606,0.02298930946330645
3,2,558312.6823287448,0.16239999,1.9644005,0.023214699999950017
3,2,558317.6825226354,0.16239999,1.9676459,0.023440092255722335
3,2,558322.6827165261,0.16239999,1.9705857,0.02366548389612471
3,2,558327.6829104167,0.16239999,1.9736402,0.02389087384018138
3,2,558332.6831043074,0.16239999,1.976351,0.024116263027632416
3,2,558337.683298198,0.16239999,1.9795009,0.024341650473064032
3,2,558342.6834920887,0.16239999,1.9823072,0.024567036235251374
3,2,558347.6836859786,0.16239999,1.9852662,0.024792422535681903
3,2,558352.6838798691,0.16239999,1.9881107,0.025017813237790447
3,2,558357.6840737595,0.16239999,1.9908978,0.02524320182039342
3,2,558362.6842676499,0.16239999,1.9934177,0.02546859038778479
3,2,558367.6844615403,0.16239999,1.9961667,0.025693979920234134
3,2,558372.6846554307,0.16239999,1.9988967,0.025919367052592353
3,2,558377.6848493211,0.16239999,2.0015883,0.026144754318604056
3,2,558382.6850432116,0.16239999,2.0038984,0.026370140957316608
3,2,558387.685237102,0.16239999,2.006552,0.026595527209596518
3,2,558392.6854309924,0.16239999,2.0091865,0.026820913813954444
3,2,558397.6856248829,0.16239999,2.0115345,0.02704630272963148
3,2,558402.6858187735,0.16239999,2.0139399,0.027271691612698157
3,2,558407.686012664,0.16239999,2.0165362,0.027497079358902263
3,2,558412.6862065545,0.16239999,2.0189226,0.027722467368654927
3,2,558417.6864004451,0.16239999,2.0213087,0.027947856285232657
3,2,558422.6865943356,0.16239999,2.0235806,0.028173245518865703
3,2,558427.6867882264,0.16239999,2.0257378,0.028398631960131246
3,2,558432.6869821169,0.16239999,2.0282195,0.028624019726413836
3,2,558437.6871760074,0.16239999,2.0303957,0.02884940725745014
3,2,558442.687369898,0.16239999,2.0324192,0.02907479539574436
3,2,558447.6875637885,0.16239999,2.0348055,0.029300183871122716
3,2,558452.687757679,0.16239999,2.037039,0.029525572346636008
3,2,558457.6879515696,0.16239999,2.0388908,0.02975096152086889
3,2,558462.6881454599,0.16239999,2.0409527,0.02997635245354227
3,2,558467.6883393505,0.16239999,2.0430908,0.030201744154906125
3,2,558472.6885332409,0.16239999,2.0453053,0.030427136566722576
3,2,558477.6887271315,0.16239999,2.0472906,0.030652526630537396
3,2,558482.688921022,0.16239999,2.049276,0.030877913909676192
3,2,558487.6891149125,0.16239999,2.0513186,0.03110330177326916
3,2,558492.6893088031,0.16239999,2.053285,0.03132868850578038
3,2,558497.6895026935,0.16239999,2.0551748,0.031554073812631284
3,2,558502.6896965839,0.16239999,2.0571032,0.031779458352808335
3,2,558507.6898904743,0.16239999,2.0587065,0.03200484637740835
3,2,558512.6900843643,0.16239999,2.0604248,0.03223023498727217
3,2,558517.6902782547,0.16239999,2.0625439,0.032455624881602835
3,2,558522.6904721451,0.16239999,2.0641856,0.032681014325069896
3,2,558527.6906660355,0.16239999,2.065999,0.03290640412662014
3,2,558532.6908599259,0.16239999,2.06766,0.03313179509272759
3,2,558537.6910538164,0.16239999,2.0694544,0.0333571840352499
3,2,558542.691247707,0.16239999,2.0711343,0.0335825736517956
3,2,558547.6914415974,0.16239999,2.072967,0.03380796192900507
3,2,558552.6916354881,0.16239999,2.0745897,0.03403335069913005
3,2,558557.6918293787,0.16239999,2.0761552,0.03425874169211588
3,2,558562.6920232694,0.16239999,2.0778542,0.034484131561251165
3,2,558567.69221716,0.16239999,2.0793242,0.034709523083444285
3,2,558572.6924110507,0.16239999,2.0809278,0.03493491620759005
3,2,558577.6926049413,0.16239999,2.0826077,0.035160306494259184
3,2,558582.692798832,0.16239999,2.0843067,0.03538569663584896
3,2,558587.6929927226,0.16239999,2.085605,0.0356110873882961
3,2,558592.6931866133,0.16239999,2.0872085,0.03583647890184572
3,2,558597.6933805039,0.16239999,2.0887547,0.036061870594608296
3,2,558602.6935743946,0.16239999,2.0901866,0.036287263291604
3,2,558607.6937682852,0.16239999,2.091542,0.036512655826181184
3,2,558612.6939621759,0.16239999,2.0929737,0.036738045870826484
3,2,558617.6941560665,0.16239999,2.0945964,0.03696343541337881
3,2,558622.6943499572,0.16239999,2.09578,0.03718882565158689
3,2,558627.6945438478,0.16239999,2.0971353,0.037414215922353174
3,2,558632.6947377385,0.16239999,2.0983953,0.03763960429451698
3,2,558637.6949316291,0.16239999,2.0998461,0.03786499475951907
3,2,558642.6951255198,0.16239999,2.1012206,0.038090386298492554
3,2,558647.6953194104,0.16239999,2.102557,0.03831577688022952
3,2,558652.6955133006,0.16239999,2.1039698,0.038541161990584605
3,2,558657.6957071908,0.16239999,2.105058,0.038766549055167375
3,2,558662.695901081,0.16239999,2.1063752,0.03899193712480201
3,2,558667.6960949712,0.16239999,2.107654,0.03921732532081092
3,2,558672.6962888613,0.16239999,2.1088378,0.03944271242647702
3,2,558677.6964827515,0.16239999,2.1101933,0.039668102542804354
3,2,558682.6966766417,0.16239999,2.111453,0.039893492306575185
3,2,558687.6968705319,0.16239999,2.1126559,0.040118882354471426
3,2,558692.6970644221,0.16239999,2.1138585,0.04034427437498421
3,2,558697.6972583123,0.16239999,2.1152139,0.040569664913146036
3,2,558702.6974522024,0.16239999,2.1164358,0.04079505735148324
3,2,558707.6976460926,0.16239999,2.117371,0.041020453507912655
3,2,558712.6978399828,0.16239999,2.1184592,0.041245848920142485
3,2,558717.698033873,0.16239999,2.119662,0.04147124589965079
3,2,558722.6982277632,0.16239999,2.1209028,0.041696643789105946
3,2,558727.6984216534,0.16239999,2.12201,0.04192204370440212
3,2,558732.6986155435,0.16239999,2.1231172,0.04214744394705693
3,2,558737.6988094337,0.16239999,2.1242054,0.04237284497402857
3,2,558742.6990033239,0.16239999,2.1252172,0.04259824352524099
3,2,558747.6991972141,0.16239999,2.1263816,0.04282364132315418
3,2,558752.6993911043,0.16239999,2.1273172,0.043049037293167586
3,2,558757.6995849945,0.16239999,2.1282716,0.043274431687236666
3,2,558762.6997788846,0.16239999,2.1294172,0.04349982875374457
3,2,558767.6999727748,0.16239999,2.130467,0.04372522614391977
3,2,558772.700166665,0.16239999,2.1314597,0.043950623388753184
3,2,558777.7003605552,0.16239999,2.1325479,0.04417601758606236
3,2,558782.7005544454,0.16239999,2.133445,0.044401416000748685
3,2,558787.7007483356,0.16239999,2.1344378,0.04462681595450558
3,2,558792.7009422258,0.16239999,2.135335,0.04485221395094859
3,2,558797.7011361159,0.16239999,2.1364615,0.04507761079380993
3,2,558802.7013300061,0.16239999,2.137416,0.04530300889736001
3,2,558807.7015238963,0.16239999,2.1383324,0.04552840686368281
3,2,558812.7017177865,0.16239999,2.1392868,0.0457538060347529
3,2,558817.7019116767,0.16239999,2.1401267,0.045979203972062316
3,2,558822.7021055669,0.16239999,2.1411958,0.0462046020494683
3,2,558827.702299457,0.16239999,2.1421885,0.046429999815488864
3,2,558832.7024933472,0.16239999,2.1428566,0.046655396683803044
3,2,558837.7026872374,0.16239999,2.1438684,0.0468807956846878
3,2,558842.7028811276,0.16239999,2.1447275,0.047106194370675425
3,2,558847.7030750178,0.16239999,2.1455483,0.04733159421584259
3,2,558852.703268908,0.16239999,2.146541,0.04755699183083244
3,2,558857.7034627981,0.16239999,2.1473048,0.04778239121237895
3,2,558862.7036566883,0.16239999,2.148202,0.04800778899891427
3,2,558867.7038505785,0.16239999,2.1490228,0.04823318498555572
3,2,558872.7040444687,0.16239999,2.1500156,0.04845857960244352
3,2,558877.7042383589,0.16239999,2.1507792,0.04868397045876915
3,2,558882.7044322491,0.16239999,2.1515808,0.04890936123797216
3,2,558887.7046261393,0.16239999,2.1523826,0.049134752338872205
3,2,558892.7048200294,0.16239999,2.1531653,0.04936014366863504
3,2,558897.7050139196,0.16239999,2.1540246,0.049585536981636466
3,2,558902.7052078098,0.16239999,2.1548455,0.049810930572086756
3,2,558907.7054017,0.16239999,2.1556473,0.05003632126538623
3,2,558912.7055955902,0.16239999,2.1565254,0.05026171141232469
3,2,558917.7057894804,0.16239999,2.1572316,0.05048710286386892
3,2,558922.7059833705,0.16239999,2.1578617,0.050712493109160844
3,2,558927.7061772607,0.16239999,2.158797,0.05093788232791674
3,2,558932.7063711509,0.16239999,2.1595035,0.05116327478178675
3,2,558937.7065650411,0.16239999,2.1602287,0.05138866781638564
3,2,558942.7067589313,0.16239999,2.160897,0.05161406007582199
3,2,558947.7069528215,0.16239999,2.1616035,0.05183945135754845
3,2,558952.7071467116,0.16239999,2.1625006,0.052064843123940975
3,2,558957.7073406018,0.16239999,2.163016,0.05229023566314414
3,2,558962.707534492,0.16239999,2.1639323,0.05251562506487636
3,2,558967.7077283822,0.16239999,2.1646006,0.052741013659545956
3,2,558972.7079222724,0.16239999,2.1652496,0.05296640013821424
3,2,558977.7081161626,0.16239999,2.166204,0.05319178577905067
3,2,558982.7083100528,0.16239999,2.166777,0.05341717212197517
3,2,558987.7085039429,0.16239999,2.1673114,0.05364255927084719
3,2,558992.7086978331,0.16239999,2.1680748,0.05386794844114865
3,2,558997.7088917233,0.16239999,2.168934,0.054093337134228
3,2,559002.7090856135,0.16239999,2.1695259,0.05431872730062159
3,2,559007.7092795037,0.16239999,2.170213,0.054544117060185325
3,2,559012.7094733939,0.16239999,2.170595,0.05476950746258102
3,2,559017.709667284,0.16239999,2.1713393,0.054994897067873035
3,2,559022.7098611742,0.16239999,2.172141,0.05522028691694722
3,2,559027.7100550644,0.16239999,2.1727521,0.05544567672380311
3,2,559032.7102489546,0.16239999,2.1734202,0.05567106208277165
3,2,559037.7104428448,0.16239999,2.1741838,0.0558964469891166
3,2,559042.710636735,0.16239999,2.1747375,0.056121833127942375
3,2,559047.7108306251,0.16239999,2.1753292,0.0563472167226838
3,2,559052.7110245153,0.16239999,2.1758065,0.05657260091217279
3,2,559057.7112184055,0.16239999,2.1764364,0.0567979875544997
3,2,559062.7114122957,0.16239999,2.1772192,0.05702337401025745
3,2,559067.7116061859,0.16239999,2.177811,0.05724875979689097
3,2,559072.7118000761,0.16239999,2.1785555,0.05747414496657917
3,2,559077.7119939663,0.16239999,2.1789374,0.05769952898609889
3,2,559082.7121878564,0.16239999,2.1796436,0.05792491225202881
3,2,559087.7123817466,0.16239999,2.180331,0.05815029443179405
3,2,559092.7125756368,0.16239999,2.180789,0.0583756783559629
3,2,559097.712769527,0.16239999,2.1814573,0.058601062481030024
3,2,559102.7129634172,0.16239999,2.181839,0.0588264465460165
3,2,559107.7131573074,0.16239999,2.1825836,0.059051832343565126
3,2,559112.7133511975,0.16239999,2.1831372,0.059277220093290874
3,2,559117.7135450877,0.16239999,2.1838436,0.05950260815841377
3,2,559122.7137389779,0.16239999,2.1842635,0.05972799765043543
3,2,559127.7139328681,0.16239999,2.184798,0.05995338834438642
3,2,559132.7141267583,0.16239999,2.185218,0.060178779900301696
3,2,559137.7143206485,0.16239999,2.186077,0.06040417355046093
3,2,559142.7145145386,0.16239999,2.1866307,0.060629566594290266
3,2,559147.7147084288,0.16239999,2.1872416,0.0608549611486114
3,2,559152.714902319,0.16239999,2.1876807,0.06108035558475391
3,2,559157.7150962092,0.16239999,2.1882534,0.06130574907784746
3,2,559162.7152900994,0.16239999,2.188788,0.06153114119738177
3,2,559167.7154839896,0.16239999,2.1893797,0.06175653343136776
3,2,559172.7156778798,0.16239999,2.1898952,0.0619819240286516
3,2,559177.7158717699,0.16239999,2.1904678,0.062207314215960624
3,2,559182.7160656601,0.16239999,2.1909833,0.06243270296740203
3,2,559187.7162595503,0.16239999,2.1914225,0.06265809345149169
3,2,559192.7164534405,0.16239999,2.1920142,0.06288348389875147
3,2,559197.7166473307,0.16239999,2.1925106,0.0631088761744392
3,2,559202.7168412209,0.16239999,2.1930068,0.06333426804838084
3,2,559207.717035111,0.16239999,2.1933696,0.0635596611785831
3,2,559212.7172290012,0.16239999,2.193885,0.06378505368029742
3,2,559217.7174228914,0.16239999,2.1945913,0.06401044529728676
3,2,559222.7176167816,0.16239999,2.1950495,0.06423583531894289
3,2,559227.7178106718,0.16239999,2.1955268,0.06446122518911547
3,2,559232.718004562,0.16239999,2.195794,0.06468661681507117
3,2,559237.7181984521,0.16239999,2.196424,0.06491200798524423
3,2,559242.7183923423,0.16239999,2.1969776,0.065137397349529
3,2,559247.7185862325,0.16239999,2.1974168,0.0653627859576916
3,2,559252.7187801227,0.16239999,2.1980467,0.0655881727517264
3,2,559257.7189740129,0.16239999,2.198543,0.0658135600212614
3,2,559262.7191679031,0.16239999,2.1990776,0.06603894858941191
3,2,559267.7193617932,0.16239999,2.1996694,0.06626433540567593
3,2,559272.7195556834,0.16239999,2.2001848,0.06648972186880728
3,2,559277.7197495736,0.16239999,2.200414,0.0667151099005226
3,2,559282.7199434638,0.16239999,2.2010057,0.0669404971563063
3,2,559287.720137354,0.16239999,2.2015784,0.06716588446443697
3,2,559292.7203312442,0.16239999,2.2019794,0.06739127305348966
3,2,559297.7205251344,0.16239999,2.2023802,0.0676166593712312
3,2,559302.7207190245,0.16239999,2.202991,0.06784204787920335
3,2,559307.7209129147,0.16239999,2.203373,0.0680674359077025
3,2,559312.7211068049,0.16239999,2.203831,0.06829282249291162
3,2,559317.7213006951,0.16239999,2.2044039,0.0685182070758194
3,2,559322.7214945853,0.16239999,2.2048428,0.06874359147120519
3,2,559327.7216884755,0.16239999,2.205282,0.06896898107891036
3,2,559332.7218823656,0.16239999,2.205721,0.0691943690685001
3,2,559337.7220762558,0.16239999,2.206141,0.06941975524193632
3,2,559342.722270146,0.16239999,2.2065227,0.06964514219766196
3,2,559347.7224640362,0.16239999,2.2068665,0.06987053013200482
3,2,559352.7226579264,0.16239999,2.2074964,0.07009591783509077
3,2,559357.7228518166,0.16239999,2.2079737,0.07032130661957053
3,2,559362.7230457067,0.16239999,2.2083745,0.07054669445739857
3,2,559367.7232395969,0.16239999,2.2088137,0.07077208149103742
3,2,559372.7234334871,0.16239999,2.2091382,0.07099746797655361
3,2,559377.7236273773,0.16239999,2.209768,0.07122285334857309
3,2,559382.7238212675,0.16239999,2.2103026,0.0714482403534734
3,2,559387.7240151577,0.16239999,2.210589,0.0716736277391315
3,2,559392.7242090479,0.16239999,2.2111235,0.07189901326959833
3,2,559397.724402938,0.16239999,2.2114863,0.07212439622531173
3,2,559402.7245968282,0.16239999,2.2120018,0.07234978094458998
3,2,559407.7247907184,0.16239999,2.2125173,0.07257516504281929
3,2,559412.7249846086,0.16239999,2.2127461,0.07280054819663535
3,2,559417.7251784988,0.16239999,2.2132807,0.07302593165260557
3,2,559422.725372389,0.16239999,2.2137198,0.07325131725734393
3,2,559427.7255662791,0.16239999,2.2141206,0.07347670085120371
3,2,559432.7257601693,0.16239999,2.2144835,0.07370208369782406
3,2,559437.7259540595,0.16239999,2.2151325,0.07392746653106648
3,2,559442.7261479497,0.16239999,2.2155526,0.07415285059594781
3,2,559447.7263418399,0.16239999,2.2159343,0.07437823538447093
3,2,559452.7265357301,0.16239999,2.2163353,0.07460362057037986
3,2,559457.7267296202,0.16239999,2.2167933,0.07482900694380373
3,2,559462.7269235104,0.16239999,2.2171562,0.07505439284897186
3,2,559467.7271174006,0.16239999,2.2174616,0.07527977893604094
3,2,559472.7273112908,0.16239999,2.2180152,0.07550516155874486
3,2,559477.727505181,0.16239999,2.218416,0.07573054614915041
3,2,559482.7276990712,0.16239999,2.2187788,0.07595593042432852
3,2,559487.7278929614,0.16239999,2.2192178,0.07618131484807204
3,2,559492.7280868515,0.16239999,2.2195616,0.07640670093512457
3,2,559497.7282807417,0.16239999,2.2199242,0.07663208291876569
3,2,559502.7284746319,0.16239999,2.220497,0.07685746781979672
3,2,559507.7286685221,0.16239999,2.220745,0.07708285220636019
3,2,559512.7288624123,0.16239999,2.2214131,0.07730823696225224
3,2,559517.7290563025,0.16239999,2.221757,0.07753362157631835
3,2,559522.7292501926,0.16239999,2.2220623,0.0777590082931519
3,2,559527.7294440828,0.16239999,2.222425,0.07798439355388867
3,2,559532.729637973,0.16239999,2.222845,0.07820977879919033
3,2,559537.7298318632,0.16239999,2.223265,0.0784351629079705
3,2,559542.7300257534,0.16239999,2.223704,0.07866054891473225
3,2,559547.7302196436,0.16239999,2.2240667,0.07888593232817373
3,2,559552.7304135337,0.16239999,2.224506,0.07911131606047109
3,2,559557.7306074239,0.16239999,2.2248876,0.07933670387384631
3,2,559562.7308013141,0.16239999,2.225212,0.0795620883151434
3,2,559567.7309952043,0.16239999,2.2255177,0.07978747104014874
3,2,559572.7311890945,0.16239999,2.2258232,0.0800128541399125
3,2,559577.7313829847,0.16239999,2.2263768,0.08023823701918627
3,2,559582.7315768749,0.16239999,2.2267776,0.08046361994646495
3,2,559587.731770765,0.16239999,2.2271404,0.08068900288407427
3,2,559592.7319646552,0.16239999,2.2275794,0.08091438456275733
3,2,559597.7321585454,0.16239999,2.2279613,0.08113976652226437
3,2,559602.7323524356,0.16239999,2.228362,0.08136514852047717
3,2,559607.7325463258,0.16239999,2.2288775,0.08159053169984873
3,2,559612.732740216,0.16239999,2.229164,0.08181591478642744
3,2,559617.7329341061,0.16239999,2.2294884,0.08204129918226191
3,2,559622.7331279963,0.16239999,2.2298894,0.08226668471591676
3,2,559627.7333218865,0.16239999,2.2302902,0.08249207089717608
3,2,559632.7335157767,0.16239999,2.2306721,0.08271745795270309
3,2,559637.7337096669,0.16239999,2.2309394,0.08294284524756758
3,2,559642.7339035571,0.16239999,2.2313592,0.08316823261161733
3,2,559647.7340974472,0.16239999,2.2318747,0.08339362075578013
3,2,559652.7342913374,0.16239999,2.23218,0.08361900787210719
3,2,559657.7344852276,0.16239999,2.232562,0.08384439511127859
3,2,559662.7346791178,0.16239999,2.2329438,0.08406978256339585
3,2,559667.734873008,0.16239999,2.23323,0.08429516986415707
3,2,559672.7350668982,0.16239999,2.2337074,0.08452056106516394
3,2,559677.7352607884,0.16239999,2.23407,0.08474595064802308
3,2,559682.7354546785,0.16239999,2.2344902,0.08497134025680693
3,2,559687.7356485687,0.16239999,2.2347956,0.08519672575484635
3,2,559692.7358424589,0.16239999,2.235101,0.08542211175225929
3,2,559697.7360363491,0.16239999,2.2356737,0.08564749884841266
3,2,559702.7362302393,0.16239999,2.2359028,0.08587288585727586
3,2,559707.7364241295,0.16239999,2.236342,0.08609827289501916
3,2,559712.7366180196,0.16239999,2.2364373,0.08632366092249592
3,2,559717.7368119098,0.16239999,2.2371244,0.0865490499636217
3,2,559722.7370058,0.16239999,2.237411,0.08677443929622909
3,2,559727.7371996902,0.16239999,2.237659,0.08699982657825457
3,2,559732.7373935804,0.16239999,2.238079,0.08722521449082932
3,2,559737.7375874706,0.16239999,2.2385182,0.0874506043877445
3,2,559742.7377813607,0.16239999,2.238728,0.08767599357396123
3,2,559747.7379752509,0.16239999,2.2391672,0.08790138186110481
3,2,559752.7381691411,0.16239999,2.2394536,0.0881267702931059
3,2,559757.7383630313,0.16239999,2.2398736,0.08835216016198869
3,2,559762.7385569215,0.16239999,2.2402744,0.08857755022402199
3,2,559767.7387508117,0.16239999,2.2407327,0.08880293878684781
3,2,559772.7389447019,0.16239999,2.241019,0.08902832989305597
3,2,559777.739138592,0.16239999,2.2412863,0.08925371992741533
3,2,559782.7393324822,0.16239999,2.2418208,0.08947910867457597
3,2,559787.7395263724,0.16239999,2.24184,0.0897044937238454
3,2,559792.7397202626,0.16239999,2.2422407,0.0899298791856634
3,2,559797.7399141528,0.16239999,2.2426798,0.09015526694184964
3,2,559802.740108043,0.16239999,2.2430043,0.09038065379143266
3,2,559807.7403019331,0.16239999,2.2433097,0.09060603698695625
3,2,559812.7404958233,0.16239999,2.2436917,0.09083142325343531
3,2,559817.7406897135,0.16239999,2.243997,0.09105681397918454
3,2,559822.7408836037,0.16239999,2.2444935,0.0912822066227364
3,2,559827.7410774939,0.16239999,2.2449324,0.09150759847515663
3,2,559832.7412713841,0.16239999,2.2451043,0.09173299224463775
3,2,559837.7414652742,0.16239999,2.2456007,0.09195838456691313
3,2,559842.7416591644,0.16239999,2.2460396,0.09218377583755478
3,2,559847.7418530546,0.16239999,2.2462306,0.09240916449416603
3,2,559852.7420469448,0.16239999,2.2466316,0.09263455482330182
3,2,559857.7422408354,0.16239999,2.2469943,0.09285994563013904
3,2,559862.7424347261,0.16239999,2.2472425,0.09308533642876737
3,2,559867.7426286167,0.16239999,2.2477388,0.09331072608247906
3,2,559872.7428225074,0.16239999,2.2480633,0.09353611286590341
3,2,559877.743016398,0.16239999,2.2483306,0.09376150096696542
3,2,559882.7432102887,0.16239999,2.2485788,0.09398688931401912
3,2,559887.7434041793,0.16239999,2.2489223,0.09421227803078387
3,2,559892.74359807,0.16239999,2.2492087,0.09443766605579036
3,2,559897.7437919606,0.16239999,2.2498577,0.09466305349368778
3,2,559902.7439858508,0.16239999,2.2500868,0.09488844168846983
3,2,559907.7441797415,0.16239999,2.2504878,0.09511382685537648
3,2,559912.7443736321,0.16239999,2.2506979,0.09533921105997359
3,2,559917.7445675228,0.16239999,2.2510414,0.09556459693194193
3,2,559922.7447614134,0.16239999,2.2513278,0.09578998414778556
3,2,559927.7449553041,0.16239999,2.2517476,0.0960153722301284
3,2,559932.7451491947,0.16239999,2.2520723,0.09624076085131876
3,2,559937.7453430854,0.16239999,2.252435,0.0964661476559781
3,2,559942.745536976,0.16239999,2.2527213,0.09669153529567533
3,2,559947.7457308667,0.16239999,2.2529504,0.09691692421727971
3,2,559952.7459247573,0.16239999,2.2534277,0.0971423109036561
3,2,559957.7461186477,0.16239999,2.2537713,0.09736769732397144
3,2,559962.7463125382,0.16239999,2.254172,0.09759308395238481
3,2,559967.7465064286,0.16239999,2.254535,0.09781847192108892
3,2,559972.746700319,0.16239999,2.2549167,0.09804386101953201
3,2,559977.7468942094,0.16239999,2.2551267,0.09826924811465389
3,2,559982.7470881001,0.16239999,2.2554703,0.09849463593697974
3,2,559987.7472819905,0.16239999,2.2557566,0.0987200205719108
3,2,559992.7474758809,0.16239999,2.2561195,0.09894540356898238
3,2,559997.7476697713,0.16239999,2.2567875,0.09917078516304423
3,2,560002.7478636617,0.16239999,2.256883,0.0993961667468963
3,2,560007.7480575523,0.16239999,2.2573793,0.09962155108104576
3,2,560012.7482514428,0.16239999,2.257475,0.09984693666389928
3,2,560017.7484453332,0.16239999,2.2578948,0.10007232242933839
3,2,560022.7486392237,0.16239999,2.2582002,0.10029770777269631
3,2,560027.7488331143,0.16239999,2.258544,0.10052309067630781
3,2,560032.7490270048,0.16239999,2.2588494,0.10074847624140246
3,2,560037.7492208953,0.16239999,2.2591357,0.10097386319917702
3,2,560042.7494147859,0.16239999,2.2595556,0.10119925023276952
3,2,560047.7496086764,0.16239999,2.259842,0.10142463637829253
3,2,560052.749802567,0.16239999,2.2601666,0.1016500240285729
3,2,560057.7499964575,0.16239999,2.2605674,0.10187541349647042
3,2,560062.750190348,0.16239999,2.26093,0.10210080205118173
3,2,560067.7503842381,0.16239999,2.261121,0.1023261903196467
3,2,560072.7505781285,0.16239999,2.2615983,0.10255157703445782
3,2,560077.7507720191,0.16239999,2.261942,0.10277696430471966
3,2,560082.7509659096,0.16239999,2.2622664,0.10300235258306494
3,2,560087.7511598001,0.16239999,2.2624955,0.10322774280892823
3,2,560092.7513536906,0.16239999,2.2629347,0.10345313265082832
3,2,560097.7515475812,0.16239999,2.263202,0.10367852004843467
3,2,560102.7517414717,0.16239999,2.2635837,0.10390390725752394
3,2,560107.7519353622,0.16239999,2.2639465,0.10412929482669728
3,2,560112.7521292528,0.16239999,2.2641563,0.10435468340231822
3,2,560117.7523231432,0.16239999,2.2645192,0.1045800731657662
3,2,560122.7525170336,0.16239999,2.26492,0.10480546239371445
3,2,560127.752710924,0.16239999,2.26513,0.10503085120855699
3,2,560132.7529048144,0.16239999,2.2656074,0.10525624006860716
3,2,560137.7530987049,0.16239999,2.2657218,0.10548162997418324
3,2,560142.7532925955,0.16239999,2.2660844,0.10570701810820331
3,2,560147.7534864859,0.16239999,2.2664473,0.10593240720925824
3,2,560152.7536803763,0.16239999,2.266829,0.10615779598015229
3,2,560157.7538742668,0.16239999,2.2668862,0.10638318345344411
3,2,560162.7540681572,0.16239999,2.267459,0.10660857322782208
3,2,560167.7542620478,0.16239999,2.2678027,0.10683396146336459
3,2,560172.7544559385,0.16239999,2.267879,0.10705935051547417
3,2,560177.7546498291,0.16239999,2.2683372,0.10728474019430094
3,2,560182.7548437198,0.16239999,2.2687762,0.10751012854057729
3,2,560187.7550376104,0.16239999,2.269101,0.10773551730109682
3,2,560192.7552315011,0.16239999,2.2692916,0.10796090893697835
3,2,560197.7554253917,0.16239999,2.2697308,0.10818629840249665
3,2,560202.7556192824,0.16239999,2.2699027,0.10841168521995029
3,2,560207.755813173,0.16239999,2.2702844,0.10863707310579565
3,2,560212.7560070637,0.16239999,2.2705708,0.10886246026949929
3,2,560217.7562009543,0.16239999,2.2709715,0.10908784555731976
3,2,560222.756394845,0.16239999,2.2712007,0.10931323115384262
3,2,560227.7565887356,0.16239999,2.2715635,0.10953861983489094
3,2,560232.7567826258,0.16239999,2.2719452,0.10976400713426386
3,2,560237.7569765165,0.16239999,2.272079,0.10998939597165268
3,2,560242.7571704071,0.16239999,2.272537,0.1102147833087868
3,2,560247.7573642978,0.16239999,2.2728615,0.11044017132126886
3,2,560252.7575581884,0.16239999,2.2729952,0.11066556056093688
3,2,560257.757752079,0.16239999,2.273568,0.11089094914605317
3,2,560262.7579459697,0.16239999,2.2736251,0.11111633864327203
3,2,560267.7581398599,0.16239999,2.2741978,0.11134173025854029
3,2,560272.7583337501,0.16239999,2.2745416,0.11156712122536382
3,2,560277.7585276403,0.16239999,2.2746942,0.11179251168729958
3,2,560282.7587215304,0.16239999,2.2750762,0.11201790259380404
3,2,560287.7589154206,0.16239999,2.2753625,0.11224329416451286
3,2,560292.7591093108,0.16239999,2.2756298,0.11246868310493244
3,2,560297.759303201,0.16239999,2.2762215,0.11269407266763694
3,2,560302.7594970912,0.16239999,2.2765841,0.1129194623777073
3,2,560307.7596909814,0.16239999,2.2766798,0.11314484779962994
3,2,560312.7598848715,0.16239999,2.2771378,0.11337023432120115
3,2,560317.7600787617,0.16239999,2.277386,0.11359561771485968
3,2,560322.7602726519,0.16239999,2.2776532,0.11382098981404236
3,2,560327.7604665421,0.16239999,2.2780924,0.11404636049744667
3,2,560332.7606604323,0.16239999,2.2781687,0.11427173290116603
3,2,560337.7608543225,0.16239999,2.2786078,0.1144971058961378
3,2,560342.7610482126,0.16239999,2.279085,0.11472249119407202
3,2,560347.7612421028,0.16239999,2.2791996,0.11494788008074312
3,2,560352.761435993,0.16239999,2.279486,0.11517327026488565
3,2,560357.7616298832,0.16239999,2.2799442,0.11539866053490273
3,2,560362.7618237734,0.16239999,2.2802114,0.11562405199426924
3,2,560367.7620176636,0.16239999,2.2804787,0.11584944233301131
3,2,560372.7622115538,0.16239999,2.2808414,0.1160748326969115
3,2,560377.7624054439,0.16239999,2.2812421,0.11630022320588113
3,2,560382.7625993341,0.16239999,2.2815669,0.116525610550489
3,2,560387.7627932243,0.16239999,2.2818723,0.11675100078832042
3,2,560392.7629871145,0.16239999,2.2823493,0.11697639212495187
3,2,560397.7631810047,0.16239999,2.282464,0.11720178542987356
3,2,560402.7633748949,0.16239999,2.2828076,0.1174271795430367
3,2,560407.763568785,0.16239999,2.2830558,0.11765257169477077
3,2,560412.7637626752,0.16239999,2.283495,0.1178779633037052
3,2,560417.7639565654,0.16239999,2.2836666,0.11810335585948509
3,2,560422.7641504556,0.16239999,2.284163,0.11832874646890675
3,2,560427.7643443458,0.16239999,2.2844493,0.1185541343240193
3,2,560432.764538236,0.16239999,2.2846594,0.11877952441864392
3,2,560437.7647321261,0.16239999,2.2849457,0.11900491518657007
3,2,560442.7649260163,0.16239999,2.285423,0.11923030302936516
3,2,560447.7651199065,0.16239999,2.2855947,0.11945569077236717
3,2,560452.7653137967,0.16239999,2.2859194,0.11968108291634684
3,2,560457.7655076869,0.16239999,2.286244,0.11990647397613871
3,2,560462.7657015771,0.16239999,2.2866828,0.12013186051466247
3,2,560467.7658954673,0.16239999,2.286931,0.12035724892458086
3,2,560472.7660893574,0.16239999,2.2872174,0.1205826369495625
3,2,560477.7662832476,0.16239999,2.2876375,0.12080802725998906
3,2,560482.7664771378,0.16239999,2.287943,0.12103341695477166
3,2,560487.766671028,0.16239999,2.2883055,0.12125880655497989
3,2,560492.7668649182,0.16239999,2.2885156,0.12148419884787597
3,2,560497.7670588084,0.16239999,2.2886875,0.12170959093941679
3,2,560502.7672526985,0.16239999,2.2893174,0.12193498046439072
3,2,560507.7674465887,0.16239999,2.2894511,0.12216036799692791
3,2,560512.7676404789,0.16239999,2.28989,0.12238575301609782
3,2,560517.7678343691,0.16239999,2.290253,0.12261113793948224
3,2,560522.7680282593,0.16239999,2.2905393,0.12283652465157638
3,2,560527.7682221495,0.16239999,2.2907493,0.12306191309831305
3,2,560532.7684160396,0.16239999,2.2912836,0.12328730176624256
3,2,560537.7686099298,0.16239999,2.2915509,0.12351268924087548
3,2,560542.76880382,0.16239999,2.2916656,0.12373807682218499
3,2,560547.7689977102,0.16239999,2.2922,0.12396346473778633
3,2,560552.7691916004,0.16239999,2.2924292,0.12418884985556053
3,2,560557.7693854906,0.16239999,2.2926583,0.12441423491227971
3,2,560562.7695793808,0.16239999,2.2929828,0.1246396205095824
3,2,560567.7697732709,0.16239999,2.2933645,0.12486500349173377
3,2,560572.7699671611,0.16239999,2.2936318,0.125090388077818
3,2,560577.7701610513,0.16239999,2.2939754,0.12531577035915534
3,2,560582.7703549415,0.16239999,2.294281,0.12554115188712806
3,2,560587.7705488317,0.16239999,2.294529,0.12576653411642807
3,2,560592.7707427219,0.16239999,2.2949872,0.12599191619067818
3,2,560597.770936612,0.16239999,2.2954073,0.1262173012646587
3,2,560602.7711305022,0.16239999,2.295579,0.12644268594634628
3,2,560607.7713243924,0.16239999,2.2959418,0.12666806986974605
3,2,560612.7715182826,0.16239999,2.2962282,0.12689345431389257
3,2,560617.7717121728,0.16239999,2.2965145,0.1271188379181517
3,2,560622.771906063,0.16239999,2.296858,0.12734422121244268
3,2,560627.7720999531,0.16239999,2.2971826,0.12756960370346668
3,2,560632.7722938433,0.16239999,2.297507,0.12779498399797923
3,2,560637.7724877335,0.16239999,2.2976599,0.12802036778978684
3,2,560642.7726816237,0.16239999,2.2980416,0.12824575249200906
3,2,560647.7728755139,0.16239999,2.2983663,0.12847113911230046
3,2,560652.7730694041,0.16239999,2.2986717,0.12869652372145912
3,2,560657.7732632942,0.16239999,2.2989962,0.12892190901671693
3,2,560662.7734571844,0.16239999,2.2994354,0.12914729603710784
3,2,560667.7736510746,0.16239999,2.299607,0.12937268317445297
3,2,560672.7738449648,0.16239999,2.2998743,0.12959806973951984
3,2,560677.774038855,0.16239999,2.3001606,0.12982345896121625
3,2,560682.7742327452,0.16239999,2.300638,0.13004884963151908
3,2,560687.7744266354,0.16239999,2.3008862,0.13027424311190194
3,2,560692.7746205255,0.16239999,2.3013635,0.1304996352097857
3,2,560697.7748144157,0.16239999,2.3013635,0.13072502627744043
3,2,560702.7750083059,0.16239999,2.3018599,0.13095041786769873
3,2,560707.7752021961,0.16239999,2.3022797,0.1311758080044332
3,2,560712.7753960863,0.16239999,2.302375,0.13140119892665922
3,2,560717.7755899765,0.16239999,2.3029096,0.13162658773932204
3,2,560722.7757838666,0.16239999,2.3030815,0.13185197773554436
3,2,560727.7759777568,0.16239999,2.303578,0.1320773666785998
3,2,560732.776171647,0.16239999,2.3038833,0.13230275765663563
3,2,560737.7763655372,0.16239999,2.3041315,0.13252814721059564
3,2,560742.7765594274,0.16239999,2.304475,0.13275353805314927
3,2,560747.7767533176,0.16239999,2.3047614,0.13297892840274933
3,2,560752.7769472077,0.16239999,2.3051243,0.13320431939184182
3,2,560757.7771410979,0.16239999,2.305315,0.13342971190986547
3,2,560762.7773349881,0.16239999,2.3056588,0.13365510273765951
3,2,560767.7775288783,0.16239999,2.3060405,0.13388049565048696
3,2,560772.7777227685,0.16239999,2.3063078,0.13410588717356836
3,2,560777.7779166587,0.16239999,2.3064032,0.13433127561112426
3,2,560782.7781105489,0.16239999,2.3068805,0.13455666224985338
3,2,560787.778304439,0.16239999,2.3071096,0.13478205065703822
3,2,560792.7784983292,0.16239999,2.3075294,0.1350074416938351
3,2,560797.7786922194,0.16239999,2.3078923,0.1352328303068977
3,2,560802.7788861096,0.16239999,2.3082168,0.1354582211762105
3,2,560807.7790799998,0.16239999,2.3083887,0.13568361234677265
3,2,560812.77927389,0.16239999,2.3086178,0.13590900313194854
3,2,560817.7794677801,0.16239999,2.3089995,0.13613439495074348
3,2,560822.7796616703,0.16239999,2.309343,0.13635978333634813
3,2,560827.7798555605,0.16239999,2.309534,0.13658517386894273
3,2,560832.7800494507,0.16239999,2.3098204,0.13681056596230315
3,2,560837.7802433409,0.16239999,2.3102212,0.13703595773150537
3,2,560842.7804372311,0.16239999,2.3105075,0.13726134898243528
3,2,560847.7806311212,0.16239999,2.3109086,0.13748673994646235
3,2,560852.7808250114,0.16239999,2.311233,0.1377121301336588
3,2,560857.7810189016,0.16239999,2.3115575,0.1379375223791485
3,2,560862.7812127918,0.16239999,2.3117104,0.13816291332185285
3,2,560867.781406682,0.16239999,2.312073,0.1383883055408375
3,2,560872.7816005722,0.16239999,2.312264,0.13861369894837025
3,2,560877.7817944624,0.16239999,2.312684,0.138839092390881
3,2,560882.7819883525,0.16239999,2.3130467,0.13906448749035863
3,2,560887.7821822427,0.16239999,2.3134284,0.13928988217059954
3,2,560892.7823761329,0.16239999,2.3136003,0.13951527734346125
3,2,560897.7825700231,0.16239999,2.3140585,0.1397406714466605
3,2,560902.7827639133,0.16239999,2.3142684,0.1399660651295253
3,2,560907.7829578035,0.16239999,2.3144975,0.14019145773841044
3,2,560912.7831516936,0.16239999,2.314822,0.14041685182031674
3,2,560917.7833455838,0.16239999,2.3151083,0.14064224672266773
3,2,560922.783539474,0.16239999,2.3155665,0.1408676380652199
3,2,560927.7837333642,0.16239999,2.3156621,0.14109303002303852
3,2,560932.7839272544,0.16239999,2.3159485,0.14131841960689603
3,2,560937.7841211446,0.16239999,2.3164065,0.14154380895778465
3,2,560942.7843150347,0.16239999,2.3166547,0.14176920106768784
3,2,560947.7845089249,0.16239999,2.3168838,0.14199459116678034
3,2,560952.7847028151,0.16239999,2.3172083,0.14221998216356183
3,2,560957.7848967053,0.16239999,2.3175137,0.14244536855949225
3,2,560962.7850905955,0.16239999,2.317819,0.14267074547781394
3,2,560967.7852844857,0.16239999,2.318182,0.14289612285503261
3,2,560972.7854783759,0.16239999,2.318392,0.14312150065712478
3,2,560977.785672266,0.16239999,2.3187547,0.14334688265891468
3,2,560982.7858661562,0.16239999,2.3191173,0.14357227309561285
3,2,560987.7860600464,0.16239999,2.3193846,0.14379766669905364
3,2,560992.7862539366,0.16239999,2.319709,0.1440230615924093
3,2,560997.7864478268,0.16239999,2.3199956,0.1442484555635056
3,2,561002.786641717,0.16239999,2.3202055,0.144473851411731
3,2,561007.7868356071,0.16239999,2.3208356,0.14469924583681024
3,2,561012.7870294973,0.16239999,2.3210263,0.14492463718504223
3,2,561017.7872233875,0.16239999,2.3212364,0.1451500300260444
3,2,561022.7874172777,0.16239999,2.3214655,0.1453754200588772
3,2,561027.7876111679,0.16239999,2.3218856,0.14560080728285357
3,2,561032.7878050581,0.16239999,2.322172,0.14582619374636074
3,2,561037.7879989482,0.16239999,2.3223817,0.1460515806261327
3,2,561042.7881928384,0.16239999,2.3227255,0.14627696672816337
3,2,561047.7883867286,0.16239999,2.3231263,0.14650235365707023
3,2,561052.7885806188,0.16239999,2.3234317,0.1467277434674552
3,2,561057.788774509,0.16239999,2.3235273,0.1469531332574074
3,2,561062.7889683992,0.16239999,2.3238518,0.14717852355365715
3,2,561067.7891622894,0.16239999,2.3242526,0.14740391327178406
3,2,561072.7893561795,0.16239999,2.3243482,0.1476293038199429
3,2,561077.7895500697,0.16239999,2.3247871,0.14785469360313824
3,2,561082.7897439599,0.16239999,2.3251307,0.14808008218946733
3,2,561087.7899378501,0.16239999,2.3255126,0.14830547238170863
3,2,561092.7901317403,0.16239999,2.3256652,0.14853086342749508
3,2,561097.7903256305,0.16239999,2.3259325,0.1487562544406248
3,2,561102.7905195206,0.16239999,2.326429,0.14898164551175147
3,2,561107.7907134108,0.16239999,2.3266199,0.1492070358674312
3,2,561112.790907301,0.16239999,2.3269634,0.1494324272112392
3,2,561117.7911011912,0.16239999,2.3272116,0.149657818847105
3,2,561122.7912950814,0.16239999,2.327517,0.14988320819256545
3,2,561127.7914889716,0.16239999,2.3280325,0.15010859653398567
3,2,561132.7916828617,0.16239999,2.3282044,0.15033398155684527
3,2,561137.7918767519,0.16239999,2.3283954,0.1505593676931776
3,2,561142.7920706421,0.16239999,2.3288724,0.150784752536436
3,2,561147.7922645323,0.16239999,2.3291397,0.15101013491844062
3,2,561152.7924584225,0.16239999,2.3294835,0.15123551520795547
3,2,561157.7926523127,0.16239999,2.3296933,0.15146089963454346
3,2,561162.7928462029,0.16239999,2.329827,0.15168628735173004
3,2,561167.793040093,0.16239999,2.3302279,0.1519116739146677
3,2,561172.7932339832,0.16239999,2.3303807,0.15213705768731575
3,2,561177.7934278734,0.16239999,2.330686,0.1523624437628
3,2,561182.7936217636,0.16239999,2.3309724,0.1525878291471833
3,2,561187.7938156538,0.16239999,2.331316,0.15281321321846633
3,2,561192.794009544,0.16239999,2.3316023,0.15303859829107513
3,2,561197.7942034341,0.16239999,2.331908,0.1532639824438038
3,2,561202.7943973243,0.16239999,2.3323088,0.1534893680086625
3,2,561207.7945912145,0.16239999,2.3324807,0.15371475549335453
3,2,561212.7947851047,0.16239999,2.332767,0.15394014248555243
3,2,561217.7949789949,0.16239999,2.3331296,0.15416553087424245
3,2,561222.7951728851,0.16239999,2.3333397,0.15439091920355136
3,2,561227.7953667752,0.16239999,2.333645,0.15461630942730778
3,2,561232.7955606654,0.16239999,2.3340268,0.15484170015456453
3,2,561237.7957545556,0.16239999,2.3343322,0.15506709039473293
3,2,561242.7959484458,0.16239999,2.334447,0.1552924775787452
3,2,561247.796142336,0.16239999,2.3348477,0.15551786600274436
3,2,561252.7963362262,0.16239999,2.3352869,0.15574325392512986
3,2,561257.7965301163,0.16239999,2.335726,0.15596863861849086
3,2,561262.7967240065,0.16239999,2.3358214,0.15619402575191368
3,2,561267.7969178967,0.16239999,2.3362415,0.15641941103435483
3,2,561272.7971117869,0.16239999,2.3364131,0.15664479820131189
3,2,561277.7973056771,0.16239999,2.336566,0.15687018731616945
3,2,561282.7974995673,0.16239999,2.3369668,0.1570955732676744
3,2,561287.7976934575,0.16239999,2.337234,0.15732096040672572
3,2,561292.7978873476,0.16239999,2.3375013,0.15754634647646806
3,2,561297.7980812378,0.16239999,2.3376923,0.1577717321496483
3,2,561302.798275128,0.16239999,2.3379786,0.15799711694905091
3,2,561307.7984690182,0.16239999,2.338284,0.15822250177580544
3,2,561312.7986629084,0.16239999,2.3386657,0.1584478863905769
3,2,561317.7988567986,0.16239999,2.3390286,0.1586732748713056
3,2,561322.7990506887,0.16239999,2.3390477,0.15889865969022707
3,2,561327.7992445789,0.16239999,2.3394675,0.159124045165577
3,2,561332.7994384691,0.16239999,2.3396204,0.15934943204722565
3,2,561337.7996323593,0.16239999,2.3400595,0.15957481739479148
3,2,561342.7998262495,0.16239999,2.3403268,0.15980020313441848
3,2,561347.8000201397,0.16239999,2.3406513,0.16002558721627308
3,2,561352.8002140298,0.16239999,2.3409758,0.1602509696964093
3,2,561357.80040792,0.16239999,2.341243,0.16047635428084614
3,2,561362.8006018102,0.16239999,2.341453,0.16070173683740213
3,2,561367.8007957004,0.16239999,2.3418157,0.16092712053788633
3,2,561372.8009895906,0.16239999,2.3419304,0.16115250655315166
3,2,561377.8011834808,0.16239999,2.342293,0.16137789085480003
3,2,561382.801377371,0.16239999,2.3425412,0.16160327384979373
3,2,561387.8015712611,0.16239999,2.3428848,0.1618286589776403
3,2,561392.8017651513,0.16239999,2.3430758,0.16205404211192756
3,2,561397.8019590415,0.16239999,2.3432093,0.16227942483544527
3,2,561402.8021529317,0.16239999,2.343553,0.16250480755397773
3,2,561407.8023468219,0.16239999,2.3438776,0.1627301892207084
3,2,561412.8025407121,0.16239999,2.344011,0.1629555689625642
3,2,561417.8027346022,0.16239999,2.3444693,0.16318095132791924
3,2,561422.8029284924,0.16239999,2.3445456,0.16340633361521953
3,2,561427.8031223826,0.16239999,2.344851,0.16363171789732253
3,2,561432.8033162728,0.16239999,2.3451564,0.16385710123795694
3,2,561437.803510163,0.16239999,2.3455002,0.1640824847265011
3,2,561442.8037040532,0.16239999,2.345672,0.16430786615636458
3,2,561447.8038979433,0.16239999,2.345901,0.1645332463313003
3,2,561452.8040918335,0.16239999,2.3462255,0.16475862821308865
3,2,561457.8042857237,0.16239999,2.3465312,0.16498401091539372
3,2,561462.8044796139,0.16239999,2.3469129,0.16520939521522995
3,2,561467.8046735041,0.16239999,2.3470273,0.16543478061269648
3,2,561472.8048673947,0.16239999,2.347371,0.16566016647295995
3,2,561477.8050612854,0.16239999,2.3477337,0.16588555411585182
3,2,561482.805255176,0.16239999,2.3478866,0.16611093827695245
3,2,561487.8054490667,0.16239999,2.3482683,0.16633632491783396
3,2,561492.8056429573,0.16239999,2.3485546,0.16656171205124767
3,2,561497.805836848,0.16239999,2.3487647,0.16678709804569694
3,2,561502.8060307386,0.16239999,2.34907,0.16701248277659314
3,2,561507.8062246293,0.16239999,2.349242,0.16723787059700834
3,2,561512.8064185199,0.16239999,2.3495855,0.16746325639566792
3,2,561517.8066124106,0.16239999,2.3499672,0.16768864196569652
3,2,561522.8068063012,0.16239999,2.3501964,0.16791402715321146
3,2,561527.8070001919,0.16239999,2.3504446,0.16813941265503
3,2,561532.8071940825,0.16239999,2.3506927,0.1683647992534316
3,2,561537.8073879732,0.16239999,2.350788,0.16859018341674337
3,2,561542.8075818638,0.16239999,2.3512464,0.16881556705030729
3,2,561547.8077757545,0.16239999,2.3515518,0.1690409500189607
3,2,561552.8079696451,0.16239999,2.3517618,0.16926633240838776
3,2,561557.8081635358,0.16239999,2.3520482,0.16949171818088504
3,2,561562.8083574264,0.16239999,2.3520482,0.1697171028370072
3,2,561567.8085513171,0.16239999,2.3524873,0.16994248757735486
3,2,561572.8087452075,0.16239999,2.3527737,0.17016787434831604
3,2,561577.8089390979,0.16239999,2.3529453,0.1703932622997265
3,2,561582.8091329883,0.16239999,2.3532317,0.17061865071684382
3,2,561587.8093268787,0.16239999,2.3536136,0.17084403882508487
3,2,561592.8095207692,0.16239999,2.353537,0.1710694251809684
3,2,561597.8097146596,0.16239999,2.3540907,0.17129481077901532
3,2,561602.80990855,0.16239999,2.3544536,0.17152019624362233
3,2,561607.8101024404,0.16239999,2.3545108,0.1717455807458006
3,2,561612.8102963308,0.16239999,2.3547971,0.1719709644264265
3,2,561617.8104902213,0.16239999,2.3551025,0.17219634958262833
3,2,561622.8106841113,0.16239999,2.3553889,0.17242173450986553
3,2,561627.8108780019,0.16239999,2.355637,0.1726471194653512
3,2,561632.8110718924,0.16239999,2.355828,0.1728725036207819
3,2,561637.8112657829,0.16239999,2.3561716,0.1730978899003442
3,2,561642.8114596735,0.16239999,2.3563054,0.17332327579103418
3,2,561647.811653564,0.16239999,2.356687,0.17354866128828716
3,2,561652.8118474545,0.16239999,2.3568015,0.1737740478834552
3,2,561657.812041345,0.16239999,2.3570306,0.1739994341443273
3,2,561662.8122352356,0.16239999,2.357336,0.17422481955205907
3,2,561667.8124291261,0.16239999,2.3574317,0.1744502054979893
3,2,561672.8126230167,0.16239999,2.3577752,0.17467559184334353
3,2,561677.8128169072,0.16239999,2.3580234,0.17490097965298684
3,2,561682.8130107976,0.16239999,2.3581378,0.17512636611759008
3,2,561687.8132046883,0.16239999,2.3587298,0.1753517503030988
3,2,561692.8133985787,0.16239999,2.358558,0.1755771346665903
3,2,561697.8135924694,0.16239999,2.3589206,0.17580252031555862
3,2,561702.81378636,0.16239999,2.3593407,0.1760279049030394
3,2,561707.8139802505,0.16239999,2.3593597,0.17625329134528925
3,2,561712.814174141,0.16239999,2.3597224,0.17647867602554881
3,2,561717.8143680316,0.16239999,2.3600469,0.17670405782343454
3,2,561722.8145619221,0.16239999,2.360276,0.17692944388254325
3,2,561727.8147558125,0.16239999,2.360505,0.17715482957859757
3,2,561732.8149497029,0.16239999,2.360658,0.17738021687069624
3,2,561737.8151435931,0.16239999,2.3610396,0.17760560135676967
3,2,561742.8153374835,0.16239999,2.3611925,0.17783098661407834
3,2,561747.815531374,0.16239999,2.3616123,0.17805637146660028
3,2,561752.8157252644,0.16239999,2.361746,0.1782817538032913
3,2,561757.8159191548,0.16239999,2.3618224,0.17850713714023933
3,2,561762.8161130452,0.16239999,2.3622234,0.17873252120974914
3,2,561767.8163069356,0.16239999,2.362357,0.1789579068322646
3,2,561772.8165008263,0.16239999,2.362796,0.17918329451261797
3,2,561777.8166947169,0.16239999,2.3629105,0.1794086837520186
3,2,561782.8168886076,0.16239999,2.363235,0.17963407229259368
3,2,561787.8170824978,0.16239999,2.3633878,0.1798594572187257
3,2,561792.8172763884,0.16239999,2.3635213,0.18008484231004207
3,2,561797.817470279,0.16239999,2.3637123,0.1803102262811628
3,2,561802.8176641697,0.16239999,2.364113,0.18053561149107836
3,2,561807.8178580604,0.16239999,2.3643422,0.18076099640204432
3,2,561812.818051951,0.16239999,2.3645332,0.1809863807843891
3,2,561817.8182458417,0.16239999,2.364705,0.1812117676463484
3,2,561822.8184397323,0.16239999,2.364915,0.18143715474107538
3,2,561827.818633623,0.16239999,2.3650677,0.18166254117421732
3,2,561832.8188275136,0.16239999,2.365335,0.18188792547656935
3,2,561837.8190214043,0.16239999,2.3656976,0.1821133105081006
3,2,561842.8192152949,0.16239999,2.3658314,0.18233869600431876
3,2,561847.8194091856,0.16239999,2.3658504,0.1825640793987265
3,2,561852.8196030762,0.16239999,2.3660605,0.18278946165804738
3,2,561857.8197969669,0.16239999,2.366385,0.1830148356458264
3,2,561862.8199908575,0.16239999,2.366557,0.18324020196195864
3,2,561867.8201847482,0.16239999,2.3667476,0.18346556730197874
3,2,561872.8203786388,0.16239999,2.3671105,0.1836909326479146
3,2,561877.820572529,0.16239999,2.367435,0.18391630098975376
3,2,561882.8207664192,0.16239999,2.367435,0.1841416713752822
3,2,561887.8209603094,0.16239999,2.3678167,0.18436704345784843
3,2,561892.8211541995,0.16239999,2.368122,0.18459241465894557
3,2,561897.8213480897,0.16239999,2.3682368,0.18481778592584708
3,2,561902.8215419799,0.16239999,2.368466,0.18504315919123768
3,2,561907.8217358701,0.16239999,2.368504,0.18526853041843752
3,2,561912.8219297603,0.16239999,2.3688095,0.18549390222626524
3,2,561917.8221236505,0.16239999,2.369172,0.18571927201736235
3,2,561922.8223175406,0.16239999,2.3694584,0.18594464033406324
3,2,561927.8225114308,0.16239999,2.369573,0.18617000870277994
3,2,561932.822705321,0.16239999,2.3696494,0.18639537832007985
3,2,561937.8228992112,0.16239999,2.3698785,0.18662075047188018
3,2,561942.8230931014,0.16239999,2.3700693,0.1868461303648122
3,2,561947.8232869916,0.16239999,2.3705657,0.18707151176825096
3,2,561952.8234808818,0.16239999,2.3707757,0.18729689368217203
3,2,561957.8236747719,0.16239999,2.370871,0.18752227549250686
3,2,561962.8238686621,0.16239999,2.3711767,0.1877476594520494
3,2,561967.8240625523,0.16239999,2.3713484,0.18797304657878908
3,2,561972.8242564425,0.16239999,2.371463,0.18819843312307463
3,2,561977.8244503327,0.16239999,2.3717685,0.1884238216435075
3,2,561982.8246442229,0.16239999,2.3718448,0.18864921345300079
3,2,561987.824838113,0.16239999,2.372131,0.18887460352078758
3,2,561992.8250320032,0.16239999,2.3723602,0.1890999937432029
3,2,561997.8252258934,0.16239999,2.3723793,0.1893253848751669
3,2,562002.8254197836,0.16239999,2.3727038,0.18955077315559915
3,2,562007.8256136738,0.16239999,2.373143,0.18977616348962584
3,2,562012.825807564,0.16239999,2.3731048,0.1900015519636813
3,2,562017.8260014541,0.16239999,2.373353,0.19022694121680672
3,2,562022.8261953443,0.16239999,2.373582,0.19045232994735173
3,2,562027.8263892345,0.16239999,2.3737729,0.19067771829861418
3,2,562032.8265831247,0.16239999,2.3738875,0.19090310821835382
3,2,562037.8267770149,0.16239999,2.374193,0.1911284994773494
3,2,562042.8269709051,0.16239999,2.3743265,0.19135389096699423
3,2,562047.8271647952,0.16239999,2.3744793,0.19157928159969317
3,2,562052.8273586854,0.16239999,2.3745937,0.191804672003901
3,2,562057.8275525756,0.16239999,2.3747656,0.19203006276052875
3,2,562062.8277464658,0.16239999,2.3751855,0.19225545275569228
3,2,562067.827940356,0.16239999,2.3753955,0.19248083946805133
3,2,562072.8281342462,0.16239999,2.3754528,0.1927062271533875
3,2,562077.8283281364,0.16239999,2.3754528,0.19293161740576079
3,2,562082.8285220265,0.16239999,2.3758538,0.19315700561617496
3,2,562087.8287159167,0.16239999,2.376121,0.19338239405197916
3,2,562092.8289098069,0.16239999,2.376312,0.1936077810982782
3,2,562097.8291036971,0.16239999,2.376541,0.19383316746909354
3,2,562102.8292975873,0.16239999,2.3765793,0.1940585566041132
3,2,562107.8294914775,0.16239999,2.376789,0.1942839449001387
3,2,562112.8296853676,0.16239999,2.3770182,0.1945093361399366
3,2,562117.8298792578,0.16239999,2.3771136,0.19473472608987757
3,2,562122.830073148,0.16239999,2.3774002,0.19496011635422228
3,2,562127.8302670382,0.16239999,2.377648,0.19518550830066056
3,2,562132.8304609284,0.16239999,2.3777437,0.1954108989132595
3,2,562137.8306548186,0.16239999,2.3779347,0.19563628864766097
3,2,562142.8308487087,0.16239999,2.3781826,0.1958616773359082
3,2,562147.8310425989,0.16239999,2.3783545,0.19608706561923875
3,2,562152.8312364891,0.16239999,2.378679,0.19631245667088135
3,2,562157.8314303793,0.16239999,2.378889,0.19653784758031886
3,2,562162.8316242695,0.16239999,2.3790228,0.19676323679946137
3,2,562167.8318181597,0.16239999,2.3793283,0.19698862510551285
3,2,562172.8320120499,0.16239999,2.3793283,0.19721401211605077
3,2,562177.83220594,0.16239999,2.3795955,0.19743940101423135
3,2,562182.8323998302,0.16239999,2.3796146,0.19766478940377902
3,2,562187.8325937204,0.16239999,2.3799772,0.19789018172006081
3,2,562192.8327876106,0.16239999,2.3800535,0.1981155734429047
3,2,562197.8329815008,0.16239999,2.3803208,0.19834096287687228
3,2,562202.833175391,0.16239999,2.3804355,0.1985663512627584
3,2,562207.8333692811,0.16239999,2.3806071,0.1987917375341681
3,2,562212.8335631713,0.16239999,2.380779,0.19901712589323048
3,2,562217.8337570615,0.16239999,2.3808362,0.19924251299121667
3,2,562222.8339509517,0.16239999,2.3812373,0.19946790047301374
3,2,562227.8341448419,0.16239999,2.3812563,0.1996932884912551
3,2,562232.8343387321,0.16239999,2.3814664,0.19991867883104603
3,2,562237.8345326222,0.16239999,2.381638,0.2001440691790235
3,2,562242.8347265124,0.16239999,2.381829,0.20036945764597772
3,2,562247.8349204026,0.16239999,2.3819625,0.20059484642776368
3,2,562252.8351142928,0.16239999,2.3820581,0.2008202357149366
3,2,562257.835308183,0.16239999,2.3820963,0.2010456250607754
3,2,562262.8355020732,0.16239999,2.382459,0.20127101573388295
3,2,562267.8356959634,0.16239999,2.3825927,0.20149640787334674
3,2,562272.8358898535,0.16239999,2.3829744,0.20172179805752155
3,2,562277.8360837437,0.16239999,2.3830316,0.2019471905146541
3,2,562282.8362776339,0.16239999,2.3831844,0.20217258330513638
3,2,562287.8364715241,0.16239999,2.383318,0.20239797642709415
3,2,562292.8366654143,0.16239999,2.3833563,0.20262337154429008
3,2,562297.8368593045,0.16239999,2.383547,0.2028487668016455
3,2,562302.8370531946,0.16239999,2.3838334,0.20307416153738664
3,2,562307.8372470848,0.16239999,2.3838334,0.2032995552878042
3,2,562312.837440975,0.16239999,2.3840435,0.20352494661578552
3,2,562317.8376348652,0.16239999,2.3841963,0.20375033955729935
3,2,562322.8378287554,0.16239999,2.3844254,0.20397573297046803
3,2,562327.8380226456,0.16239999,2.3846161,0.20420112628879664
3,2,562332.8382165357,0.16239999,2.384788,0.20442651870051043
3,2,562337.8384104259,0.16239999,2.3851316,0.20465190849355624
3,2,562342.8386043161,0.16239999,2.3851316,0.20487730015880548
3,2,562347.8387982063,0.16239999,2.385227,0.2051026915211464
3,2,562352.8389920965,0.16239999,2.3854752,0.2053280818811193
3,2,562357.8391859867,0.16239999,2.3855898,0.20555347307208033
3,2,562362.8393798769,0.16239999,2.3858,0.20577886306010454
3,2,562367.839573767,0.16239999,2.3857808,0.20600425236952488
3,2,562372.8397676572,0.16239999,2.385857,0.20622964163927254
3,2,562377.8399615474,0.16239999,2.3860862,0.20645503026652684
3,2,562382.8401554376,0.16239999,2.3862388,0.20668042045452795
3,2,562387.8403493278,0.16239999,2.386296,0.2069058102965067
3,2,562392.840543218,0.16239999,2.386487,0.20713119953296102
3,2,562397.8407371081,0.16239999,2.3867352,0.20735659259306408
3,2,562402.8409309983,0.16239999,2.386678,0.2075819857606426
3,2,562407.8411248885,0.16239999,2.3869643,0.20780737936073643
3,2,562412.8413187787,0.16239999,2.3871362,0.20803277465063436
3,2,562417.8415126689,0.16239999,2.3872697,0.2082581696029746
3,2,562422.8417065591,0.16239999,2.387537,0.20848356498848253
3,2,562427.8419004492,0.16239999,2.3876514,0.20870896057388372
3,2,562432.8420943394,0.16239999,2.3878424,0.20893435596542245
3,2,562437.8422882296,0.16239999,2.3878996,0.20915974884782917
3,2,562442.8424821198,0.16239999,2.3880906,0.20938514265867095
3,2,562447.84267601,0.16239999,2.3882244,0.20961053392695325
3,2,562452.8428699002,0.16239999,2.3883579,0.20983592633270493
3,2,562457.8430637904,0.16239999,2.3886251,0.2100613207312609
3,2,562462.8432576805,0.16239999,2.388778,0.21028671255463546
3,2,562467.8434515707,0.16239999,2.3889306,0.21051210224124228
3,2,562472.8436454609,0.16239999,2.3890643,0.2107374939659538
3,2,562477.8438393511,0.16239999,2.3891597,0.2109628857546459
3,2,562482.8440332413,0.16239999,2.389465,0.2111882751938537
3,2,562487.8442271315,0.16239999,2.3896942,0.21141366205158352
3,2,562492.8444210216,0.16239999,2.389656,0.2116390494987776
3,2,562497.8446149118,0.16239999,2.3898277,0.21186443534603816
3,2,562502.844808802,0.16239999,2.389847,0.21208982220828718
3,2,562507.8450026922,0.16239999,2.3899233,0.21231520899655937
3,2,562512.8451965824,0.16239999,2.3902097,0.21254059575168974
3,2,562517.8453904726,0.16239999,2.3903623,0.21276597912902073
3,2,562522.8455843627,0.16239999,2.3904197,0.2129913621088285
3,2,562527.8457782529,0.16239999,2.3906295,0.21321674556020667
3,2,562532.8459721431,0.16239999,2.3909159,0.21344213221473515
3,2,562537.8461660333,0.16239999,2.3907824,0.21366751620038535
3,2,562542.8463599235,0.16239999,2.3909924,0.21389289792583818
3,2,562547.8465538137,0.16239999,2.3912978,0.21411827943997186
3,2,562552.8467477039,0.16239999,2.3912787,0.2143436616306696
3,2,562557.846941594,0.16239999,2.3914697,0.21456904430927604
3,2,562562.8471354842,0.16239999,2.3917751,0.21479442924037678
3,2,562567.8473293744,0.16239999,2.3918324,0.21501981271416631
3,2,562572.8475232646,0.16239999,2.3918705,0.21524519749905272
3,2,562577.8477171548,0.16239999,2.3919086,0.21547058191394908
3,2,562582.847911045,0.16239999,2.3922906,0.21569596696137158
3,2,562587.8481049351,0.16239999,2.3923287,0.21592135194298395
3,2,562592.8482988253,0.16239999,2.3924623,0.21614673721977426
3,2,562597.8484927155,0.16239999,2.3925195,0.21637212259844793
3,2,562602.8486866057,0.16239999,2.3927295,0.2165975103215122
3,2,562607.8488804959,0.16239999,2.3927104,0.21682290073493227
3,2,562612.8490743861,0.16239999,2.3928442,0.2170482903196913
3,2,562617.8492682762,0.16239999,2.3931687,0.21727368495745894
3,2,562622.8494621664,0.16239999,2.3933022,0.2174990801236499
3,2,562627.8496560566,0.16239999,2.3936076,0.2177244749132753
3,2,562632.8498499468,0.16239999,2.3935885,0.2179498693062872
3,2,562637.850043837,0.16239999,2.3937795,0.21817525806582244
3,2,562642.8502377272,0.16239999,2.3937986,0.21840064731396758
3,2,562647.8504316173,0.16239999,2.3939705,0.21862603719348153
3,2,562652.8506255075,0.16239999,2.3940277,0.2188514275077857
3,2,562657.8508193977,0.16239999,2.394085,0.21907681663426945
3,2,562662.8510132879,0.16239999,2.3943713,0.21930220600875158
3,2,562667.8512071781,0.16239999,2.3943903,0.21952759545372696
3,2,562672.8514010683,0.16239999,2.3944285,0.21975298571742183
3,2,562677.8515949585,0.16239999,2.3946958,0.21997837386869248
3,2,562682.8517888486,0.16239999,2.3946576,0.22020376358638644
3,2,562687.8519827388,0.16239999,2.3950968,0.22042915494193324
3,2,562692.852176629,0.16239999,2.3952303,0.2206545474376217
3,2,562697.8523705192,0.16239999,2.3952878,0.2208799377363376
3,2,562702.8525644094,0.16239999,2.3954213,0.22110532502610672
3,2,562707.8527582996,0.16239999,2.3956885,0.22133071089054418
3,2,562712.8529521897,0.16239999,2.3956504,0.22155609873721024
3,2,562717.8531460799,0.16239999,2.3956313,0.22178148615330232
3,2,562722.8533399701,0.16239999,2.3959367,0.22200687586954754
3,2,562727.8535338603,0.16239999,2.395994,0.22223226711624303
3,2,562732.8537277505,0.16239999,2.3961086,0.2224576583402424
3,2,562737.8539216407,0.16239999,2.3962421,0.22268305040109346
3,2,562742.8541155308,0.16239999,2.396624,0.22290843824451026
3,2,562747.854309421,0.16239999,2.3969295,0.2231338270652429
3,2,562752.8545033112,0.16239999,2.3967195,0.22335921427250016
3,2,562757.8546972014,0.16239999,2.3969104,0.22358460110012882
3,2,562762.8548910916,0.16239999,2.3971393,0.2238099879454857
3,2,562767.8550849818,0.16239999,2.397044,0.22403537600331944
3,2,562772.855278872,0.16239999,2.3972921,0.22426076483394314
3,2,562777.8554727621,0.16239999,2.3972921,0.2244861527927686
3,2,562782.8556666523,0.16239999,2.3975403,0.2247115398337024
3,2,562787.8558605425,0.16239999,2.3975785,0.22493692496610954
3,2,562792.8560544327,0.16239999,2.3975213,0.22516231165007858
3,2,562797.8562483229,0.16239999,2.3977885,0.2253876966434314
3,2,562802.8564422131,0.16239999,2.3980558,0.22561308185940343
3,2,562807.8566361032,0.16239999,2.398094,0.22583846721818404
3,2,562812.8568299934,0.16239999,2.3982468,0.2260638530330561
3,2,562817.8570238836,0.16239999,2.3981512,0.226289242533583
3,2,562822.8572177738,0.16239999,2.398514,0.22651463098282473
3,2,562827.857411664,0.16239999,2.3986094,0.22674002217949868
3,2,562832.8576055542,0.16239999,2.398743,0.2269654152745342
3,2,562837.8577994443,0.16239999,2.3988576,0.22719080535001582
3,2,562842.8579933345,0.16239999,2.3990293,0.22741619475640382
3,2,562847.8581872247,0.16239999,2.399144,0.22764158554201433
3,2,562852.8583811149,0.16239999,2.399335,0.22786697835758768
3,2,562857.8585750051,0.16239999,2.3992012,0.22809236881058192
3,2,562862.8587688953,0.16239999,2.3994875,0.22831775831285725
3,2,562867.8589627855,0.16239999,2.3992584,0.22854314771922374
3,2,562872.8591566756,0.16239999,2.3995638,0.22876853588721596
3,2,562877.8593505658,0.16239999,2.3995447,0.22899392296286616
3,2,562882.859544456,0.16239999,2.3999648,0.2292193088209276
3,2,562887.8597383462,0.16239999,2.400003,0.22944469257257327
3,2,562892.8599322364,0.16239999,2.400022,0.22967007570517753
3,2,562897.8601261266,0.16239999,2.4001367,0.22989546042440032
3,2,562902.8603200167,0.16239999,2.4003847,0.23012084601333352
3,2,562907.8605139069,0.16239999,2.4003084,0.23034623433517942
3,2,562912.8607077971,0.16239999,2.4006712,0.2305716207015211
3,2,562917.8609016873,0.16239999,2.4006138,0.2307970037460802
3,2,562922.8610955775,0.16239999,2.4007475,0.23102238637937056
3,2,562927.8612894677,0.16239999,2.400843,0.23124776925551838
3,2,562932.8614833578,0.16239999,2.400843,0.2314731520336919
3,2,562937.861677248,0.16239999,2.4010339,0.23169853472772103
3,2,562942.8618711382,0.16239999,2.4011865,0.23192391598284853
3,2,562947.8620650284,0.16239999,2.4011865,0.23214929751440333
3,2,562952.8622589186,0.16239999,2.4013202,0.23237468210307538
3,2,562957.8624528088,0.16239999,2.401721,0.23260006522893273
3,2,562962.862646699,0.16239999,2.4016256,0.23282544659659543
3,2,562967.8628405891,0.16239999,2.4016256,0.23305082571352384
3,2,562972.8630344793,0.16239999,2.401721,0.23327620706685495
3,2,562977.8632283695,0.16239999,2.4018548,0.23350158730958845
3,2,562982.8634222597,0.16239999,2.4019692,0.23372696809874835
3,2,562987.8636161499,0.16239999,2.4022174,0.23395235037711623
3,2,562992.86381004,0.16239999,2.4022555,0.23417773125443306
3,2,562997.8640039302,0.16239999,2.4023702,0.234403112911925
3,2,563002.8641978204,0.16239999,2.4024847,0.23462849463123112
3,2,563007.8643917106,0.16239999,2.4026756,0.23485387809704272
3,2,563012.8645856008,0.16239999,2.40279,0.23507926197191106
3,2,563017.864779491,0.16239999,2.4030192,0.23530464826198944
3,2,563022.8649733812,0.16239999,2.402962,0.23553003328503613
3,2,563027.8651672713,0.16239999,2.4030192,0.23575541698305832
3,2,563032.8653611615,0.16239999,2.4032865,0.23598080008807393
3,2,563037.8655550517,0.16239999,2.4032102,0.23620618470632312
3,2,563042.8657489419,0.16239999,2.4033246,0.23643157008508206
3,2,563047.8659428321,0.16239999,2.4034774,0.23665695701386144
3,2,563052.8661367223,0.16239999,2.4035156,0.23688234641910122
3,2,563057.8663306125,0.16239999,2.4036684,0.23710773562845697
3,2,563062.8665245026,0.16239999,2.4037828,0.2373331208189687
3,2,563067.8667183928,0.16239999,2.4038782,0.23755850728858371
3,2,563072.866912283,0.16239999,2.404031,0.2377838931554691
3,2,563077.8671061732,0.16239999,2.4043174,0.23800927655555584
3,2,563082.8673000638,0.16239999,2.4043174,0.2382346625478287
3,2,563087.8674939545,0.16239999,2.4044127,0.23846005085412772
3,2,563092.8676878451,0.16239999,2.4046419,0.2386854366114341
3,2,563097.8678817358,0.16239999,2.4047182,0.23891082381275738
3,2,563102.8680756264,0.16239999,2.4047947,0.23913620849262207
3,2,563107.8682695171,0.16239999,2.4049664,0.23936159451313677
3,2,563112.8684634077,0.16239999,2.4049664,0.2395869783045189
3,2,563117.8686572984,0.16239999,2.405062,0.23981236415697085
3,2,563122.868851189,0.16239999,2.405043,0.24003775116645906
3,2,563127.8690450797,0.16239999,2.4053102,0.2402631417967705
3,2,563132.8692389703,0.16239999,2.4055774,0.240488531491539
3,2,563137.869432861,0.16239999,2.405501,0.2407139208412612
3,2,563142.8696267516,0.16239999,2.4056537,0.24093931127261398
3,2,563147.8698206423,0.16239999,2.4056728,0.24116470135942045
3,2,563152.8700145329,0.16239999,2.40573,0.24139009180866539
3,2,563157.8702084236,0.16239999,2.40594,0.24161548306313432
3,2,563162.8704023142,0.16239999,2.4060163,0.24184087391345063
3,2,563167.8705962049,0.16239999,2.4062073,0.2420662659031321
3,2,563172.8707900955,0.16239999,2.406093,0.24229165868299812
3,2,563177.8709839857,0.16239999,2.4062836,0.24251704833598628
3,2,563182.8711778761,0.16239999,2.4063408,0.24274243810466373
3,2,563187.8713717666,0.16239999,2.4066465,0.2429678267573982
3,2,563192.871565657,0.16239999,2.4066846,0.24319321457727777
3,2,563197.8717595474,0.16239999,2.4067228,0.24341859913576339
3,2,563202.8719534378,0.16239999,2.4068182,0.24364398533607798
3,2,563207.8721473282,0.16239999,2.4071617,0.24386937131490752
3,2,563212.8723412186,0.16239999,2.4070091,0.24409475613458234
3,2,563217.872535109,0.16239999,2.407181,0.24432013780809803
3,2,563222.8727289995,0.16239999,2.4072573,0.24454552031723853
3,2,563227.8729228899,0.16239999,2.4073336,0.2447709043567647
3,2,563232.8731167804,0.16239999,2.4073718,0.24499628846694393
3,2,563237.873310671,0.16239999,2.4074483,0.24522167336057488
3,2,563242.8735045615,0.16239999,2.407639,0.24544705857865956
3,2,563247.873698452,0.16239999,2.4077919,0.2456724454307021
3,2,563252.8738923428,0.16239999,2.4079063,0.24589783288576567
3,2,563257.8740862333,0.16239999,2.4079828,0.24612321876018442
3,2,563262.8742801239,0.16239999,2.4081163,0.24634860437942907
3,2,563267.8744740144,0.16239999,2.4083073,0.24657399167275212
3,2,563272.8746679049,0.16239999,2.4082882,0.2467993769025549
3,2,563277.8748617955,0.16239999,2.4083073,0.24702476431960313
3,2,563282.875055686,0.16239999,2.4084408,0.2472501519065221
3,2,563287.8752495765,0.16239999,2.4085171,0.2474755396682491
3,2,563292.8754434669,0.16239999,2.4086509,0.247700926535187
3,2,563297.8756373574,0.16239999,2.4087844,0.24792631439527074
3,2,563302.875831248,0.16239999,2.408708,0.24815170169218995
3,2,563307.8760251384,0.16239999,2.4089944,0.24837708886737908
3,2,563312.876219029,0.16239999,2.4091282,0.24860247555971676
3,2,563317.8764129195,0.16239999,2.409071,0.24882786391655887
3,2,563322.87660681,0.16239999,2.409319,0.24905324950156973
3,2,563327.8768007006,0.16239999,2.4092426,0.2492786364343799
3,2,563332.876994591,0.16239999,2.4094336,0.24950402109835332
3,2,563337.8771884814,0.16239999,2.4094718,0.2497294105864626
3,2,563342.8773823713,0.16239999,2.409529,0.24995480008589346
3,2,563347.8775762618,0.16239999,2.4097772,0.25018018774006057
3,2,563352.8777701522,0.16239999,2.4098344,0.25040557526438306
3,2,563357.8779640426,0.16239999,2.4099872,0.2506309639535368
3,2,563362.878157933,0.16239999,2.4098918,0.2508563509249103
3,2,563367.8783518237,0.16239999,2.4100063,0.2510817365668039
3,2,563372.8785457141,0.16239999,2.4101207,0.251307124969804
3,2,563377.8787396045,0.16239999,2.4101398,0.2515325136178148
3,2,563382.8789334949,0.16239999,2.4102354,0.2517579038570685
3,2,563387.8791273856,0.16239999,2.4103498,0.25198329227169064
3,2,563392.8793212762,0.16239999,2.4105027,0.2522086800709363
3,2,563397.8795151669,0.16239999,2.4106936,0.25243406566896415
3,2,563402.8797090575,0.16239999,2.41077,0.25265944912886
3,2,563407.8799029482,0.16239999,2.4109225,0.25288483247443083
3,2,563412.8800968388,0.16239999,2.4108272,0.25311021596895367
3,2,563417.8802907295,0.16239999,2.4108844,0.2533355980153287
3,2,563422.8804846201,0.16239999,2.410808,0.25356097868807076
3,2,563427.8806785108,0.16239999,2.4110372,0.25378636052819137
3,2,563432.8808724014,0.16239999,2.4112473,0.25401174454357517
3,2,563437.8810662921,0.16239999,2.4112089,0.2542371293611638
3,2,563442.8812601827,0.16239999,2.4112663,0.2544625151456466
3,2,563447.8814540734,0.16239999,2.411457,0.2546878991291742
3,2,563452.881647964,0.16239999,2.4115908,0.2549132820416155
3,2,563457.8818418547,0.16239999,2.4117053,0.2551386643002153
3,2,563462.8820357453,0.16239999,2.4117625,0.255364047268146
3,2,563467.882229636,0.16239999,2.411839,0.25558943006011303
3,2,563472.8824235266,0.16239999,2.4120107,0.25581480914544935
3,2,563477.8826174173,0.16239999,2.4120872,0.2560401920451369
3,2,563482.8828113079,0.16239999,2.4121253,0.256265574032067
3,2,563487.8830051981,0.16239999,2.4121444,0.256490955779456
3,2,563492.8831990883,0.16239999,2.4121253,0.2567163397379124
3,2,563497.8833929785,0.16239999,2.4121826,0.2569417214834959
3,2,563502.8835868686,0.16239999,2.4123545,0.25716710356876543
3,2,563507.8837807588,0.16239999,2.412507,0.25739248529028436
3,2,563512.883974649,0.16239999,2.412698,0.2576178677243735
3,2,563517.8841685392,0.16239999,2.4126408,0.2578432499086273
3,2,563522.8843624294,0.16239999,2.412717,0.2580686327138249
3,2,563527.8845563196,0.16239999,2.4129462,0.2582940141161204
3,2,563532.8847502097,0.16239999,2.4128315,0.2585193974370025
3,2,563537.8849440999,0.16239999,2.4131563,0.25874478242543875
3,2,563542.8851379901,0.16239999,2.4132516,0.25897016543568296
3,2,563547.8853318803,0.16239999,2.4132326,0.25919554719543664
3,2,563552.8855257705,0.16239999,2.4132898,0.2594209310500783
3,2,563557.8857196607,0.16239999,2.4132898,0.25964631789677134
3,2,563562.8859135509,0.16239999,2.4134045,0.25987170623668326
3,2,563567.886107441,0.16239999,2.4134045,0.260097097390494
3,2,563572.8863013312,0.16239999,2.413538,0.260322486064485
3,2,563577.8864952214,0.16239999,2.4135761,0.26054787480563135
3,2,563582.8866891116,0.16239999,2.4138052,0.26077326328461
3,2,563587.8868830018,0.16239999,2.4138052,0.2609986498040098
3,2,563592.887076892,0.16239999,2.4139962,0.2612240397927418
3,2,563597.8872707821,0.16239999,2.4140153,0.2614494283944911
3,2,563602.8874646723,0.16239999,2.4140344,0.2616748174849737
3,2,563607.8876585625,0.16239999,2.4142063,0.26190020232619143
3,2,563612.8878524527,0.16239999,2.4142063,0.26212558648489465
3,2,563617.8880463429,0.16239999,2.414187,0.2623509721066402
3,2,563622.8882402331,0.16239999,2.4144351,0.2625763585595477
3,2,563627.8884341232,0.16239999,2.4147215,0.2628017441112727
3,2,563632.8886280134,0.16239999,2.4144926,0.2630271281089912
3,2,563637.8888219036,0.16239999,2.414779,0.26325251232461105
3,2,563642.8890157938,0.16239999,2.4148743,0.26347789709367325
3,2,563647.889209684,0.16239999,2.4148362,0.26370328180933716
3,2,563652.8894035742,0.16239999,2.4151416,0.26392866927850384
3,2,563657.8895974644,0.16239999,2.4150653,0.26415405605234754
3,2,563662.8897913545,0.16239999,2.4151416,0.26437944112356143
3,2,563667.8899852447,0.16239999,2.4152179,0.26460482559679915
3,2,563672.8901791349,0.16239999,2.4154088,0.264830211257099
3,2,563677.8903730251,0.16239999,2.4155042,0.2650555958520535
3,2,563682.8905669153,0.16239999,2.4154851,0.2652809815944753
3,2,563687.8907608055,0.16239999,2.4155042,0.26550636642855374
3,2,563692.8909546956,0.16239999,2.4154088,0.2657317537065857
3,2,563697.8911485858,0.16239999,2.415657,0.2659571391483037
3,2,563702.891342476,0.16239999,2.415848,0.2661825243744847
3,2,563707.8915363662,0.16239999,2.4159243,0.2664079105096696
3,2,563712.8917302564,0.16239999,2.4159434,0.2666332955557899
3,2,563717.8919241466,0.16239999,2.4161344,0.2668586753240539
3,2,563722.8921180367,0.16239999,2.4161534,0.2670840518138877
3,2,563727.8923119269,0.16239999,2.4162297,0.26730942715751593
3,2,563732.8925058171,0.16239999,2.416325,0.2675348030908328
3,2,563737.8926997073,0.16239999,2.4163632,0.26776018102116017
3,2,563742.8928935975,0.16239999,2.4164207,0.2679855589242839
3,2,563747.8930874877,0.16239999,2.4164207,0.26821094013973623
3,2,563752.8932813779,0.16239999,2.4166498,0.2684363205604856
3,2,563757.893475268,0.16239999,2.4167833,0.26866170090982117
3,2,563762.8936691582,0.16239999,2.4166498,0.2688870811024487
3,2,563767.8938630484,0.16239999,2.416917,0.2691124606769247
3,2,563772.8940569386,0.16239999,2.4168787,0.2693378396678414
3,2,563777.8942508288,0.16239999,2.4168787,0.26956321769365216
3,2,563782.894444719,0.16239999,2.4170887,0.26978859556530044
3,2,563787.8946386091,0.16239999,2.4171078,0.270013972492331
3,2,563792.8948324993,0.16239999,2.4172416,0.27023935000677035
3,2,563797.8950263895,0.16239999,2.4172797,0.2704647269921738
3,2,563802.8952202797,0.16239999,2.417375,0.2706901028584147
3,2,563807.8954141699,0.16239999,2.417337,0.27091547892074663
3,2,563812.8956080601,0.16239999,2.4174132,0.2711408546324576
3,2,563817.8958019502,0.16239999,2.4174707,0.27136623201956317
3,2,563822.8959958404,0.16239999,2.4175088,0.2715916091783871
3,2,563827.8961897306,0.16239999,2.4175088,0.2718169867364438
3,2,563832.8963836208,0.16239999,2.417757,0.2720423668094746
3,2,563837.896577511,0.16239999,2.4176805,0.2722677459465626
3,2,563842.8967714012,0.16239999,2.4178905,0.27249312480213295
3,2,563847.8969652914,0.16239999,2.417757,0.27271850482276877
3,2,563852.8971591815,0.16239999,2.4180243,0.27294388513072465
3,2,563857.8973530717,0.16239999,2.4180243,0.2731692656098286
3,2,563862.8975469619,0.16239999,2.4181578,0.2733946475297979
3,2,563867.8977408521,0.16239999,2.4181006,0.27362003001734747
3,2,563872.8979347423,0.16239999,2.418177,0.27384541431187803
3,2,563877.8981286325,0.16239999,2.4184442,0.27407079653093347
3,2,563882.8983225226,0.16239999,2.4184823,0.2742961793839572
3,2,563887.8985164128,0.16239999,2.4185205,0.2745215637124806
3,2,563892.898710303,0.16239999,2.4185398,0.2747469461356
3,2,563897.8989041932,0.16239999,2.4187305,0.2749723317524149
3,2,563902.8990980834,0.16239999,2.4187496,0.2751977179884567
3,2,563907.8992919736,0.16239999,2.418826,0.27542310410503756
3,2,563912.8994858637,0.16239999,2.4189405,0.27564848913692397
3,2,563917.8996797539,0.16239999,2.4189405,0.275873872748863
3,2,563922.8998736441,0.16239999,2.4190934,0.276099254092154
3,2,563927.9000675343,0.16239999,2.4192078,0.27632463484598657
3,2,563932.9002614245,0.16239999,2.419246,0.2765500160215137
3,2,563937.9004553147,0.16239999,2.4191124,0.276775396856041
3,2,563942.9006492049,0.16239999,2.4193606,0.27700078017395446
3,2,563947.900843095,0.16239999,2.419456,0.2772261638425692
3,2,563952.9010369852,0.16239999,2.4194942,0.27745154791642024
3,2,563957.9012308754,0.16239999,2.4197042,0.27767692963155405
3,2,563962.9014247656,0.16239999,2.4196851,0.27790231071728516
3,2,563967.9016186558,0.16239999,2.4196851,0.2781276939467776
3,2,563972.901812546,0.16239999,2.420086,0.2783530768121618
3,2,563977.9020064361,0.16239999,2.4198377,0.27857845750335736
3,2,563982.9022003263,0.16239999,2.4199715,0.27880383781984003
3,2,563987.9023942165,0.16239999,2.420105,0.2790292157620801
3,2,563992.9025881067,0.16239999,2.4202769,0.2792545929754448
3,2,563997.9027819969,0.16239999,2.4203722,0.27947997199684765
3,2,564002.9029758871,0.16239999,2.4202387,0.27970535331574964
3,2,564007.9031697772,0.16239999,2.4202578,0.2799307372384971
3,2,564012.9033636674,0.16239999,2.4204488,0.2801561192101684
3,2,564017.9035575576,0.16239999,2.4204679,0.28038150094412817
3,2,564022.9037514478,0.16239999,2.4204679,0.2806068831623649
3,2,564027.903945338,0.16239999,2.420506,0.2808322637969153
3,2,564032.9041392282,0.16239999,2.4206395,0.2810576431915194
3,2,564037.9043331183,0.16239999,2.4207542,0.281283024429845
3,2,564042.9045270085,0.16239999,2.4208305,0.2815084051442979
3,2,564047.9047208987,0.16239999,2.4208305,0.28173378412281275
3,2,564052.9049147889,0.16239999,2.420945,0.2819591649199746
3,2,564057.9051086791,0.16239999,2.4207923,0.2821845474563188
3,2,564062.9053025693,0.16239999,2.4210024,0.2824099338087023
3,2,564067.9054964595,0.16239999,2.4212313,0.28263531890580856
3,2,564072.9056903496,0.16239999,2.4212506,0.2828607002864295
3,2,564077.9058842398,0.16239999,2.4212887,0.28308608017760817
3,2,564082.90607813,0.16239999,2.4214222,0.28331145689560444
3,2,564087.9062720202,0.16239999,2.421346,0.2835368376674558
3,2,564092.9064659104,0.16239999,2.4214222,0.28376221861313006
3,2,564097.9066598006,0.16239999,2.4214222,0.28398759732674944
3,2,564102.9068536907,0.16239999,2.4215941,0.284212976602588
3,2,564107.9070475809,0.16239999,2.421575,0.284438356479618
3,2,564112.9072414711,0.16239999,2.4216323,0.28466373510332627
3,2,564117.9074353613,0.16239999,2.4218233,0.28488911389157895
3,2,564122.9076292515,0.16239999,2.4218614,0.2851144932873056
3,2,564127.9078231417,0.16239999,2.4219186,0.2853398754121435
3,2,564132.9080170318,0.16239999,2.421995,0.28556525560543244
3,2,564137.908210922,0.16239999,2.422224,0.28579063483274536
3,2,564142.9084048122,0.16239999,2.4220715,0.28601601101635865
3,2,564147.9085987024,0.16239999,2.422186,0.2862413919554838
3,2,564152.9087925926,0.16239999,2.4222813,0.28646677337409276
3,2,564157.9089864828,0.16239999,2.4223578,0.28669215627454686
3,2,564162.909180373,0.16239999,2.4223387,0.2869175384081789
3,2,564167.9093742631,0.16239999,2.4223003,0.28714292200003033
3,2,564172.9095681533,0.16239999,2.422434,0.2873683059619943
3,2,564177.9097620435,0.16239999,2.4225676,0.2875936878990163
3,2,564182.9099559337,0.16239999,2.4227204,0.2878190693636707
3,2,564187.9101498239,0.16239999,2.4227586,0.2880444534006471
3,2,564192.9103437141,0.16239999,2.4226823,0.28826983807304135
3,2,564197.9105376042,0.16239999,2.4229496,0.2884952200981226
3,2,564202.9107314944,0.16239999,2.423083,0.2887206010345904
3,2,564207.9109253846,0.16239999,2.4231212,0.28894598255324827
3,2,564212.9111192748,0.16239999,2.423293,0.289171366429293
3,2,564217.911313165,0.16239999,2.4233122,0.2893967491857729
3,2,564222.9115070552,0.16239999,2.423255,0.2896221304490422
3,2,564227.9117009453,0.16239999,2.423274,0.2898475130785055
3,2,564232.9118948355,0.16239999,2.4234269,0.2900728930240552
3,2,564237.9120887257,0.16239999,2.423465,0.290298270732761
3,2,564242.9122826159,0.16239999,2.4236941,0.29052364969688543
3,2,564247.9124765061,0.16239999,2.4238276,0.29074903091207865
3,2,564252.9126703963,0.16239999,2.423904,0.29097441512750727
3,2,564257.9128642865,0.16239999,2.423923,0.2911997995508286
3,2,564262.9130581766,0.16239999,2.423942,0.2914251836999528
3,2,564267.9132520668,0.16239999,2.4239805,0.2916505667563906
3,2,564272.913445957,0.16239999,2.4239614,0.2918759496699801
3,2,564277.9136398472,0.16239999,2.424095,0.2921013294405463
3,2,564282.9138337374,0.16239999,2.4241521,0.29232670754807333
3,2,564287.9140276276,0.16239999,2.424324,0.2925520872041837
3,2,564292.9142215177,0.16239999,2.424496,0.29277746727969634
3,2,564297.9144154079,0.16239999,2.4243813,0.29300284748341443
3,2,564302.9146092981,0.16239999,2.4245722,0.2932282281115292
3,2,564307.9148031883,0.16239999,2.4245722,0.2934536093931841
3,2,564312.9149970785,0.16239999,2.4246294,0.29367899005914533
3,2,564317.9151909687,0.16239999,2.4246867,0.29390437589614227
3,2,564322.9153848588,0.16239999,2.4248204,0.2941297629384801
3,2,564327.915578749,0.16239999,2.4248204,0.29435514826834336
3,2,564332.9157726392,0.16239999,2.4248395,0.2945805301519621
3,2,564337.9159665294,0.16239999,2.424992,0.29480591425508396
3,2,564342.9161604196,0.16239999,2.4250112,0.2950312977927001
3,2,564347.9163543098,0.16239999,2.4251258,0.29525668257238186
3,2,564352.9165482,0.16239999,2.425164,0.2954820635020721
3,2,564357.9167420901,0.16239999,2.4252975,0.2957074462319866
3,2,564362.9169359803,0.16239999,2.425393,0.29593282691083567
3,2,564367.9171298705,0.16239999,2.4252784,0.2961582089907722
3,2,564372.9173237607,0.16239999,2.425393,0.29638359204505926
3,2,564377.9175176509,0.16239999,2.4256222,0.2966089719188607
3,2,564382.917711541,0.16239999,2.4255075,0.2968343491900005
3,2,564387.9179054312,0.16239999,2.4257557,0.29705972518835183
3,2,564392.9180993214,0.16239999,2.4256222,0.2972851005628213
3,2,564397.9182932116,0.16239999,2.4257367,0.29751047579967527
3,2,564402.9184871018,0.16239999,2.4257367,0.29773585131111957
3,2,564407.918680992,0.16239999,2.4257748,0.29796122628447463
3,2,564412.9188748822,0.16239999,2.425813,0.2981866016643309
3,2,564417.9190687723,0.16239999,2.4259658,0.29841197791220714
3,2,564422.9192626625,0.16239999,2.4258895,0.29863735662295227
3,2,564427.9194565527,0.16239999,2.426023,0.29886273619501763
3,2,564432.9196504429,0.16239999,2.4261186,0.29908811239395927
3,2,564437.9198443331,0.16239999,2.4262521,0.29931349209123
3,2,564442.9200382233,0.16239999,2.426233,0.2995388729487514
3,2,564447.9202321135,0.16239999,2.4262712,0.2997642549344936
3,2,564452.9204260036,0.16239999,2.4264622,0.299989636408318
3,2,564457.9206198938,0.16239999,2.4265766,0.3002150169133409
3,2,564462.920813784,0.16239999,2.426653,0.30044039460749733
3,2,564467.9210076742,0.16239999,2.4268057,0.3006657744657577
3,2,564472.9212015644,0.16239999,2.426844,0.30089115456750054
3,2,564477.9213954546,0.16239999,2.426844,0.3011165362731332
3,2,564482.9215893447,0.16239999,2.4268057,0.3013419182685479
3,2,564487.9217832349,0.16239999,2.4271684,0.30156729880964483
3,2,564492.9219771251,0.16239999,2.4271111,0.30179267999802506
3,2,564497.9221710153,0.16239999,2.427092,0.3020180620121639
3,2,564502.9223649055,0.16239999,2.4271302,0.30224344460161756
3,2,564507.9225587957,0.16239999,2.4273593,0.302468827381965
3,2,564512.9227526858,0.16239999,2.427283,0.3026942102664078
3,2,564517.922946576,0.16239999,2.4271493,0.30291959408296376
3,2,564522.9231404662,0.16239999,2.4273593,0.30314497981749705
3,2,564527.9233343564,0.16239999,2.4273212,0.3033703637886683
3,2,564532.9235282466,0.16239999,2.4273784,0.3035957490676515
3,2,564537.9237221368,0.16239999,2.4275885,0.30382113197195343
3,2,564542.923916027,0.16239999,2.4274166,0.30404651676785177
3,2,564547.9241099171,0.16239999,2.4275885,0.3042719020049354
3,2,564552.9243038073,0.16239999,2.4275694,0.30449728345402804
3,2,564557.9244976975,0.16239999,2.4277604,0.3047226665508513
3,2,564562.9246915877,0.16239999,2.427741,0.3049480510481122
3,2,564567.9248854779,0.16239999,2.4278939,0.3051734385526509
3,2,564572.925079368,0.16239999,2.4280083,0.3053988259089727
3,2,564577.9252732582,0.16239999,2.4281611,0.30562421352170627
3,2,564582.9254671484,0.16239999,2.4280467,0.30584959756190383
3,2,564587.9256610386,0.16239999,2.428104,0.3060749819323045
3,2,564592.9258549288,0.16239999,2.4282565,0.3063003668906222
3,2,564597.926048819,0.16239999,2.428352,0.3065257519303168
3,2,564602.9262427092,0.16239999,2.4285047,0.30675113698097367
3,2,564607.9264365993,0.16239999,2.4284284,0.3069765217118293
3,2,564612.9266304895,0.16239999,2.4284856,0.3072019052133863
3,2,564617.9268243797,0.16239999,2.4285622,0.30742728797830443
3,2,564622.9270182699,0.16239999,2.4286575,0.3076526710036948
3,2,564627.9272121601,0.16239999,2.4287148,0.30787805209497326
3,2,564632.9274060503,0.16239999,2.4287338,0.3081034346953892
3,2,564637.9275999404,0.16239999,2.428791,0.3083288169191824
3,2,564642.9277938306,0.16239999,2.4288101,0.3085541982655232
3,2,564647.9279877208,0.16239999,2.428982,0.30877957769028314
3,2,564652.928181611,0.16239999,2.4290967,0.30900495786176674
3,2,564657.9283755012,0.16239999,2.429001,0.3092303381948038
3,2,564662.9285693914,0.16239999,2.429173,0.30945571512746284
3,2,564667.9287632816,0.16239999,2.429154,0.3096810955111431
3,2,564672.9289571717,0.16239999,2.4292874,0.30990647473389293
3,2,564677.9291510619,0.16239999,2.4293447,0.3101318549781935
3,2,564682.9293449521,0.16239999,2.4293447,0.310357235738388
3,2,564687.9295388423,0.16239999,2.4297838,0.3105826175882904
3,2,564692.9297327329,0.16239999,2.4296694,0.31080799963073485
3,2,564697.9299266236,0.16239999,2.4297457,0.3110333811582986
3,2,564702.9301205142,0.16239999,2.429803,0.3112587607165903
3,2,564707.9303144049,0.16239999,2.429822,0.3114841418302114
3,2,564712.9305082955,0.16239999,2.429841,0.31170952141348734
3,2,564717.9307021862,0.16239999,2.4299366,0.31193489901245514
3,2,564722.9308960768,0.16239999,2.429841,0.31216027680362307
3,2,564727.9310899675,0.16239999,2.430223,0.3123856593028187
3,2,564732.9312838577,0.16239999,2.430051,0.31261104064636386
3,2,564737.9314777483,0.16239999,2.430223,0.31283641872045603
3,2,564742.931671639,0.16239999,2.4301274,0.31306179675566775
3,2,564747.9318655296,0.16239999,2.4301465,0.3132871765368088
3,2,564752.9320594203,0.16239999,2.4300892,0.313512559277318
3,2,564757.9322533109,0.16239999,2.4301655,0.3137379401556283
3,2,564762.9324472016,0.16239999,2.4306047,0.3139633227306137
3,2,564767.9326410922,0.16239999,2.4305284,0.31418870533921783
3,2,564772.9328349829,0.16239999,2.4305284,0.3144140861655545
3,2,564777.9330288735,0.16239999,2.4307,0.31463946853114466
3,2,564782.9332227642,0.16239999,2.4307957,0.31486485263069686
3,2,564787.9334166548,0.16239999,2.43091,0.3150902369994981
3,2,564792.9336105452,0.16239999,2.430853,0.3153156216313496
3,2,564797.9338044357,0.16239999,2.4309673,0.3155410071434954
3,2,564802.9339983261,0.16239999,2.431082,0.3157663942701026
3,2,564807.9341922167,0.16239999,2.4311202,0.315991781967541
3,2,564812.9343861071,0.16239999,2.431292,0.31621716784345405
3,2,564817.9345799976,0.16239999,2.4311774,0.31644255354796647
3,2,564822.934773888,0.16239999,2.431273,0.31666793891572254
3,2,564827.9349677784,0.16239999,2.4313493,0.31689332184379676
3,2,564832.9351616688,0.16239999,2.4313302,0.3171187028254739
3,2,564837.9353555592,0.16239999,2.4314446,0.31734408614908455
3,2,564842.9355494498,0.16239999,2.4313493,0.317569471278677
3,2,564847.9357433402,0.16239999,2.431521,0.31779485379557854
3,2,564852.9359372307,0.16239999,2.4315784,0.31802023565753096
3,2,564857.9361311212,0.16239999,2.4315975,0.3182456170588844
3,2,564862.9363250118,0.16239999,2.4316928,0.3184709993309424
3,2,564867.9365189023,0.16239999,2.431903,0.3186963797624033
3,2,564872.9367127928,0.16239999,2.43196,0.3189217606229058
3,2,564877.9369066834,0.16239999,2.4322464,0.3191471403034383
3,2,564882.9371005739,0.16239999,2.431922,0.31937251727294796
3,2,564887.9372944644,0.16239999,2.4320364,0.31959789561300767
3,2,564892.937488355,0.16239999,2.4321702,0.31982327330476007
3,2,564897.937682245,0.16239999,2.432113,0.320048649981601
3,2,564902.9378761356,0.16239999,2.4320364,0.3202740257545623
3,2,564907.938070026,0.16239999,2.4323802,0.32049940103530267
3,2,564912.9382639166,0.16239999,2.4324374,0.3207247771543749
3,2,564917.9384578071,0.16239999,2.4323993,0.3209501519259956
3,2,564922.9386516976,0.16239999,2.4325328,0.3211755282297437
3,2,564927.9388455881,0.16239999,2.4326284,0.3214009070208309
3,2,564932.9390394787,0.16239999,2.432609,0.32162628543044836
3,2,564937.9392333692,0.16239999,2.4327428,0.32185166390419134
3,2,564942.9394272597,0.16239999,2.432762,0.32207704271792664
3,2,564947.9396211503,0.16239999,2.4327238,0.32230242007774573
3,2,564952.9398150407,0.16239999,2.4327428,0.32252779347257693
3,2,564957.9400089311,0.16239999,2.4328191,0.32275316551760713
3,2,564962.9402028215,0.16239999,2.432991,0.32297853885791084
3,2,564967.9403967119,0.16239999,2.4331055,0.32320391268582604
3,2,564972.9405906026,0.16239999,2.433163,0.3234292873365627
3,2,564977.940784493,0.16239999,2.433182,0.32365466741626503
3,2,564982.9409783834,0.16239999,2.433163,0.32388004721052405
3,2,564987.9411722738,0.16239999,2.4332964,0.3241054248859779
3,2,564992.9413661642,0.16239999,2.4332964,0.3243308036725426
3,2,564997.9415600547,0.16239999,2.4332201,0.3245561804160587
3,2,565002.9417539453,0.16239999,2.4334493,0.324781558348421
3,2,565007.941947836,0.16239999,2.4335446,0.3250069348688709
3,2,565012.9421417266,0.16239999,2.4335828,0.32523231152810855
3,2,565017.9423356173,0.16239999,2.433621,0.3254576888963799
3,2,565022.9425295079,0.16239999,2.4336782,0.3256830666011319
3,2,565027.9427233986,0.16239999,2.4339073,0.32590844255800083
3,2,565032.9429172892,0.16239999,2.4338882,0.32613381812571934
3,2,565037.9431111799,0.16239999,2.4339073,0.32635919758650117
3,2,565042.9433050705,0.16239999,2.4340982,0.326584578711025
3,2,565047.9434989612,0.16239999,2.434041,0.326809957353964
3,2,565052.9436928518,0.16239999,2.4340792,0.3270353337018179
3,2,565057.943886742,0.16239999,2.4341173,0.3272607091721209
3,2,565062.9440806326,0.16239999,2.4342318,0.32748608446775496
3,2,565067.9442745233,0.16239999,2.4344227,0.3277114591398458
3,2,565072.944468414,0.16239999,2.4342892,0.32793683361917686
3,2,565077.9446623046,0.16239999,2.4345374,0.32816220800442697
3,2,565082.9448561952,0.16239999,2.4344609,0.3283875840140717
3,2,565087.9450500859,0.16239999,2.43448,0.32861295768415133
3,2,565092.9452439765,0.16239999,2.43448,0.32883833319523964
3,2,565097.9454378672,0.16239999,2.4347856,0.3290637084442637
3,2,565102.9456317574,0.16239999,2.4347472,0.3292890822922806
3,2,565107.9458256476,0.16239999,2.434919,0.32951445426148207
3,2,565112.9460195377,0.16239999,2.434862,0.3297398275302825
3,2,565117.9462134279,0.16239999,2.4350336,0.3299652014782026
3,2,565122.9464073181,0.16239999,2.435072,0.3301905755795467
3,2,565127.9466012083,0.16239999,2.4350526,0.33041595036380106
3,2,565132.9467950985,0.16239999,2.4350336,0.33064131480794845
3,2,565137.9469889887,0.16239999,2.4351292,0.3308666773505181
3,2,565142.9471828789,0.16239999,2.4353392,0.3310920399575874
3,2,565147.947376769,0.16239999,2.4353392,0.33131740203173243
3,2,565152.9475706592,0.16239999,2.43532,0.33154276444279684
3,2,565157.9477645494,0.16239999,2.4354727,0.3317681251441989
3,2,565162.9479584396,0.16239999,2.4356065,0.3319934865536213
3,2,565167.9481523298,0.16239999,2.4356637,0.3322188498653748
3,2,565172.94834622,0.16239999,2.4356256,0.3324442118914346
3,2,565177.9485401101,0.16239999,2.4357018,0.33266957086846183
3,2,565182.9487340003,0.16239999,2.4358354,0.3328949300164178
3,2,565187.9489278905,0.16239999,2.435931,0.3331202911657247
3,2,565192.9491217807,0.16239999,2.4358163,0.33334565257034315
3,2,565197.9493156709,0.16239999,2.4361217,0.33357101307221365
3,2,565202.9495095611,0.16239999,2.4360454,0.33379637450513605
3,2,565207.9497034512,0.16239999,2.4360836,0.33402174893765346
3,2,565212.9498973414,0.16239999,2.4362555,0.33424712401533074
3,2,565217.9500912316,0.16239999,2.4361026,0.33447249901336956
3,2,565222.9502851218,0.16239999,2.4362364,0.33469787198177336
3,2,565227.950479012,0.16239999,2.4365609,0.33492324387231165
3,2,565232.9506729022,0.16239999,2.4366372,0.33514861717020333
3,2,565237.9508667924,0.16239999,2.43637,0.3353739935965342
3,2,565242.9510606825,0.16239999,2.4365227,0.3355993706638642
3,2,565247.9512545727,0.16239999,2.4367518,0.3358247470612984
3,2,565252.9514484629,0.16239999,2.4367518,0.33605012383482713
3,2,565257.9516423531,0.16239999,2.4368472,0.33627549835477794
3,2,565262.9518362433,0.16239999,2.436981,0.3365008723446324
3,2,565267.9520301335,0.16239999,2.4369426,0.3367262440008093
3,2,565272.9522240236,0.16239999,2.4372098,0.3369516150479551
3,2,565277.9524179138,0.16239999,2.4370382,0.3371769889978413
3,2,565282.952611804,0.16239999,2.4372673,0.33740236470250645
3,2,565287.9528056942,0.16239999,2.4371717,0.33762774182367017
3,2,565292.9529995844,0.16239999,2.437019,0.33785312006496415
3,2,565297.9531934746,0.16239999,2.4373817,0.33807850208370827
3,2,565302.9533873647,0.16239999,2.4375346,0.33830388243470033
3,2,565307.9535812549,0.16239999,2.43763,0.33852926401292144
3,2,565312.9537751451,0.16239999,2.4375727,0.3387546437852435
3,2,565317.9539690353,0.16239999,2.4376109,0.3389800268661283
3,2,565322.9541629255,0.16239999,2.4377253,0.33920541027868734
3,2,565327.9543568157,0.16239999,2.4377444,0.3394307915710255
3,2,565332.9545507059,0.16239999,2.43784,0.3396561724107268
3,2,565337.954744596,0.16239999,2.4378781,0.3398815522565149
3,2,565342.9549384862,0.16239999,2.43805,0.34010692999106673
3,2,565347.9551323764,0.16239999,2.4379544,0.3403323080999945
3,2,565352.9553262666,0.16239999,2.4381263,0.3405576842157421
3,2,565357.9555201568,0.16239999,2.438279,0.3407830565101648
3,2,565362.955714047,0.16239999,2.4384127,0.34100842659995817
3,2,565367.9559079371,0.16239999,2.438298,0.3412337974094619
3,2,565372.9561018273,0.16239999,2.4384317,0.34145916860194037
3,2,565377.9562957175,0.16239999,2.438489,0.34168454035610735
3,2,565382.9564896077,0.16239999,2.4385462,0.3419099128044797
3,2,565387.9566834979,0.16239999,2.4387562,0.34213528744831045
3,2,565392.9568773881,0.16239999,2.4386227,0.34236065989869857
3,2,565397.9570712782,0.16239999,2.438718,0.3425860287581635
3,2,565402.9572651684,0.16239999,2.438699,0.34281139779572545
3,2,565407.9574590586,0.16239999,2.4388325,0.3430367698517891
3,2,565412.9576529488,0.16239999,2.4389663,0.3432621413918752
3,2,565417.957846839,0.16239999,2.4390235,0.3434875144700749
3,2,565422.9580407292,0.16239999,2.439119,0.34371288631613073
3,2,565427.9582346193,0.16239999,2.4390616,0.343938260737411
3,2,565432.9584285095,0.16239999,2.4390998,0.34416363605748546
3,2,565437.9586223997,0.16239999,2.4391954,0.3443890119188843
3,2,565442.9588162899,0.16239999,2.4392526,0.3446143856278941
3,2,565447.9590101801,0.16239999,2.4393864,0.34483976051508153
3,2,565452.9592040703,0.16239999,2.4393864,0.34506513488506124
3,2,565457.9593979605,0.16239999,2.4394627,0.3452905068572198
3,2,565462.9595918506,0.16239999,2.4394436,0.34551587904949166
3,2,565467.9597857408,0.16239999,2.4397871,0.3457412498586982
3,2,565472.959979631,0.16239999,2.4396918,0.3459666199073834
3,2,565477.9601735212,0.16239999,2.4397871,0.3461919894716418
3,2,565482.9603674114,0.16239999,2.4399207,0.3464173615572098
3,2,565487.9605613016,0.16239999,2.439959,0.3466427338725777
3,2,565492.9607551917,0.16239999,2.43994,0.34686810786825434
3,2,565497.9609490819,0.16239999,2.4401689,0.3470934827906052
3,2,565502.9611429721,0.16239999,2.4401116,0.3473188578088202
3,2,565507.9613368623,0.16239999,2.4403026,0.34754423516362837
3,2,565512.9615307525,0.16239999,2.4402454,0.34776961094858017
3,2,565517.9617246427,0.16239999,2.4402454,0.3479949858988335
3,2,565522.9619185328,0.16239999,2.4404552,0.3482203605628363
3,2,565527.962112423,0.16239999,2.440608,0.3484457356160036
3,2,565532.9623063132,0.16239999,2.440608,0.3486711120255086
3,2,565537.9625002034,0.16239999,2.4405508,0.3488964904362089
3,2,565542.9626940936,0.16239999,2.440627,0.3491218649543559
3,2,565547.9628879838,0.16239999,2.4407418,0.34934723880330326
3,2,565552.963081874,0.16239999,2.4408753,0.3495726144414273
3,2,565557.9632757641,0.16239999,2.4408371,0.3497979887467376
3,2,565562.9634696543,0.16239999,2.4410088,0.35002336260012223
3,2,565567.9636635445,0.16239999,2.4407225,0.35024873757348557
3,2,565572.9638574347,0.16239999,2.4410088,0.3504741118545757
3,2,565577.9640513249,0.16239999,2.4410088,0.35069948889652075
3,2,565582.9642452151,0.16239999,2.4411426,0.35092486727080924
3,2,565587.9644391052,0.16239999,2.4411807,0.35115024558108565
3,2,565592.9646329954,0.16239999,2.441238,0.35137562420656215
3,2,565597.9648268856,0.16239999,2.4412954,0.3516010035934408
3,2,565602.9650207758,0.16239999,2.441448,0.3518263811907546
3,2,565607.965214666,0.16239999,2.4415817,0.35205175855669557
3,2,565612.9654085562,0.16239999,2.4414861,0.35227713522756693
3,2,565617.9656024463,0.16239999,2.4415433,0.35250251372922886
3,2,565622.9657963365,0.16239999,2.4418106,0.3527278932247784
3,2,565627.9659902267,0.16239999,2.441448,0.35295327174552704
3,2,565632.9661841169,0.16239999,2.4416962,0.3531786484547606
3,2,565637.9663780071,0.16239999,2.4419825,0.35340402667518794
3,2,565642.9665718973,0.16239999,2.4420207,0.3536294070805469
3,2,565647.9667657875,0.16239999,2.4420972,0.353854787285924
3,2,565652.9669596776,0.16239999,2.4421926,0.3540801697585103
3,2,565657.9671535678,0.16239999,2.4422307,0.35430555374102546
3,2,565662.967347458,0.16239999,2.4422688,0.35453093597350105
3,2,565667.9675413482,0.16239999,2.4423835,0.35475631746226716
3,2,565672.9677352384,0.16239999,2.4424026,0.35498169770003857
3,2,565677.9679291286,0.16239999,2.442536,0.3552070758917158
3,2,565682.9681230187,0.16239999,2.442708,0.3554324566669994
3,2,565687.9683169089,0.16239999,2.442918,0.3556578353572256
3,2,565692.9685107991,0.16239999,2.442918,0.355883212693356
3,2,565697.9687046893,0.16239999,2.4427652,0.3561085933823635
3,2,565702.9688985795,0.16239999,2.4428797,0.35633397395215927
3,2,565707.9690924697,0.16239999,2.4431279,0.35655935245245446
3,2,565712.9692863598,0.16239999,2.4431853,0.3567847327622258
3,2,565717.96948025,0.16239999,2.443147,0.3570101142728378
3,2,565722.9696741402,0.16239999,2.443166,0.3572354982568472
3,2,565727.9698680304,0.16239999,2.4433188,0.3574608792334869
3,2,565732.9700619206,0.16239999,2.443338,0.35768626161000955
3,2,565737.9702558108,0.16239999,2.4432807,0.3579116422483846
3,2,565742.970449701,0.16239999,2.4434907,0.3581370225113911
3,2,565747.9706435911,0.16239999,2.443529,0.3583624027251294
3,2,565752.9708374813,0.16239999,2.443567,0.358587782703316
3,2,565757.9710313715,0.16239999,2.4438152,0.35881316209734887
3,2,565762.9712252617,0.16239999,2.4438343,0.35903854211268815
3,2,565767.9714191519,0.16239999,2.443739,0.3592639212858825
3,2,565772.971613042,0.16239999,2.4437962,0.3594892983962272
3,2,565777.9718069322,0.16239999,2.443758,0.3597146743225694
3,2,565782.9720008224,0.16239999,2.4438534,0.3599400499032594
3,2,565787.9721947126,0.16239999,2.4440444,0.3601654236183745
3,2,565792.9723886028,0.16239999,2.4442542,0.36039079903396704
3,2,565797.972582493,0.16239999,2.4440444,0.3606161746362281
3,2,565802.9727763832,0.16239999,2.4442735,0.3608415517893896
3,2,565807.9729702733,0.16239999,2.4443498,0.3610669286520604
3,2,565812.9731641635,0.16239999,2.4443498,0.36129230578184035
3,2,565817.9733580537,0.16239999,2.4445214,0.36151768351001695
3,2,565822.9735519439,0.16239999,2.4445024,0.36174306231097203
3,2,565827.9737458341,0.16239999,2.4444642,0.36196844045630416
3,2,565832.9739397243,0.16239999,2.4445598,0.3621938165288086
3,2,565837.9741336145,0.16239999,2.444617,0.3624191927294233
3,2,565842.9743275046,0.16239999,2.4447696,0.36264456567990105
3,2,565847.9745213948,0.16239999,2.4449034,0.36286994273438955
3,2,565852.974715285,0.16239999,2.4447315,0.3630953203656043
3,2,565857.9749091752,0.16239999,2.4447887,0.3633206987459609
3,2,565862.9751030654,0.16239999,2.4449415,0.36354607718282184
3,2,565867.9752969556,0.16239999,2.4449415,0.36377145478759115
3,2,565872.9754908457,0.16239999,2.4450753,0.36399683434614777
3,2,565877.9756847359,0.16239999,2.445247,0.3642222117448738
3,2,565882.9758786261,0.16239999,2.4451325,0.3644475913776978
3,2,565887.9760725163,0.16239999,2.445285,0.36467296926613885
3,2,565892.9762664065,0.16239999,2.4453042,0.3648983478261248
3,2,565897.9764602967,0.16239999,2.4453807,0.36512372491965184
3,2,565902.9766541868,0.16239999,2.4456096,0.36534910367780166
3,2,565907.976848077,0.16239999,2.4454188,0.36557448451114766
3,2,565912.9770419672,0.16239999,2.4455905,0.36579986639812245
3,2,565917.9772358574,0.16239999,2.4459534,0.36602524776437784
3,2,565922.9774297476,0.16239999,2.4458196,0.36625062949934756
3,2,565927.9776236378,0.16239999,2.4460487,0.3664760093780862
3,2,565932.977817528,0.16239999,2.4460297,0.36670138840823857
3,2,565937.9780114181,0.16239999,2.4460678,0.36692676772219013
3,2,565942.9782053083,0.16239999,2.446125,0.3671521468921352
3,2,565947.9783991985,0.16239999,2.4461634,0.3673775291883257
3,2,565952.9785930887,0.16239999,2.4462206,0.3676029093016824
3,2,565957.9787869789,0.16239999,2.446316,0.3678282886939147
3,2,565962.978980869,0.16239999,2.4465451,0.3680536672412421
3,2,565967.9791747592,0.16239999,2.446335,0.3682790407492385
3,2,565972.9793686494,0.16239999,2.4464114,0.3685044138535484
3,2,565977.9795625396,0.16239999,2.4466023,0.3687297848387641
3,2,565982.9797564298,0.16239999,2.4465833,0.3689551552526205
3,2,565987.97995032,0.16239999,2.4465642,0.3691805252733338
3,2,565992.9801442102,0.16239999,2.4467742,0.36940589689302195
3,2,565997.9803381003,0.16239999,2.446946,0.3696312718811747
3,2,566002.9805319905,0.16239999,2.4469843,0.369856645264772
3,2,566007.9807258807,0.16239999,2.4469268,0.3700820207040881
3,2,566012.9809197709,0.16239999,2.446965,0.37030739870646345
3,2,566017.9811136611,0.16239999,2.447156,0.3705327788300928
3,2,566022.9813075513,0.16239999,2.447194,0.3707581570207998
3,2,566027.9815014414,0.16239999,2.4472322,0.370983532754451
3,2,566032.9816953316,0.16239999,2.4473279,0.3712089085829837
3,2,566037.9818892218,0.16239999,2.447347,0.37143428492830854
3,2,566042.982083112,0.16239999,2.4474614,0.3716596660408121
3,2,566047.9822770022,0.16239999,2.447576,0.37188504697895214
3,2,566052.9824708924,0.16239999,2.4476714,0.37211042766878005
3,2,566057.9826647826,0.16239999,2.4476142,0.3723358076185981
3,2,566062.9828586727,0.16239999,2.4477477,0.3725611874571525
3,2,566067.9830525629,0.16239999,2.4477477,0.372786567904147
3,2,566072.9832464531,0.16239999,2.4479196,0.3730119503233714
3,2,566077.9834403433,0.16239999,2.447996,0.3732373341239103
3,2,566082.9836342335,0.16239999,2.448015,0.3734627126863235
3,2,566087.9838281237,0.16239999,2.4479768,0.3736880894354888
3,2,566092.9840220138,0.16239999,2.448034,0.3739134662696297
3,2,566097.984215904,0.16239999,2.4480915,0.37413884511944484
3,2,566102.9844097942,0.16239999,2.4481869,0.3743642238701954
3,2,566107.9846036844,0.16239999,2.4483397,0.3745896042029162
3,2,566112.9847975746,0.16239999,2.4481487,0.3748149840444086
3,2,566117.9849914648,0.16239999,2.4482632,0.37504036345226893
3,2,566122.985185355,0.16239999,2.4482822,0.3752657410392819
3,2,566127.9853792451,0.16239999,2.4484732,0.37549111975007504
3,2,566132.9855731353,0.16239999,2.4482822,0.37571649915992966
3,2,566137.9857670255,0.16239999,2.448607,0.37594187801961604
3,2,566142.9859609157,0.16239999,2.4487023,0.3761672527102365
3,2,566147.9861548059,0.16239999,2.4486642,0.3763926268520074
3,2,566152.986348696,0.16239999,2.4487596,0.37661800320633587
3,2,566157.9865425862,0.16239999,2.4487977,0.37684337877191276
3,2,566162.9867364764,0.16239999,2.4489124,0.3770687553122541
3,2,566167.9869303666,0.16239999,2.4487786,0.3772941299132399
3,2,566172.9871242568,0.16239999,2.4489696,0.3775195022523404
3,2,566177.987318147,0.16239999,2.4491415,0.3777448728867546
3,2,566182.9875120372,0.16239999,2.4491606,0.3779702459139593
3,2,566187.9877059273,0.16239999,2.4491606,0.37819561830013665
3,2,566192.9878998175,0.16239999,2.4491987,0.37842099210318847
3,2,566197.9880937077,0.16239999,2.449294,0.37864636390185774
3,2,566202.9882875979,0.16239999,2.4493132,0.3788717350999399
3,2,566207.9884814881,0.16239999,2.4493513,0.3790971074719024
3,2,566212.9886753783,0.16239999,2.449485,0.37932248302652277
3,2,566217.9888692684,0.16239999,2.4495995,0.3795478588008517
3,2,566222.9890631586,0.16239999,2.4496186,0.379773235479441
3,2,566227.9892570488,0.16239999,2.4497142,0.3799986158237433
3,2,566232.989450939,0.16239999,2.4497905,0.380223994896878
3,2,566237.9896448292,0.16239999,2.4498286,0.3804493720280702
3,2,566242.9898387194,0.16239999,2.4497333,0.3806747488153569
3,2,566247.9900326096,0.16239999,2.4498858,0.3809001273102794
3,2,566252.9902264997,0.16239999,2.4501913,0.38112550455906247
3,2,566257.9904203899,0.16239999,2.4500387,0.38135088318593224
3,2,566262.9906142801,0.16239999,2.4502103,0.3815762655060813
3,2,566267.9908081703,0.16239999,2.450115,0.38180164705700925
3,2,566272.9910020605,0.16239999,2.4504013,0.3820270271127679
3,2,566277.9911959507,0.16239999,2.4504013,0.3822524093083731
3,2,566282.9913898408,0.16239999,2.4504013,0.38247779282842
3,2,566287.991583731,0.16239999,2.450535,0.3827031758431436
3,2,566292.9917776212,0.16239999,2.4507067,0.38292855667060116
3,2,566297.9919715114,0.16239999,2.4509358,0.38315393737941894
3,2,566302.9921654016,0.16239999,2.4508405,0.38337931798282676
3,2,566307.9923592922,0.16239999,2.4510696,0.38360469662313573
3,2,566312.9925531829,0.16239999,2.450955,0.3838300756953979
3,2,566317.9927470735,0.16239999,2.4510696,0.38405545658971696
3,2,566322.9929409642,0.16239999,2.451184,0.3842808350960322
3,2,566327.9931348548,0.16239999,2.451203,0.38450621106071603
3,2,566332.9933287455,0.16239999,2.451394,0.38473158836883387
3,2,566337.9935226361,0.16239999,2.451356,0.38495696449098155
3,2,566342.9937165268,0.16239999,2.4512222,0.38518233943660224
3,2,566347.9939104174,0.16239999,2.4514322,0.38540771496361576
3,2,566352.9941043081,0.16239999,2.4514132,0.38563309104158233
3,2,566357.9942981987,0.16239999,2.4515085,0.38585846589387207
3,2,566362.9944920894,0.16239999,2.4517186,0.38608384126364687
3,2,566367.99468598,0.16239999,2.451833,0.38630921644776894
3,2,566372.9948798707,0.16239999,2.4518523,0.3865345917422076
3,2,566377.9950737613,0.16239999,2.4517758,0.3867599691296526
3,2,566382.995267652,0.16239999,2.452005,0.3869853454891435
3,2,566387.9954615426,0.16239999,2.452024,0.3872107213371537
3,2,566392.9956554333,0.16239999,2.452253,0.3874360960318678
3,2,566397.9958493239,0.16239999,2.4521577,0.38766146881419256
3,2,566402.9960432146,0.16239999,2.4521768,0.387886841433612
3,2,566407.996237105,0.16239999,2.4522913,0.3881122129727056
3,2,566412.9964309954,0.16239999,2.4524822,0.38833758471026936
3,2,566417.9966248858,0.16239999,2.4525204,0.3885629589581904
3,2,566422.9968187762,0.16239999,2.4525776,0.3887883317560612
3,2,566427.9970126667,0.16239999,2.4527113,0.38901370663204216
3,2,566432.9972065571,0.16239999,2.4526732,0.3892390794752547
3,2,566437.9974004475,0.16239999,2.452864,0.38946445192302276
3,2,566442.9975943379,0.16239999,2.452864,0.38968982351192427
3,2,566447.9977882283,0.16239999,2.452864,0.38991519400046776
3,2,566452.9979821183,0.16239999,2.4528258,0.3901405668933219
3,2,566457.9981760088,0.16239999,2.4529786,0.3903659419296079
3,2,566462.9983698993,0.16239999,2.453055,0.3905913165783569
3,2,566467.9985637899,0.16239999,2.453093,0.39081669163223537
3,2,566472.9987576804,0.16239999,2.453265,0.3910420670563456
3,2,566477.998951571,0.16239999,2.4532459,0.39126744460762475
3,2,566482.9991454615,0.16239999,2.453475,0.3914928223165888
3,2,566487.999339352,0.16239999,2.4533794,0.3917181993120008
3,2,566492.9995332425,0.16239999,2.4533985,0.39194357520629236
3,2,566497.9997271331,0.16239999,2.4534175,0.3921689488031808
3,2,566502.9999210236,0.16239999,2.4535894,0.39239432310565164
3,2,566508.0001149141,0.16239999,2.4537039,0.39261969937633656
3,2,566513.0003088047,0.16239999,2.4538758,0.3928450790440955
3,2,566518.0005026951,0.16239999,2.4537995,0.3930704588175558
3,2,566523.0006965857,0.16239999,2.4538376,0.3932958397129337
3,2,566528.0008904764,0.16239999,2.4540286,0.39352122012912666
3,2,566533.0010843669,0.16239999,2.4540095,0.3937466033381126
3,2,566538.0012782575,0.16239999,2.454105,0.39397198604819944
3,2,566543.001472148,0.16239999,2.4542384,0.39419736745901923
3,2,566548.0016660385,0.16239999,2.4542959,0.3944227507406086
3,2,566553.0018599291,0.16239999,2.4544485,0.39464813372675267
3,2,566558.0020538196,0.16239999,2.4544294,0.39487351854849045
3,2,566563.00224771,0.16239999,2.4544294,0.395098902069813
3,2,566568.0024416002,0.16239999,2.4546204,0.39532428438390393
3,2,566573.0026354906,0.16239999,2.4545438,0.3955496686990006
3,2,566578.002829381,0.16239999,2.4546585,0.39577505151517456
3,2,566583.0030232714,0.16239999,2.454964,0.39600043430519366
3,2,566588.0032171619,0.16239999,2.4548304,0.39622581570475396
3,2,566593.0034110523,0.16239999,2.455002,0.39645119689240405
3,2,566598.0036049427,0.16239999,2.4550402,0.3966765758486077
3,2,566603.0037988331,0.16239999,2.4550977,0.3969019535715275
3,2,566608.0039927238,0.16239999,2.4550402,0.39712733081249496
3,2,566613.004186614,0.16239999,2.4553266,0.39735270977666826
3,2,566618.0043805046,0.16239999,2.455212,0.3975780909823289
3,2,566623.0045743953,0.16239999,2.4552884,0.3978034734415579
3,2,566628.0047682859,0.16239999,2.4554985,0.3980288558303359
3,2,566633.0049621766,0.16239999,2.4556322,0.3982542378576085
3,2,566638.0051560672,0.16239999,2.4555748,0.39847961870618265
3,2,566643.0053499578,0.16239999,2.4555938,0.39870499917267693
3,2,566648.0055438485,0.16239999,2.4558039,0.39893037884837407
3,2,566653.0057377391,0.16239999,2.4557276,0.3991557574265096
3,2,566658.0059316298,0.16239999,2.455823,0.399381134612202
3,2,566663.0061255204,0.16239999,2.456033,0.399606511762471
3,2,566668.0063194111,0.16239999,2.456033,0.3998318926195992
3,2,566673.0065133017,0.16239999,2.4560711,0.4000572719827064
3,2,566678.0067071924,0.16239999,2.4561665,0.4002826472609781
3,2,566683.006901083,0.16239999,2.4559948,0.40050802321423357
3,2,566688.0070949737,0.16239999,2.456205,0.40073340254034034
3,2,566693.0072888643,0.16239999,2.4563384,0.40095878132932483
3,2,566698.007482755,0.16239999,2.4563384,0.40118415850900296
3,2,566703.0076766456,0.16239999,2.4563384,0.4014095320980716
3,2,566708.0078705363,0.16239999,2.4564912,0.40163490612759706
3,2,566713.0080644265,0.16239999,2.4565103,0.40186028209499863
3,2,566718.0082583167,0.16239999,2.4565675,0.4020856582319812
3,2,566723.0084522069,0.16239999,2.4567966,0.40231103272402796
3,2,566728.008646097,0.16239999,2.456682,0.4025364078104034
3,2,566733.0088399872,0.16239999,2.4568157,0.4027617813321958
3,2,566738.0090338774,0.16239999,2.456892,0.4029871566864651
3,2,566743.0092277676,0.16239999,2.4569876,0.40321253526628864
3,2,566748.0094216578,0.16239999,2.4570067,0.40343791502644805
3,2,566753.009615548,0.16239999,2.4570258,0.40366329315467114
3,2,566758.0098094381,0.16239999,2.457312,0.40388867244112425
3,2,566763.0100033283,0.16239999,2.457312,0.40411405461167066
3,2,566768.0101972185,0.16239999,2.4575028,0.40433943560174457
3,2,566773.0103911087,0.16239999,2.4574647,0.4045648161017963
3,2,566778.0105849989,0.16239999,2.4575603,0.404790196771299
3,2,566783.0107788891,0.16239999,2.4576938,0.40501557516076103
3,2,566788.0109727792,0.16239999,2.4576366,0.4052409558627715
3,2,566793.0111666694,0.16239999,2.4576938,0.4054663370683286
3,2,566798.0113605596,0.16239999,2.4575794,0.4056917179000247
3,2,566803.0115544498,0.16239999,2.457961,0.4059170982327074
3,2,566808.01174834,0.16239999,2.4580758,0.40614247921924973
3,2,566813.0119422302,0.16239999,2.4580564,0.40636786043475837
3,2,566818.0121361203,0.16239999,2.4581902,0.40659324146019027
3,2,566823.0123300105,0.16239999,2.4581711,0.4068186215957066
3,2,566828.0125239007,0.16239999,2.4582474,0.40704400106088673
3,2,566833.0127177909,0.16239999,2.458343,0.4072693806170111
3,2,566838.0129116811,0.16239999,2.4582283,0.40749476082444375
3,2,566843.0131055713,0.16239999,2.4584002,0.40772013972767707
3,2,566848.0132994615,0.16239999,2.4584956,0.40794551688541403
3,2,566853.0134933516,0.16239999,2.4584765,0.4081708935311827
3,2,566858.0136872418,0.16239999,2.4587247,0.4083962718684054
3,2,566863.013881132,0.16239999,2.458801,0.40862164850651406
3,2,566868.0140750222,0.16239999,2.45882,0.4088470269386141
3,2,566873.0142689124,0.16239999,2.458973,0.4090724061921456
3,2,566878.0144628026,0.16239999,2.4589539,0.4092977882249208
3,2,566883.0146566927,0.16239999,2.458992,0.4095231703253423
3,2,566888.0148505829,0.16239999,2.459164,0.40974855202209054
3,2,566893.0150444731,0.16239999,2.459202,0.4099739347956679
3,2,566898.0152383633,0.16239999,2.459164,0.4101993157700211
3,2,566903.0154322535,0.16239999,2.4593928,0.4104246959816675
3,2,566908.0156261437,0.16239999,2.4594502,0.41065007455414637
3,2,566913.0158200338,0.16239999,2.4594693,0.41087545454825153
3,2,566918.016013924,0.16239999,2.4595647,0.4111008324826122
3,2,566923.0162078142,0.16239999,2.459641,0.41132621130806146
3,2,566928.0164017044,0.16239999,2.4597557,0.411551590166391
3,2,566933.0165955946,0.16239999,2.459851,0.4117769705374135
3,2,566938.0167894848,0.16239999,2.459832,0.41200235145727065
3,2,566943.016983375,0.16239999,2.4599273,0.4122277314958193
3,2,566948.0171772651,0.16239999,2.4601374,0.4124531103406219
3,2,566953.0173711553,0.16239999,2.460061,0.4126784919050594
3,2,566958.0175650455,0.16239999,2.4600801,0.41290388030517944
3,2,566963.0177589357,0.16239999,2.4601755,0.4131292678044125
3,2,566968.0179528259,0.16239999,2.4602711,0.4133546538019844
3,2,566973.0181467161,0.16239999,2.4603093,0.413580038921656
3,2,566978.0183406062,0.16239999,2.4605956,0.4138054233818097
3,2,566983.0185344964,0.16239999,2.4607673,0.4140308074440146
3,2,566988.0187283866,0.16239999,2.4607482,0.4142561904474879
3,2,566993.0189222768,0.16239999,2.4608629,0.41448157335106545
3,2,566998.019116167,0.16239999,2.46092,0.41470695565291094
3,2,567003.0193100572,0.16239999,2.4610538,0.41493233784296873
3,2,567008.0195039473,0.16239999,2.461092,0.41515772026013925
3,2,567013.0196978375,0.16239999,2.4610538,0.41538310104678994
3,2,567018.0198917277,0.16239999,2.4611301,0.4156084811169034
3,2,567023.0200856179,0.16239999,2.4612064,0.41583386371057324
3,2,567028.0202795081,0.16239999,2.4610538,0.41605924383919035
3,2,567033.0204733983,0.16239999,2.4612637,0.4162846260708406
3,2,567038.0206672885,0.16239999,2.4613974,0.4165100104820688
3,2,567043.0208611786,0.16239999,2.4613783,0.4167353941317417
3,2,567048.0210550688,0.16239999,2.4614165,0.4169607789662167
3,2,567053.021248959,0.16239999,2.4616647,0.4171861666664532
3,2,567058.0214428492,0.16239999,2.4616265,0.4174115499182502
3,2,567063.0216367394,0.16239999,2.4616456,0.4176369331524224
3,2,567068.0218306296,0.16239999,2.4616647,0.4178623174254572
3,2,567073.0220245197,0.16239999,2.4617982,0.41808770260748607
3,2,567078.0222184099,0.16239999,2.4620464,0.4183130869420966
3,2,567083.0224123001,0.16239999,2.4621227,0.41853847135373295
3,2,567088.0226061903,0.16239999,2.4620273,0.4187638570023701
3,2,567093.0228000805,0.16239999,2.4622183,0.4189892387101295
3,2,567098.0229939707,0.16239999,2.4622755,0.4192146207631206
3,2,567103.0231878608,0.16239999,2.4622946,0.4194400043968625
3,2,567108.023381751,0.16239999,2.4622946,0.4196653895278971
3,2,567113.0235756412,0.16239999,2.46239,0.4198907714072467
3,2,567118.0237695314,0.16239999,2.4624474,0.42011615447509215
3,2,567123.0239634216,0.16239999,2.4626,0.4203415381214057
3,2,567128.0241573118,0.16239999,2.4626956,0.42056692329593015
3,2,567133.024351202,0.16239999,2.462791,0.4207923104997005
3,2,567138.0245450921,0.16239999,2.462829,0.4210177002242192
3,2,567143.0247389823,0.16239999,2.462772,0.4212430883638843
3,2,567148.0249328725,0.16239999,2.4629438,0.4214684779996111
3,2,567153.0251267627,0.16239999,2.4630964,0.42169387092721555
3,2,567158.0253206529,0.16239999,2.4630773,0.4219192613488296
3,2,567163.025514543,0.16239999,2.4631536,0.42214465168047544
3,2,567168.0257084332,0.16239999,2.4633064,0.4223700443753047
3,2,567173.0259023234,0.16239999,2.4633064,0.42259543587431736
3,2,567178.0260962136,0.16239999,2.463459,0.42282082676609534
3,2,567183.0262901038,0.16239999,2.46344,0.42304621906182677
3,2,567188.026483994,0.16239999,2.4635928,0.4232716118347331
3,2,567193.0266778842,0.16239999,2.4635928,0.42349700237081456
3,2,567198.0268717743,0.16239999,2.46386,0.42372239333787814
3,2,567203.0270656645,0.16239999,2.4637263,0.423947784831865
3,2,567208.0272595547,0.16239999,2.4638982,0.4241731772889777
3,2,567213.0274534449,0.16239999,2.464051,0.42439856612889476
3,2,567218.0276473351,0.16239999,2.4642036,0.42462395336201875
3,2,567223.0278412253,0.16239999,2.464051,0.4248493390924492
3,2,567228.0280351155,0.16239999,2.4641464,0.42507472687373316
3,2,567233.0282290056,0.16239999,2.4642417,0.4253001151177536
3,2,567238.0284228958,0.16239999,2.4644136,0.4255255017260546
3,2,567243.028616786,0.16239999,2.4646428,0.4257508905298065
3,2,567248.0288106762,0.16239999,2.4645855,0.42597627910717756
3,2,567253.0290045664,0.16239999,2.4646237,0.4262016663569238
3,2,567258.0291984566,0.16239999,2.4647572,0.4264270535985001
3,2,567263.0293923467,0.16239999,2.4647381,0.42665244251305373
3,2,567268.0295862369,0.16239999,2.4647,0.42687783575327787
3,2,567273.0297801271,0.16239999,2.4648528,0.42710322977328474
3,2,567278.0299740173,0.16239999,2.4649673,0.42732862678988864
3,2,567283.0301679075,0.16239999,2.4650245,0.42755402222194366
3,2,567288.0303617977,0.16239999,2.4651582,0.42777941903573696
3,2,567293.0305556878,0.16239999,2.4652917,0.42800481503753784
3,2,567298.030749578,0.16239999,2.46533,0.4282302121274149
3,2,567303.0309434682,0.16239999,2.4655972,0.4284556056763969
3,2,567308.0311373584,0.16239999,2.465578,0.42868099540473775
3,2,567313.0313312486,0.16239999,2.465769,0.4289063865094798
3,2,567318.0315251388,0.16239999,2.465731,0.4291317749399825
3,2,567323.031719029,0.16239999,2.4657881,0.42935716588510003
3,2,567328.0319129191,0.16239999,2.4659026,0.42958255737876655
3,2,567333.0321068093,0.16239999,2.4660935,0.42980794782679294
3,2,567338.0323006995,0.16239999,2.4660554,0.4300333383184143
3,2,567343.0324945897,0.16239999,2.4662082,0.4302587307463993
3,2,567348.0326884799,0.16239999,2.4663036,0.4304841228606288
3,2,567353.03288237,0.16239999,2.4664946,0.4307095153201729
3,2,567358.0330762602,0.16239999,2.466399,0.43093490591732675
3,2,567363.0332701504,0.16239999,2.4665327,0.4311602947009315
3,2,567368.0334640406,0.16239999,2.46659,0.431385685475362
3,2,567373.0336579308,0.16239999,2.4665136,0.43161107603458
3,2,567378.033851821,0.16239999,2.4667234,0.43183646710283324
3,2,567383.0340457112,0.16239999,2.466819,0.4320618575483951
3,2,567388.0342396013,0.16239999,2.4668572,0.43228724841883376
3,2,567393.0344334915,0.16239999,2.4671245,0.43251263829095427
3,2,567398.0346273817,0.16239999,2.4670863,0.432738027283696
3,2,567403.0348212719,0.16239999,2.4671626,0.43296341675300826
3,2,567408.0350151621,0.16239999,2.467239,0.4331888060148898
3,2,567413.0352090523,0.16239999,2.4672964,0.433414196610912
3,2,567418.0354029424,0.16239999,2.4675062,0.4336395867217234
3,2,567423.0355968326,0.16239999,2.4677353,0.43386497546391783
3,2,567428.0357907228,0.16239999,2.4675252,0.43409036151129765
3,2,567433.035984613,0.16239999,2.467659,0.4343157504923287
3,2,567438.0361785032,0.16239999,2.467678,0.43454114032969055
3,2,567443.0363723934,0.16239999,2.4678116,0.43476652864950077
3,2,567448.0365662836,0.16239999,2.4679453,0.434991917611455
3,2,567453.0367601737,0.16239999,2.4679835,0.4352173046744955
3,2,567458.0369540639,0.16239999,2.4679644,0.43544269288736176
3,2,567463.0371479541,0.16239999,2.4680598,0.4356680816996504
3,2,567468.0373418443,0.16239999,2.4681935,0.4358934710532444
3,2,567473.0375357345,0.16239999,2.4684417,0.4361188581886176
3,2,567478.0377296247,0.16239999,2.4685562,0.4363442453700354
3,2,567483.0379235148,0.16239999,2.4684799,0.43656963216475897
3,2,567488.038117405,0.16239999,2.4688425,0.4367950171524941
3,2,567493.0383112952,0.16239999,2.4688425,0.4370203991913846
3,2,567498.0385051854,0.16239999,2.468919,0.4372457836452061
3,2,567503.0386990756,0.16239999,2.4689572,0.43747116766798755
3,2,567508.0388929658,0.16239999,2.4689953,0.43769655260081597
3,2,567513.039086856,0.16239999,2.4690144,0.4379219388906791
3,2,567518.0392807461,0.16239999,2.4691288,0.43814732671054213
3,2,567523.0394746363,0.16239999,2.4692054,0.4383727116406594
3,2,567528.0396685265,0.16239999,2.469396,0.4385980986415687
3,2,567533.0398624167,0.16239999,2.4694343,0.4388234866499438
3,2,567538.0400563069,0.16239999,2.469587,0.4390488732674272
3,2,567543.040250197,0.16239999,2.4694917,0.43927425744565507
3,2,567548.0404440872,0.16239999,2.4696634,0.43949964114477336
3,2,567553.0406379774,0.16239999,2.4697971,0.43972502832870203
3,2,567558.0408318676,0.16239999,2.469759,0.43995041789138584
3,2,567563.0410257578,0.16239999,2.4699688,0.4401758065642079
3,2,567568.041219648,0.16239999,2.4699116,0.4404011947683189
3,2,567573.0414135382,0.16239999,2.4701598,0.44062658424971274
3,2,567578.0416074283,0.16239999,2.4699688,0.44085197495888445
3,2,567583.0418013185,0.16239999,2.4702744,0.4410773666813815
3,2,567588.0419952087,0.16239999,2.470236,0.44130275745139214
3,2,567593.0421890989,0.16239999,2.470446,0.4415281456709945
3,2,567598.0423829891,0.16239999,2.4705799,0.44175353303229914
3,2,567603.0425768793,0.16239999,2.4705033,0.44197892090626084
3,2,567608.0427707694,0.16239999,2.470618,0.44220430757690826
3,2,567613.0429646596,0.16239999,2.470828,0.4424296942117904
3,2,567618.0431585498,0.16239999,2.4708853,0.4426550822212078
3,2,567623.04335244,0.16239999,2.4709044,0.44288047005868564
3,2,567628.0435463302,0.16239999,2.4709616,0.4431058570735267
3,2,567633.0437402204,0.16239999,2.4709425,0.4433312438254508
3,2,567638.0439341106,0.16239999,2.4711144,0.44355663071994095
3,2,567643.0441280007,0.16239999,2.4711525,0.44378201872557177
3,2,567648.0443218909,0.16239999,2.471267,0.44400740802022753
3,2,567653.0445157811,0.16239999,2.4713817,0.4442327982333404
3,2,567658.0447096713,0.16239999,2.4715152,0.4444581878173395
3,2,567663.0449035615,0.16239999,2.471477,0.4446835798678359
3,2,567668.0450974517,0.16239999,2.4715724,0.44490897200084417
3,2,567673.0452913418,0.16239999,2.471668,0.44513436413313884
3,2,567678.045485232,0.16239999,2.471878,0.44535975681431944
3,2,567683.0456791222,0.16239999,2.4718015,0.4455851467224461
3,2,567688.0458730124,0.16239999,2.4721453,0.44581053405258825
3,2,567693.0460669026,0.16239999,2.4720688,0.44603592000344167
3,2,567698.0462607928,0.16239999,2.4720688,0.4462613044317756
3,2,567703.046454683,0.16239999,2.4720306,0.44648668878995645
3,2,567708.0466485731,0.16239999,2.472298,0.44671207677523395
3,2,567713.0468424633,0.16239999,2.4722598,0.44693746562918957
3,2,567718.0470363535,0.16239999,2.4720879,0.4471628549368723
3,2,567723.0472302437,0.16239999,2.4722598,0.4473882411283323
3,2,567728.0474241339,0.16239999,2.472508,0.44761362576719066
3,2,567733.047618024,0.16239999,2.472718,0.4478390107598224
3,2,567738.0478119142,0.16239999,2.4729662,0.4480643946647663
3,2,567743.0480058044,0.16239999,2.4730234,0.4482897774431418
3,2,567748.0481996946,0.16239999,2.4728897,0.44851515977919126
3,2,567753.0483935848,0.16239999,2.4730234,0.44874054007686615
3,2,567758.048587475,0.16239999,2.4732907,0.4489659223944365
3,2,567763.0487813652,0.16239999,2.4731379,0.4491913065135084
3,2,567768.0489752553,0.16239999,2.4732907,0.4494166915627646
3,2,567773.0491691455,0.16239999,2.4734814,0.44964207489885
3,2,567778.0493630357,0.16239999,2.4734433,0.44986745906918274
3,2,567783.0495569259,0.16239999,2.4736152,0.4500928402843569
3,2,567788.0497508161,0.16239999,2.4736342,0.45031822222455287
3,2,567793.0499447063,0.16239999,2.4736724,0.45054360454824427
3,2,567798.0501385964,0.16239999,2.4739397,0.4507689870669497
3,2,567803.0503324866,0.16239999,2.4739397,0.4509943693624928
3,2,567808.0505263768,0.16239999,2.4741497,0.4512197535042087
3,2,567813.050720267,0.16239999,2.4740925,0.4514451388560048
3,2,567818.0509141572,0.16239999,2.474245,0.4516705223586984
3,2,567823.0511080474,0.16239999,2.4743407,0.45189590518195044
3,2,567828.0513019376,0.16239999,2.4744933,0.4521212894039695
3,2,567833.0514958277,0.16239999,2.474417,0.45234667382920146
3,2,567838.0516897179,0.16239999,2.4745505,0.45257205779215803
3,2,567843.0518836081,0.16239999,2.4747033,0.4527974422760385
3,2,567848.0520774983,0.16239999,2.4747224,0.4530228263844842
3,2,567853.0522713885,0.16239999,2.4747987,0.45324820938822574
3,2,567858.0524652787,0.16239999,2.4748943,0.4534735944887651
3,2,567863.0526591688,0.16239999,2.4747796,0.4536989809944285
3,2,567868.052853059,0.16239999,2.4750278,0.4539243663972437
3,2,567873.0530469492,0.16239999,2.4750087,0.4541497523809716
3,2,567878.0532408394,0.16239999,2.4751616,0.45437513953026004
3,2,567883.0534347296,0.16239999,2.475066,0.45460052754567515
3,2,567888.0536286198,0.16239999,2.4751806,0.4548259160171527
3,2,567893.05382251,0.16239999,2.4754288,0.45505130255926435
3,2,567898.0540164001,0.16239999,2.4753523,0.45527669033230544
3,2,567903.0542102903,0.16239999,2.475505,0.4555020778721028
3,2,567908.0544041805,0.16239999,2.4756005,0.4557274624387286
3,2,567913.0545980707,0.16239999,2.4757152,0.45595284535786623
3,2,567918.0547919613,0.16239999,2.475696,0.4561782293325914
3,2,567923.054985852,0.16239999,2.4758677,0.4564036159673485
3,2,567928.0551797426,0.16239999,2.475906,0.456629002714323
3,2,567933.0553736333,0.16239999,2.4758868,0.45685438977156195
3,2,567938.0555675239,0.16239999,2.4759824,0.45707977638409314
3,2,567943.0557614146,0.16239999,2.4762115,0.45730516193192067
3,2,567948.0559553052,0.16239999,2.476326,0.4575305488904527
3,2,567953.0561491959,0.16239999,2.476326,0.4577559347783719
3,2,567958.0563430865,0.16239999,2.4764788,0.4579813203218913
3,2,567963.0565369772,0.16239999,2.4764214,0.4582067046652828
3,2,567968.0567308678,0.16239999,2.476517,0.4584320915206011
3,2,567973.0569247585,0.16239999,2.476517,0.45865747852871264
3,2,567978.0571186491,0.16239999,2.4766505,0.458882867095094
3,2,567983.0573125398,0.16239999,2.4768224,0.45910825536534466
3,2,567988.0575064304,0.16239999,2.4768796,0.4593336415291804
3,2,567993.0577003211,0.16239999,2.4770706,0.4595590255278948
3,2,567998.0578942117,0.16239999,2.4772422,0.459784413755644
3,2,568003.0580881024,0.16239999,2.4772804,0.46000979989435387
3,2,568008.0582819926,0.16239999,2.477357,0.46023518689610343
3,2,568013.0584758832,0.16239999,2.4773378,0.4604605736823913
3,2,568018.0586697736,0.16239999,2.4774141,0.460685959855753
3,2,568023.058863664,0.16239999,2.4777768,0.4609113460973869
3,2,568028.0590575545,0.16239999,2.4777005,0.4611367313076162
3,2,568033.0592514449,0.16239999,2.4777958,0.4613621175847264
3,2,568038.0594453353,0.16239999,2.477605,0.4615875019910596
3,2,568043.0596392257,0.16239999,2.4779105,0.4618128850196049
3,2,568048.0598331161,0.16239999,2.4779105,0.46203826858075164
3,2,568053.0600270065,0.16239999,2.478006,0.46226365097809125
3,2,568058.060220897,0.16239999,2.4783113,0.46248903281674986
3,2,568063.0604147874,0.16239999,2.4783878,0.4627144145148417
3,2,568068.0606086779,0.16239999,2.4781396,0.4629397975476454
3,2,568073.0608025684,0.16239999,2.4784832,0.46316518218823644
3,2,568078.060996459,0.16239999,2.4783113,0.4633905651099355
3,2,568083.0611903497,0.16239999,2.4785786,0.46361594520601757
3,2,568088.0613842403,0.16239999,2.4788458,0.46384132567254827
3,2,568093.0615781308,0.16239999,2.4789414,0.46406670705981595
3,2,568098.0617720213,0.16239999,2.478884,0.46429208744246636
3,2,568103.0619659119,0.16239999,2.4789987,0.4645174666824444
3,2,568108.0621598024,0.16239999,2.4791703,0.46474284610868866
3,2,568113.062353693,0.16239999,2.4790177,0.46496822537140836
3,2,568118.0625475835,0.16239999,2.4792278,0.46519360581761804
3,2,568123.0627414739,0.16239999,2.479285,0.4654189854427307
3,2,568128.0629353644,0.16239999,2.4794376,0.4656443654810633
3,2,568133.0631292548,0.16239999,2.479457,0.4658697489869963
3,2,568138.0633231455,0.16239999,2.4796286,0.4660951337075676
3,2,568143.0635170359,0.16239999,2.4795332,0.46632051428270377
3,2,568148.0637109264,0.16239999,2.4797049,0.46654589471414637
3,2,568153.063904817,0.16239999,2.4798195,0.4667712764632399
3,2,568158.0640987075,0.16239999,2.4798958,0.4669966576245886
3,2,568163.064292598,0.16239999,2.4800677,0.46722203737604817
3,2,568168.064486488,0.16239999,2.480316,0.46744741745614793
3,2,568173.0646803784,0.16239999,2.4802012,0.46767280170255027
3,2,568178.0648742688,0.16239999,2.480354,0.46789818804606914
3,2,568183.0650681593,0.16239999,2.4803731,0.4681235747137032
3,2,568188.0652620497,0.16239999,2.4804876,0.46834896477886906
3,2,568193.0654559401,0.16239999,2.4806023,0.46857435249398605
3,2,568198.0656498307,0.16239999,2.4806404,0.4687997406743984
3,2,568203.0658437212,0.16239999,2.480793,0.4690251238069555
3,2,568208.0660376116,0.16239999,2.4808123,0.46925050905780946
3,2,568213.066231502,0.16239999,2.4808505,0.46947589338422524
3,2,568218.0664253924,0.16239999,2.4810221,0.46970127682855517
3,2,568223.066619283,0.16239999,2.4810796,0.4699266582089286
3,2,568228.0668131737,0.16239999,2.4813275,0.47015204134291616
3,2,568233.0670070644,0.16239999,2.4812894,0.47037742370303015
3,2,568238.067200955,0.16239999,2.4815185,0.47060280652183084
3,2,568243.0673948457,0.16239999,2.4815376,0.4708281895189281
3,2,568248.0675887363,0.16239999,2.4816139,0.47105357159600364
3,2,568253.067782627,0.16239999,2.481862,0.4712789537459873
3,2,568258.0679765176,0.16239999,2.4818048,0.47150433597667474
3,2,568263.0681704083,0.16239999,2.4819386,0.47172971695487076
3,2,568268.0683642989,0.16239999,2.482053,0.47195509914094746
3,2,568273.0685581896,0.16239999,2.4821484,0.47218048095011583
3,2,568278.0687520802,0.16239999,2.482225,0.4724058660974506
3,2,568283.0689459709,0.16239999,2.482454,0.4726312515211241
3,2,568288.0691398615,0.16239999,2.482244,0.47285663721016663
3,2,568293.0693337522,0.16239999,2.4825876,0.4730820216921994
3,2,568298.0695276428,0.16239999,2.4826257,0.47330740515988023
3,2,568303.0697215335,0.16239999,2.4826448,0.47353278985600705
3,2,568308.0699154241,0.16239999,2.4827595,0.47375817339228793
3,2,568313.0701093148,0.16239999,2.4826257,0.4739835547984329
3,2,568318.0703032054,0.16239999,2.4829502,0.47420893609885995
3,2,568323.0704970956,0.16239999,2.482893,0.4744343194511686
3,2,568328.0706909858,0.16239999,2.483103,0.47465970267436614
3,2,568333.070884876,0.16239999,2.4831984,0.47488508833077264
3,2,568338.0710787661,0.16239999,2.4832175,0.4751104743452946
3,2,568343.0712726563,0.16239999,2.483294,0.47533585971394393
3,2,568348.0714665465,0.16239999,2.4834275,0.4755612427467733
3,2,568353.0716604367,0.16239999,2.4835231,0.47578662734910476
3,2,568358.0718543269,0.16239999,2.4836757,0.4760120105259208
3,2,568363.072048217,0.16239999,2.483771,0.4762373927909422
3,2,568368.0722421072,0.16239999,2.4836566,0.4764627753039338
3,2,568373.0724359974,0.16239999,2.483771,0.47668815814850446
3,2,568378.0726298876,0.16239999,2.4839811,0.476913542646267
3,2,568383.0728237778,0.16239999,2.4840384,0.4771389283732297
3,2,568388.073017668,0.16239999,2.4843247,0.47736431841586663
3,2,568393.0732115582,0.16239999,2.4843247,0.4775897064091593
3,2,568398.0734054483,0.16239999,2.4843822,0.4778150921222548
3,2,568403.0735993385,0.16239999,2.4844966,0.47804047485070483
3,2,568408.0737932287,0.16239999,2.4846876,0.4782658581863159
3,2,568413.0739871189,0.16239999,2.4846685,0.47849124526839676
3,2,568418.0741810091,0.16239999,2.484783,0.478716631038865
3,2,568423.0743748993,0.16239999,2.4849167,0.4789420180929557
3,2,568428.0745687895,0.16239999,2.484974,0.47916740247596445
3,2,568433.0747626796,0.16239999,2.4850693,0.47939278709347355
3,2,568438.0749565698,0.16239999,2.485184,0.4796181708028504
3,2,568443.07515046,0.16239999,2.4853175,0.4798435583802161
3,2,568448.0753443502,0.16239999,2.485413,0.48006894316727555
3,2,568453.0755382404,0.16239999,2.4855275,0.4802943243073644
3,2,568458.0757321306,0.16239999,2.4854512,0.48051970602599003
3,2,568463.0759260207,0.16239999,2.4855466,0.4807450878992773
3,2,568468.0761199109,0.16239999,2.485623,0.4809704701383665
3,2,568473.0763138011,0.16239999,2.485871,0.48119585367248835
3,2,568478.0765076913,0.16239999,2.486024,0.48142123943409953
3,2,568483.0767015815,0.16239999,2.486062,0.48164662608595654
3,2,568488.0768954717,0.16239999,2.4861956,0.4818720152850032
3,2,568493.0770893618,0.16239999,2.4863293,0.4820974042324172
3,2,568498.077283252,0.16239999,2.486482,0.48232279248380544
3,2,568503.0774771422,0.16239999,2.4863484,0.4825481769324107
3,2,568508.0776710324,0.16239999,2.4866157,0.4827735617825501
3,2,568513.0778649226,0.16239999,2.486692,0.48299894908400254
3,2,568518.0780588128,0.16239999,2.486692,0.48322433630607897
3,2,568523.078252703,0.16239999,2.4868448,0.48344972158362176
3,2,568528.0784465931,0.16239999,2.4868066,0.48367510516734047
3,2,568533.0786404833,0.16239999,2.4872646,0.4839004907926035
3,2,568538.0788343735,0.16239999,2.4871502,0.4841258761508278
3,2,568543.0790282637,0.16239999,2.4873602,0.4843512612029947
3,2,568548.0792221539,0.16239999,2.4874556,0.48457664595499755
3,2,568553.079416044,0.16239999,2.4876084,0.48480202892596724
3,2,568558.0796099342,0.16239999,2.4875894,0.4850274117789628
3,2,568563.0798038244,0.16239999,2.4876847,0.4852527948992339
3,2,568568.0799977146,0.16239999,2.4876657,0.48547817682386557
3,2,568573.0801916048,0.16239999,2.4877992,0.48570355980040253
3,2,568578.080385495,0.16239999,2.487971,0.48592894675897014
3,2,568583.0805793852,0.16239999,2.487952,0.4861543339014471
3,2,568588.0807732753,0.16239999,2.4880283,0.4863797223687838
3,2,568593.0809671655,0.16239999,2.4880855,0.48660511079041036
3,2,568598.0811610557,0.16239999,2.488162,0.4868304984697281
3,2,568603.0813549459,0.16239999,2.4883718,0.4870558847595614
3,2,568608.0815488361,0.16239999,2.4884865,0.4872812704666219
3,2,568613.0817427263,0.16239999,2.4885628,0.48750665576955793
3,2,568618.0819366165,0.16239999,2.4884865,0.487732041789037
3,2,568623.0821305066,0.16239999,2.4888682,0.48795742961307154
3,2,568628.0823243968,0.16239999,2.4886582,0.48818281904741495
3,2,568633.082518287,0.16239999,2.4887729,0.4884082097661747
3,2,568638.0827121772,0.16239999,2.4888492,0.48863359755384045
3,2,568643.0829060674,0.16239999,2.4888873,0.4888589874206793
3,2,568648.0830999576,0.16239999,2.489002,0.48908437705632996
3,2,568653.0832938477,0.16239999,2.4891927,0.4893097665982581
3,2,568658.0834877379,0.16239999,2.489212,0.4895351570901601
3,2,568663.0836816281,0.16239999,2.489441,0.4897605447553408
3,2,568668.0838755183,0.16239999,2.4894793,0.4899859318158829
3,2,568673.0840694085,0.16239999,2.4894028,0.4902113195397626
3,2,568678.0842632987,0.16239999,2.4897847,0.4904367085601277
3,2,568683.0844571888,0.16239999,2.4898038,0.4906620999811577
3,2,568688.084651079,0.16239999,2.490052,0.4908874920755901
3,2,568693.0848449692,0.16239999,2.490033,0.49111288353841037
3,2,568698.0850388594,0.16239999,2.4901664,0.4913382746640546
3,2,568703.0852327496,0.16239999,2.490052,0.49156366395886353
3,2,568708.0854266398,0.16239999,2.4902427,0.4917890534217932
3,2,568713.08562053,0.16239999,2.4902236,0.4920144423638544
3,2,568718.0858144201,0.16239999,2.4903765,0.49223983160428236
3,2,568723.0860083103,0.16239999,2.4904146,0.4924652181095641
3,2,568728.0862022005,0.16239999,2.4904718,0.49269060402386083
3,2,568733.0863960907,0.16239999,2.4905674,0.4929159914036586
3,2,568738.0865899809,0.16239999,2.4906628,0.49314137833632965
3,2,568743.086783871,0.16239999,2.490701,0.4933667639687742
3,2,568748.0869777612,0.16239999,2.490911,0.49359215002118073
3,2,568753.0871716514,0.16239999,2.4910254,0.4938175379007113
3,2,568758.0873655416,0.16239999,2.491102,0.4940429267239457
3,2,568763.0875594318,0.16239999,2.4912927,0.4942683135755577
3,2,568768.087753322,0.16239999,2.4912546,0.49449369821418176
3,2,568773.0879472122,0.16239999,2.4914646,0.49471908318176305
3,2,568778.0881411023,0.16239999,2.4915981,0.4949444689295824
3,2,568783.0883349925,0.16239999,2.491541,0.4951698526866612
3,2,568788.0885288827,0.16239999,2.491579,0.4953952382160204
3,2,568793.0887227729,0.16239999,2.4916747,0.4956206246783868
3,2,568798.0889166631,0.16239999,2.4916937,0.4958460131838763
3,2,568803.0891105533,0.16239999,2.491751,0.4960714046860489
3,2,568808.0893044434,0.16239999,2.4918654,0.49629679736580723
3,2,568813.0894983336,0.16239999,2.491961,0.4965221894762129
3,2,568818.0896922238,0.16239999,2.491961,0.4967475819769338
3,2,568823.089886114,0.16239999,2.491942,0.4969729729865725
3,2,568828.0900800042,0.16239999,2.4921901,0.49719836525255623
3,2,568833.0902738944,0.16239999,2.4923046,0.4974237576521181
3,2,568838.0904677846,0.16239999,2.492419,0.4976491491435958
3,2,568843.0906616747,0.16239999,2.4925146,0.4978745412429788
3,2,568848.0908555649,0.16239999,2.4926863,0.49809993483021126
3,2,568853.0910494551,0.16239999,2.4927247,0.49832532661329143
3,2,568858.0912433453,0.16239999,2.492801,0.49855071833051756
3,2,568863.0914372355,0.16239999,2.492992,0.49877610869223393
3,2,568868.0916311257,0.16239999,2.4931827,0.49900149885018436
3,2,568873.0918250158,0.16239999,2.492992,0.4992268902009661
3,2,568878.092018906,0.16239999,2.4932399,0.49945228280064313
3,2,568883.0922127962,0.16239999,2.4934309,0.4996776720485192
3,2,568888.0924066864,0.16239999,2.4935455,0.499903062031987
3,2,568893.0926005766,0.16239999,2.493488,0.5001284525363116
3,2,568898.0927944668,0.16239999,2.4937172,0.5003538406449027
3,2,568903.092988357,0.16239999,2.4938128,0.5005792291924193
3,2,568908.0931822471,0.16239999,2.493889,0.5008046203202217
3,2,568913.0933761373,0.16239999,2.4939272,0.5010300128402818
3,2,568918.0935700275,0.16239999,2.4941373,0.5012554043655363
3,2,568923.0937639177,0.16239999,2.4941373,0.5014807959716635
3,2,568928.0939578079,0.16239999,2.4944427,0.5017061877956035
3,2,568933.094151698,0.16239999,2.4945,0.5019315783968162
3,2,568938.0943455882,0.16239999,2.4945,0.5021569700131822
3,2,568943.0945394784,0.16239999,2.4944808,0.5023823618065723
3,2,568948.0947333686,0.16239999,2.4947863,0.5026077544476737
3,2,568953.0949272588,0.16239999,2.4947863,0.5028331449289147
3,2,568958.095121149,0.16239999,2.494901,0.5030585349342367
3,2,568963.0953150392,0.16239999,2.4949772,0.5032839224712574
3,2,568968.0955089293,0.16239999,2.4950917,0.5035093106062609
3,2,568973.0957028195,0.16239999,2.4952254,0.503734698462828
3,2,568978.0958967097,0.16239999,2.4952445,0.5039600847847874
3,2,568983.0960905999,0.16239999,2.495378,0.5041854731530023
3,2,568988.0962844901,0.16239999,2.495359,0.504410860176294
3,2,568993.0964783803,0.16239999,2.4956262,0.5046362485558347
3,2,568998.0966722704,0.16239999,2.49576,0.5048616366658473
3,2,569003.0968661606,0.16239999,2.4959507,0.5050870248267697
3,2,569008.0970600508,0.16239999,2.4959126,0.5053124148424447
3,2,569013.097253941,0.16239999,2.4959316,0.5055378036845266
3,2,569018.0974478312,0.16239999,2.4961035,0.5057631913308176
3,2,569023.0976417214,0.16239999,2.4961607,0.5059885775941683
3,2,569028.0978356116,0.16239999,2.496218,0.5062139662037531
3,2,569033.0980295017,0.16239999,2.4962945,0.5064393551486605
3,2,569038.0982233919,0.16239999,2.4962754,0.5066647454792573
3,2,569043.0984172821,0.16239999,2.4965808,0.5068901349107074
3,2,569048.0986111723,0.16239999,2.4966953,0.5071155252960993
3,2,569053.0988050625,0.16239999,2.4967144,0.5073409135964055
3,2,569058.0989989527,0.16239999,2.496791,0.5075663014966554
3,2,569063.0991928428,0.16239999,2.4969625,0.5077916888639908
3,2,569068.099386733,0.16239999,2.497249,0.5080170740204732
3,2,569073.0995806232,0.16239999,2.4970388,0.5082424589414047
3,2,569078.0997745134,0.16239999,2.4974399,0.5084678437282208
3,2,569083.0999684036,0.16239999,2.4974399,0.508693226737008
3,2,569088.1001622938,0.16239999,2.4976308,0.5089186098320398
3,2,569093.100356184,0.16239999,2.49765,0.5091439931213373
3,2,569098.1005500741,0.16239999,2.4978597,0.5093693761463287
3,2,569103.1007439643,0.16239999,2.4979553,0.5095947583610777
3,2,569108.1009378545,0.16239999,2.4980316,0.5098201438580285
3,2,569113.1011317447,0.16239999,2.498108,0.510045528583884
3,2,569118.1013256349,0.16239999,2.498318,0.5102709138843622
3,2,569123.101519525,0.16239999,2.4984517,0.5104962994491364
3,2,569128.1017134152,0.16239999,2.498528,0.5107216849976552
3,2,569133.1019073054,0.16239999,2.4986424,0.5109470718800473
3,2,569138.1021011956,0.16239999,2.4986808,0.5111724572655266
3,2,569143.1022950858,0.16239999,2.4989479,0.5113978423257617
3,2,569148.102488976,0.16239999,2.4987762,0.5116232280719957
3,2,569153.1026828662,0.16239999,2.4990816,0.5118486154370695
3,2,569158.1028767563,0.16239999,2.4992726,0.5120740009686904
3,2,569163.1030706465,0.16239999,2.4992917,0.5122993859313153
3,2,569168.1032645367,0.16239999,2.4992535,0.5125247699788061
3,2,569173.1034584269,0.16239999,2.4995399,0.512750153983611
3,2,569178.1036523171,0.16239999,2.499578,0.5129755398568998
3,2,569183.1038462073,0.16239999,2.499578,0.5132009250696233
3,2,569188.1040400974,0.16239999,2.4997115,0.5134263113940886
3,2,569193.1042339876,0.16239999,2.4998071,0.513651697142479
3,2,569198.1044278778,0.16239999,2.4999406,0.5138770879649758
3,2,569203.104621768,0.16239999,2.5001507,0.5141024797282109
3,2,569208.1048156582,0.16239999,2.5000744,0.51432786739124
3,2,569213.1050095484,0.16239999,2.5001888,0.5145532547305381
3,2,569218.1052034386,0.16239999,2.5003989,0.5147786418854402
3,2,569223.1053973287,0.16239999,2.5005515,0.5150040284331853
3,2,569228.1055912189,0.16239999,2.5005133,0.5152294156341873
3,2,569233.1057851091,0.16239999,2.5007997,0.5154547991905616
3,2,569238.1059789993,0.16239999,2.5008187,0.5156801803990079
3,2,569243.1061728895,0.16239999,2.5010097,0.51590556260739
3,2,569248.1063667797,0.16239999,2.501086,0.5161309462109388
3,2,569253.1065606698,0.16239999,2.5011816,0.5163563293668535
3,2,569258.10675456,0.16239999,2.5011816,0.5165817133600388
3,2,569263.1069484502,0.16239999,2.5012388,0.5168070985913019
3,2,569268.1071423404,0.16239999,2.501506,0.5170324834979722
3,2,569273.1073362306,0.16239999,2.5014107,0.5172578640295555
3,2,569278.1075301208,0.16239999,2.501697,0.5174832445321347
3,2,569283.107724011,0.16239999,2.5017161,0.5177086233695761
3,2,569288.1079179011,0.16239999,2.5018115,0.5179340030767843
3,2,569293.1081117913,0.16239999,2.5020406,0.518159387029916
3,2,569298.1083056815,0.16239999,2.502136,0.5183847736899249
3,2,569303.1084995717,0.16239999,2.502117,0.5186101607278131
3,2,569308.1086934619,0.16239999,2.5022888,0.5188355455767405
3,2,569313.108887352,0.16239999,2.5023842,0.5190609293946847
3,2,569318.1090812422,0.16239999,2.5024798,0.519286316800471
3,2,569323.1092751324,0.16239999,2.5025942,0.5195117044457164
3,2,569328.1094690226,0.16239999,2.502537,0.5197370929784352
3,2,569333.1096629128,0.16239999,2.5026133,0.5199624831456136
3,2,569338.109856803,0.16239999,2.5027277,0.5201878749785654
3,2,569343.1100506932,0.16239999,2.5028234,0.5204132664241401
3,2,569348.1102445833,0.16239999,2.5030906,0.5206386579121657
3,2,569353.1104384735,0.16239999,2.503205,0.5208640524859718
3,2,569358.1106323637,0.16239999,2.5032241,0.5210894452551628
3,2,569363.1108262539,0.16239999,2.503358,0.5213148387312234
3,2,569368.1110201441,0.16239999,2.5034914,0.5215402319105813
3,2,569373.1112140343,0.16239999,2.5034533,0.5217656256300748
3,2,569378.1114079244,0.16239999,2.503606,0.5219910159234685
3,2,569383.1116018146,0.16239999,2.5038733,0.5222164050567993
3,2,569388.1117957048,0.16239999,2.5039687,0.5224417944670475
3,2,569393.111989595,0.16239999,2.504255,0.5226671816958486
3,2,569398.1121834852,0.16239999,2.5041978,0.5228925682803739
3,2,569403.1123773754,0.16239999,2.5043314,0.523117957318464
3,2,569408.1125712655,0.16239999,2.504656,0.5233433453452504
3,2,569413.1127651557,0.16239999,2.5045605,0.5235687332132086
3,2,569418.1129590459,0.16239999,2.5047896,0.5237941207070383
3,2,569423.1131529361,0.16239999,2.5047324,0.5240195067754007
3,2,569428.1133468263,0.16239999,2.504904,0.5242448914175083
3,2,569433.1135407165,0.16239999,2.5049996,0.5244702772077976
3,2,569438.1137346067,0.16239999,2.504885,0.524695661848738
3,2,569443.1139284968,0.16239999,2.5052478,0.5249210460651086
3,2,569448.114122387,0.16239999,2.5053813,0.5251464305223268
3,2,569453.1143162772,0.16239999,2.505496,0.5253718163814504
3,2,569458.1145101674,0.16239999,2.5055342,0.5255972029370368
3,2,569463.1147040576,0.16239999,2.5056677,0.5258225902855521
3,2,569468.1148979478,0.16239999,2.5055532,0.5260479787874371
3,2,569473.115091838,0.16239999,2.5057442,0.5262733665711914
3,2,569478.1152857281,0.16239999,2.5056868,0.5264987539741497
3,2,569483.1154796183,0.16239999,2.5058968,0.5267241407915239
3,2,569488.1156735085,0.16239999,2.5060496,0.5269495241544173
3,2,569493.1158673987,0.16239999,2.506317,0.5271749065818597
3,2,569498.1160612889,0.16239999,2.506355,0.5274002908880554
3,2,569503.116255179,0.16239999,2.5063932,0.5276256750676127
3,2,569508.1164490692,0.16239999,2.5067177,0.5278510620809992
3,2,569513.1166429594,0.16239999,2.5065842,0.528076449939592
3,2,569518.1168368496,0.16239999,2.5066414,0.5283018386544999
3,2,569523.1170307398,0.16239999,2.5068324,0.5285272248795214
3,2,569528.1172246304,0.16239999,2.5068324,0.528752611227706
3,2,569533.1174185211,0.16239999,2.5068705,0.5289779972457869
3,2,569538.1176124117,0.16239999,2.5071187,0.5292033836443175
3,2,569543.1178063024,0.16239999,2.5072713,0.5294287704224802
3,2,569548.118000193,0.16239999,2.5072713,0.5296541586584308
3,2,569553.1181940837,0.16239999,2.5074813,0.5298795447471945
3,2,569558.1183879743,0.16239999,2.5075576,0.530104930920249
3,2,569563.1185818645,0.16239999,2.5075195,0.5303303173023644
3,2,569568.1187757552,0.16239999,2.5078058,0.5305557034787055
3,2,569573.1189696458,0.16239999,2.507844,0.5307810909088436
3,2,569578.1191635365,0.16239999,2.5081494,0.5310064800179286
3,2,569583.1193574271,0.16239999,2.5080922,0.5312318658743286
3,2,569588.1195513178,0.16239999,2.508073,0.5314572507835561
3,2,569593.1197452084,0.16239999,2.5081687,0.5316826343032346
3,2,569598.1199390991,0.16239999,2.508455,0.531908015972361
3,2,569603.1201329897,0.16239999,2.5084167,0.5321333981757413
3,2,569608.1203268804,0.16239999,2.5085695,0.532358779997002
3,2,569613.120520771,0.16239999,2.5086648,0.5325841646729501
3,2,569618.1207146617,0.16239999,2.5088177,0.5328095484980196
3,2,569623.1209085523,0.16239999,2.5089705,0.5330349328017882
3,2,569628.1211024427,0.16239999,2.5090659,0.5332603157634935
3,2,569633.1212963331,0.16239999,2.5091422,0.533485698688023
3,2,569638.1214902238,0.16239999,2.5092568,0.5337110821468849
3,2,569643.1216841142,0.16239999,2.509314,0.5339364654648994
3,2,569648.1218780046,0.16239999,2.5093331,0.5341618486080413
3,2,569653.122071895,0.16239999,2.5094666,0.5343872340167962
3,2,569658.1222657855,0.16239999,2.5096958,0.5346126173743798
3,2,569663.1224596759,0.16239999,2.5096767,0.5348379994762078
3,2,569668.1226535663,0.16239999,2.509925,0.5350633837997104
3,2,569673.1228474567,0.16239999,2.5099058,0.5352887663247488
3,2,569678.1230413471,0.16239999,2.5100393,0.5355141487131311
3,2,569683.1232352377,0.16239999,2.510135,0.5357395327475867
3,2,569688.1234291282,0.16239999,2.5102112,0.5359649156947609
3,2,569693.1236230187,0.16239999,2.5104213,0.5361903010404798
3,2,569698.1238169093,0.16239999,2.5105739,0.5364156877637573
3,2,569703.1240107998,0.16239999,2.5105932,0.5366410725693505
3,2,569708.1242046903,0.16239999,2.5106504,0.5368664568639092
3,2,569713.1243985809,0.16239999,2.5106504,0.5370918407037962
3,2,569718.1245924714,0.16239999,2.5108602,0.5373172258491988
3,2,569723.1247863615,0.16239999,2.5110703,0.5375426118615121
3,2,569728.124980252,0.16239999,2.511185,0.5377679981463014
3,2,569733.1251741425,0.16239999,2.5110893,0.5379933850510618
3,2,569738.1253680331,0.16239999,2.5112612,0.5382187763390186
3,2,569743.1255619235,0.16239999,2.5115285,0.5384441669636204
3,2,569748.1257558141,0.16239999,2.5115094,0.5386695591043011
3,2,569753.1259497046,0.16239999,2.5117767,0.5388949513474166
3,2,569758.1261435951,0.16239999,2.5118148,0.5391203413835723
3,2,569763.1263374856,0.16239999,2.5119486,0.5393457302037437
3,2,569768.1265313762,0.16239999,2.5121965,0.5395711202058661
3,2,569773.1267252667,0.16239999,2.512254,0.5397965115835568
3,2,569778.1269191572,0.16239999,2.512235,0.5400219036810846
3,2,569783.1271130478,0.16239999,2.5122921,0.5402472944103621
3,2,569788.1273069382,0.16239999,2.5125213,0.5404726849388084
3,2,569793.1275008286,0.16239999,2.512693,0.5406980733618241
3,2,569798.127694719,0.16239999,2.5128076,0.5409234603306031
3,2,569803.1278886097,0.16239999,2.5127885,0.5411488462978362
3,2,569808.1280825001,0.16239999,2.512922,0.5413742329655307
3,2,569813.1282763905,0.16239999,2.513094,0.5415996196908505
3,2,569818.1284702809,0.16239999,2.513094,0.5418250075198463
3,2,569823.1286641713,0.16239999,2.5132465,0.5420503978978802
3,2,569828.1288580617,0.16239999,2.5132275,0.5422757896101236
3,2,569833.1290519522,0.16239999,2.513552,0.542501181492876
3,2,569838.1292458428,0.16239999,2.5136666,0.5427265728799917
3,2,569843.1294397335,0.16239999,2.513743,0.5429519633591416
3,2,569848.1296336241,0.16239999,2.513762,0.5431773533991626
3,2,569853.1298275148,0.16239999,2.513991,0.5434027457167425
3,2,569858.1300214054,0.16239999,2.513934,0.5436281365281825
3,2,569863.130215296,0.16239999,2.5142584,0.5438535291866521
3,2,569868.1304091867,0.16239999,2.5143538,0.544078922545987
3,2,569873.1306030774,0.16239999,2.5143728,0.5443043145607297
3,2,569878.130796968,0.16239999,2.514621,0.5445297059007329
3,2,569883.1309908587,0.16239999,2.514602,0.5447550966053805
3,2,569888.1311847488,0.16239999,2.5147357,0.5449804879659771
3,2,569893.1313786395,0.16239999,2.5149648,0.5452058771540176
3,2,569898.1315725301,0.16239999,2.5149267,0.5454312642903055
3,2,569903.1317664208,0.16239999,2.5150602,0.5456566520699876
3,2,569908.1319603114,0.16239999,2.515213,0.545882038826253
3,2,569913.1321542021,0.16239999,2.5152893,0.5461074237831351
3,2,569918.1323480927,0.16239999,2.5152702,0.5463328099010265
3,2,569923.1325419834,0.16239999,2.5154803,0.5465581984468485
3,2,569928.132735874,0.16239999,2.5155184,0.5467835853686376
3,2,569933.1329297647,0.16239999,2.5156329,0.5470089708813803
3,2,569938.1331236549,0.16239999,2.5156138,0.5472343571025996
3,2,569943.133317545,0.16239999,2.5157857,0.547459744126604
3,2,569948.1335114352,0.16239999,2.516072,0.5476851308218408
3,2,569953.1337053254,0.16239999,2.5160148,0.5479105160261303
3,2,569958.1338992156,0.16239999,2.5161483,0.5481359028158769
3,2,569963.1340931058,0.16239999,2.5163012,0.5483612876815251
3,2,569968.134286996,0.16239999,2.5164537,0.548586675857891
3,2,569973.1344808862,0.16239999,2.5166447,0.5488120634974533
3,2,569978.1346747763,0.16239999,2.516702,0.5490374504499635
3,2,569983.1348686665,0.16239999,2.5170264,0.5492628367841328
3,2,569988.1350625567,0.16239999,2.517103,0.5494882229472516
3,2,569993.1352564469,0.16239999,2.5171983,0.5497136104043674
3,2,569998.1354503371,0.16239999,2.5171983,0.5499389957909386
3,2,570003.1356442273,0.16239999,2.5174274,0.5501643794319283
3,2,570008.1358381175,0.16239999,2.5174847,0.5503897648793659
3,2,570013.1360320076,0.16239999,2.5177138,0.5506151498848143
3,2,570018.1362258978,0.16239999,2.5178282,0.5508405342087573
3,2,570023.136419788,0.16239999,2.5179238,0.5510659213021217
3,2,570028.1366136782,0.16239999,2.517981,0.5512913109781172
3,2,570033.1368075684,0.16239999,2.5182483,0.5515166979032797
3,2,570038.1370014586,0.16239999,2.51842,0.5517420859056688
3,2,570043.1371953487,0.16239999,2.5185156,0.5519674739539724
3,2,570048.1373892389,0.16239999,2.5183246,0.5521928613685909
3,2,570053.1375831291,0.16239999,2.5187638,0.5524182495255422
3,2,570058.1377770193,0.16239999,2.5187256,0.5526436378374879
3,2,570063.1379709095,0.16239999,2.518821,0.5528690252757968
3,2,570068.1381647997,0.16239999,2.5191073,0.5530944117022324
3,2,570073.1383586898,0.16239999,2.5189736,0.5533197980606259
3,2,570078.13855258,0.16239999,2.5190501,0.5535451818903082
3,2,570083.1387464702,0.16239999,2.5193937,0.5537705654339561
3,2,570088.1389403604,0.16239999,2.519451,0.5539959505222161
3,2,570093.1391342506,0.16239999,2.5197182,0.5542213372108235
3,2,570098.1393281408,0.16239999,2.5199282,0.5544467199052533
3,2,570103.139522031,0.16239999,2.5201,0.5546721024016036
3,2,570108.1397159211,0.16239999,2.5201383,0.5548974854288037
3,2,570113.1399098113,0.16239999,2.5202718,0.5551228724018958
3,2,570118.1401037015,0.16239999,2.5204055,0.5553482608999522
3,2,570123.1402975917,0.16239999,2.520539,0.5555736474169545
3,2,570128.1404914819,0.16239999,2.520539,0.5557990353785284
3,2,570133.140685372,0.16239999,2.520711,0.5560244213328588
3,2,570138.1408792622,0.16239999,2.5208063,0.556249808094419
3,2,570143.1410731524,0.16239999,2.5209782,0.5564751928121691
3,2,570148.1412670426,0.16239999,2.5210545,0.5567005755537975
3,2,570153.1414609328,0.16239999,2.5212264,0.5569259587751721
3,2,570158.141654823,0.16239999,2.5212646,0.5571513419756479
3,2,570163.1418487132,0.16239999,2.5212646,0.557376724015247
3,2,570168.1420426033,0.16239999,2.521398,0.5576021051409074
3,2,570173.1422364935,0.16239999,2.5216463,0.5578274891112971
3,2,570178.1424303837,0.16239999,2.5218754,0.558052873043909
3,2,570183.1426242739,0.16239999,2.5220091,0.5582782567079574
3,2,570188.1428181641,0.16239999,2.5220854,0.5585036425851188
3,2,570193.1430120543,0.16239999,2.5222573,0.5587290294870404
3,2,570198.1432059444,0.16239999,2.522448,0.5589544166097666
3,2,570203.1433998346,0.16239999,2.5225246,0.5591798034090425
3,2,570208.1435937248,0.16239999,2.5227535,0.5594051902922897
3,2,570213.143787615,0.16239999,2.52283,0.5596305764585974
3,2,570218.1439815052,0.16239999,2.5228682,0.5598559629234854
3,2,570223.1441753954,0.16239999,2.5230207,0.560081349795286
3,2,570228.1443692856,0.16239999,2.5231736,0.5603067380544419
3,2,570233.1445631757,0.16239999,2.523288,0.5605321274909054
3,2,570238.1447570659,0.16239999,2.5233645,0.5607575144653635
3,2,570243.1449509561,0.16239999,2.523479,0.5609829023653492
3,2,570248.1451448463,0.16239999,2.5235937,0.5612082891055519
3,2,570253.1453387365,0.16239999,2.5238225,0.5614336746167367
3,2,570258.1455326267,0.16239999,2.5237844,0.5616590615267646
3,2,570263.1457265168,0.16239999,2.5240135,0.561884448502765
3,2,570268.145920407,0.16239999,2.5241663,0.5621098356694066
3,2,570273.1461142972,0.16239999,2.524357,0.5623352225419093
3,2,570278.1463081874,0.16239999,2.524357,0.5625606096818315
3,2,570283.1465020776,0.16239999,2.524548,0.5627859990613809
3,2,570288.1466959678,0.16239999,2.5246434,0.563011386376564
3,2,570293.146889858,0.16239999,2.5248153,0.5632367745413309
3,2,570298.1470837481,0.16239999,2.5249872,0.5634621637107283
3,2,570303.1472776383,0.16239999,2.5250444,0.5636875524229101
3,2,570308.1474715285,0.16239999,2.525159,0.5639129395070176
3,2,570313.1476654187,0.16239999,2.5252163,0.5641383271778475
3,2,570318.1478593089,0.16239999,2.5252545,0.5643637142970646
3,2,570323.148053199,0.16239999,2.5255027,0.564589102935681
3,2,570328.1482470892,0.16239999,2.5252926,0.5648144910753188
3,2,570333.1484409794,0.16239999,2.525579,0.5650398807605009
3,2,570338.1486348696,0.16239999,2.5256171,0.5652652746801055
3,2,570343.1488287598,0.16239999,2.5259798,0.565490666618507
3,2,570348.14902265,0.16239999,2.5260754,0.565716059447849
3,2,570353.1492165402,0.16239999,2.5260944,0.5659414513268256
3,2,570358.1494104303,0.16239999,2.5261517,0.5661668410166651
3,2,570363.1496043205,0.16239999,2.526228,0.5663922294117378
3,2,570368.1497982107,0.16239999,2.5264761,0.566617620252452
3,2,570373.1499921009,0.16239999,2.526629,0.5668430112224172
3,2,570378.1501859911,0.16239999,2.5267243,0.5670684036215635
3,2,570383.1503798813,0.16239999,2.526839,0.5672937948945372
3,2,570388.1505737714,0.16239999,2.5267816,0.5675191858124751
3,2,570393.1507676616,0.16239999,2.5269725,0.5677445764030798
3,2,570398.1509615518,0.16239999,2.5269916,0.5679699647058125
3,2,570403.151155442,0.16239999,2.5273926,0.5681953508498612
3,2,570408.1513493322,0.16239999,2.5274498,0.5684207374616713
3,2,570413.1515432224,0.16239999,2.527488,0.5686461209417516
3,2,570418.1517371126,0.16239999,2.5277553,0.5688715050311586
3,2,570423.1519310027,0.16239999,2.5279078,0.5690968881155948
3,2,570428.1521248929,0.16239999,2.5280797,0.5693222705592935
3,2,570433.1523187831,0.16239999,2.528156,0.5695476542498262
3,2,570438.1525126733,0.16239999,2.5283852,0.5697730404705662
3,2,570443.1527065635,0.16239999,2.528366,0.5699984276977852
3,2,570448.1529004537,0.16239999,2.5286143,0.5702238151499174
3,2,570453.1530943438,0.16239999,2.5288625,0.5704492007098786
3,2,570458.153288234,0.16239999,2.528748,0.5706745865782632
3,2,570463.1534821242,0.16239999,2.5289578,0.5708999709321898
3,2,570468.1536760144,0.16239999,2.528996,0.5711253548439559
3,2,570473.1538699046,0.16239999,2.529187,0.5713507407282392
3,2,570478.1540637948,0.16239999,2.529397,0.5715761283997033
3,2,570483.154257685,0.16239999,2.5294352,0.5718015154721489
3,2,570488.1544515751,0.16239999,2.5295305,0.5720269005487106
3,2,570493.1546454653,0.16239999,2.5297596,0.57225228641713
3,2,570498.1548393555,0.16239999,2.5299125,0.572477672488316
3,2,570503.1550332457,0.16239999,2.530027,0.5727030553037408
3,2,570508.1552271359,0.16239999,2.530218,0.5729284386326993
3,2,570513.155421026,0.16239999,2.5302942,0.5731538197385676
3,2,570518.1556149162,0.16239999,2.530428,0.5733792023955375
3,2,570523.1558088064,0.16239999,2.5307143,0.573604585740812
3,2,570528.1560026966,0.16239999,2.530638,0.5738299669619888
3,2,570533.1561965868,0.16239999,2.530657,0.5740553484532476
3,2,570538.156390477,0.16239999,2.5307715,0.5742807314644065
3,2,570543.1565843672,0.16239999,2.5309243,0.5745061145888946
3,2,570548.1567782573,0.16239999,2.5311341,0.5747314983526243
3,2,570553.1569721475,0.16239999,2.531268,0.5749568817781076
3,2,570558.1571660377,0.16239999,2.5314014,0.5751822660259801
3,2,570563.1573599279,0.16239999,2.531497,0.5754076479958757
3,2,570568.1575538181,0.16239999,2.5315542,0.5756330297921596
3,2,570573.1577477083,0.16239999,2.5316877,0.5758584107627858
3,2,570578.1579415984,0.16239999,2.5318787,0.5760837929183896
3,2,570583.1581354886,0.16239999,2.5318596,0.5763091748911744
3,2,570588.1583293788,0.16239999,2.5320506,0.5765345567605012
3,2,570593.158523269,0.16239999,2.5321841,0.576759940254717
3,2,570598.1587171592,0.16239999,2.5324132,0.5769853208595711
3,2,570603.1589110494,0.16239999,2.532375,0.5772107027644
3,2,570608.1591049396,0.16239999,2.5326042,0.577436085748635
3,2,570613.1592988297,0.16239999,2.5328524,0.5776614707197487
3,2,570618.1594927199,0.16239999,2.5328524,0.5778868554703359
3,2,570623.1596866101,0.16239999,2.533024,0.5781122408779311
3,2,570628.1598805003,0.16239999,2.5332723,0.5783376249461462
3,2,570633.1600743905,0.16239999,2.533387,0.5785630066803982
3,2,570638.1602682807,0.16239999,2.533425,0.57878839016465
3,2,570643.1604621708,0.16239999,2.5335014,0.5790137770319372
3,2,570648.160656061,0.16239999,2.5336351,0.5792391663902615
3,2,570653.1608499512,0.16239999,2.533845,0.5794645557096292
3,2,570658.1610438414,0.16239999,2.5339787,0.579689944647509
3,2,570663.1612377316,0.16239999,2.5341887,0.5799153350809554
3,2,570668.1614316218,0.16239999,2.5341887,0.5801407251150515
3,2,570673.161625512,0.16239999,2.534475,0.5803661148525111
3,2,570678.1618194021,0.16239999,2.5346086,0.5805915044970851
3,2,570683.1620132923,0.16239999,2.5347042,0.5808168940375744
3,2,570688.1622071825,0.16239999,2.5349522,0.5810422863782643
3,2,570693.1624010727,0.16239999,2.5350287,0.5812676757038773
3,2,570698.1625949629,0.16239999,2.535334,0.5814930632731516
3,2,570703.162788853,0.16239999,2.5354486,0.5817184509050887
3,2,570708.1629827432,0.16239999,2.5355823,0.5819438389191701
3,2,570713.1631766334,0.16239999,2.5356014,0.5821692275927232
3,2,570718.1633705236,0.16239999,2.535945,0.5823946161805648
3,2,570723.1635644138,0.16239999,2.5360405,0.5826200034069378
3,2,570728.163758304,0.16239999,2.536174,0.5828453874096176
3,2,570733.1639521942,0.16239999,2.5362122,0.5830707711452204
3,2,570738.1641460843,0.16239999,2.536327,0.5832961544132688
3,2,570743.1643399745,0.16239999,2.5365748,0.5835215402544016
3,2,570748.1645338647,0.16239999,2.536785,0.5837469258305322
3,2,570753.1647277549,0.16239999,2.536995,0.583972309323324
3,2,570758.1649216451,0.16239999,2.536995,0.5841976946839276
3,2,570763.1651155353,0.16239999,2.537014,0.5844230793287662
3,2,570768.1653094254,0.16239999,2.5373385,0.5846484634983506
3,2,570773.1655033156,0.16239999,2.5373385,0.5848738476283584
3,2,570778.1656972058,0.16239999,2.5374532,0.5850992317706984
3,2,570783.165891096,0.16239999,2.5377586,0.5853246181393349
3,2,570788.1660849862,0.16239999,2.537663,0.5855500038927745
3,2,570793.1662788764,0.16239999,2.5379496,0.5857753888844277
3,2,570798.1664727665,0.16239999,2.538236,0.5860007749192285
3,2,570803.1666666567,0.16239999,2.5381784,0.5862261628072387
3,2,570808.1668605469,0.16239999,2.5383313,0.5864515508619895
3,2,570813.1670544371,0.16239999,2.5387704,0.5866769376065633
3,2,570818.1672483273,0.16239999,2.5387514,0.5869023218837008
3,2,570823.1674422175,0.16239999,2.5389612,0.5871277056203394
3,2,570828.1676361077,0.16239999,2.5389802,0.5873530891736424
3,2,570833.1678299978,0.16239999,2.5391712,0.5875784734048878
3,2,570838.168023888,0.16239999,2.5395148,0.5878038571120981
3,2,570843.1682177782,0.16239999,2.5394766,0.5880292422799502
3,2,570848.1684116684,0.16239999,2.5397248,0.5882546275679934
3,2,570853.1686055586,0.16239999,2.5398202,0.5884800158821395
3,2,570858.1687994488,0.16239999,2.5398777,0.5887054011299478
3,2,570863.168993339,0.16239999,2.5398011,0.5889307850416619
3,2,570868.1691872291,0.16239999,2.5400875,0.589156171279106
3,2,570873.1693811193,0.16239999,2.5402021,0.5893815577953451
3,2,570878.1695750095,0.16239999,2.5405838,0.5896069455474302
3,2,570883.1697688997,0.16239999,2.540603,0.589832331127152
3,2,570888.1699627899,0.16239999,2.5407176,0.5900577165589765
3,2,570893.17015668,0.16239999,2.5409083,0.5902831023778926
3,2,570898.1703505702,0.16239999,2.5411184,0.5905084885525822
3,2,570903.1705444604,0.16239999,2.541233,0.5907338731284848
3,2,570908.1707383506,0.16239999,2.5412903,0.5909592568385861
3,2,570913.1709322408,0.16239999,2.5416148,0.5911846385564707
3,2,570918.171126131,0.16239999,2.5417485,0.5914100188880905
3,2,570923.1713200212,0.16239999,2.541901,0.5916354010454428
3,2,570928.1715139113,0.16239999,2.5421493,0.5918607816640266
3,2,570933.1717078015,0.16239999,2.5421875,0.5920861587290717
3,2,570938.1719016917,0.16239999,2.5424738,0.5923115360644975
3,2,570943.1720955819,0.16239999,2.5423975,0.5925369145035679
3,2,570948.1722894721,0.16239999,2.542512,0.5927622935069479
3,2,570953.1724833623,0.16239999,2.5428748,0.5929876733996076
3,2,570958.1726772524,0.16239999,2.5428176,0.5932130548108181
3,2,570963.1728711426,0.16239999,2.5429893,0.5934384363355829
3,2,570968.1730650328,0.16239999,2.5430465,0.593663819745564
3,2,570973.173258923,0.16239999,2.5433328,0.5938892039827177
3,2,570978.1734528132,0.16239999,2.5432947,0.5941145901111615
3,2,570983.1736467034,0.16239999,2.5435238,0.5943399752421912
3,2,570988.1738405935,0.16239999,2.5434475,0.5945653609835285
3,2,570993.1740344837,0.16239999,2.5438673,0.5947907451454512
3,2,570998.1742283739,0.16239999,2.543944,0.5950161289093042
3,2,571003.1744222641,0.16239999,2.5441155,0.5952415080941365
3,2,571008.1746161543,0.16239999,2.544421,0.5954668891993004
3,2,571013.1748100445,0.16239999,2.544612,0.5956922702825388
3,2,571018.1750039347,0.16239999,2.5446692,0.5959176515902881
3,2,571023.1751978248,0.16239999,2.5448792,0.5961430325251995
3,2,571028.175391715,0.16239999,2.545013,0.596368412146038
3,2,571033.1755856052,0.16239999,2.5452228,0.5965937923184438
3,2,571038.1757794954,0.16239999,2.5453947,0.5968191681116343
3,2,571043.1759733856,0.16239999,2.5456047,0.5970445443530483
3,2,571048.1761672758,0.16239999,2.545853,0.5972699214999555
3,2,571053.1763611659,0.16239999,2.5461202,0.5974953000919416
3,2,571058.1765550561,0.16239999,2.5464065,0.5977206785292488
3,2,571063.1767489463,0.16239999,2.5461583,0.5979460584168313
3,2,571068.1769428365,0.16239999,2.5463684,0.5981714395453959
3,2,571073.1771367267,0.16239999,2.5466547,0.5983968200680229
3,2,571078.1773306169,0.16239999,2.5466166,0.5986222014433912
3,2,571083.177524507,0.16239999,2.5467691,0.5988475837544149
3,2,571088.1777183972,0.16239999,2.5470173,0.5990729638815295
3,2,571093.1779122874,0.16239999,2.5470936,0.5992983439740146
3,2,571098.1781061776,0.16239999,2.5472465,0.5995237254530768
3,2,571103.1783000678,0.16239999,2.5474184,0.5997491055903481
3,2,571108.178493958,0.16239999,2.547571,0.5999744845671792
3,2,571113.1786878482,0.16239999,2.5477428,0.6001998655456666
3,2,571118.1788817383,0.16239999,2.5478954,0.600425249218582
3,2,571123.1790756285,0.16239999,2.5481436,0.6006506320648323
3,2,571128.1792695187,0.16239999,2.548468,0.6008760134134049
3,2,571133.1794634089,0.16239999,2.5485637,0.601101392776955
3,2,571138.1796572991,0.16239999,2.548449,0.6013267735371313
3,2,571143.1798511897,0.16239999,2.54885,0.6015521564552093
3,2,571148.1800450804,0.16239999,2.5491364,0.6017775380603171
3,2,571153.180238971,0.16239999,2.5493083,0.6020029201396071
3,2,571158.1804328617,0.16239999,2.5494418,0.6022283026023478
3,2,571163.1806267523,0.16239999,2.5494418,0.6024536898160473
3,2,571168.180820643,0.16239999,2.5495946,0.6026790755538042
3,2,571173.1810145336,0.16239999,2.54969,0.6029044610680321
3,2,571178.1812084243,0.16239999,2.5499954,0.603129848773282
3,2,571183.1814023149,0.16239999,2.5501099,0.6033552379939063
3,2,571188.1815962056,0.16239999,2.5500526,0.6035806266444693
3,2,571193.1817900962,0.16239999,2.5502055,0.6038060142456918
3,2,571198.1819839869,0.16239999,2.5504918,0.6040314002014204
3,2,571203.1821778775,0.16239999,2.550549,0.6042567861084024
3,2,571208.1823717682,0.16239999,2.5507782,0.6044821711452508
3,2,571213.1825656588,0.16239999,2.5508544,0.6047075527446746
3,2,571218.1827595495,0.16239999,2.5511599,0.6049329342965595
3,2,571223.1829534401,0.16239999,2.551389,0.6051583173697032
3,2,571228.1831473308,0.16239999,2.5514653,0.6053837004280094
3,2,571233.1833412214,0.16239999,2.5515609,0.6056090867460308
3,2,571238.1835351121,0.16239999,2.5516944,0.605834471586116
3,2,571243.1837290025,0.16239999,2.5518663,0.6060598567429197
3,2,571248.1839228929,0.16239999,2.5519807,0.6062852398450396
3,2,571253.1841167833,0.16239999,2.5521717,0.6065106230731213
3,2,571258.1843106737,0.16239999,2.552458,0.6067360066829817
3,2,571263.1845045642,0.16239999,2.5526109,0.6069613928269765
3,2,571268.1846984546,0.16239999,2.5529544,0.6071867792658487
3,2,571273.184892345,0.16239999,2.5529926,0.6074121655847128
3,2,571278.1850862349,0.16239999,2.5532598,0.6076375517694085
3,2,571283.1852801254,0.16239999,2.5534317,0.6078629355728026
3,2,571288.1854740158,0.16239999,2.5536034,0.6080883201652927
3,2,571293.1856679063,0.16239999,2.5538898,0.6083137025961665
3,2,571298.1858617968,0.16239999,2.5540044,0.6085390856764396
3,2,571303.1860556874,0.16239999,2.5542908,0.6087644699031012
3,2,571308.1862495779,0.16239999,2.5542526,0.6089898542508487
3,2,571313.1864434684,0.16239999,2.554539,0.6092152381479214
3,2,571318.186637359,0.16239999,2.5546153,0.6094406243514944
3,2,571323.1868312495,0.16239999,2.5548253,0.6096660076559596
3,2,571328.18702514,0.16239999,2.5549397,0.6098913905079981
3,2,571333.1872190306,0.16239999,2.5551689,0.6101167742151771
3,2,571338.1874129211,0.16239999,2.5553026,0.6103421566195616
3,2,571343.1876068116,0.16239999,2.55557,0.6105675372870693
3,2,571348.1878007022,0.16239999,2.55557,0.6107929191798142
3,2,571353.1879945926,0.16239999,2.5556843,0.6110182999427952
3,2,571358.1881884835,0.16239999,2.5560853,0.6112436818902944
3,2,571363.1883823739,0.16239999,2.5561807,0.6114690635459147
3,2,571368.1885762644,0.16239999,2.5561426,0.611694445500477
3,2,571373.188770155,0.16239999,2.5563526,0.6119198309408043
3,2,571378.1889640455,0.16239999,2.5565243,0.612145216192169
3,2,571383.189157936,0.16239999,2.5567153,0.6123705998788183
3,2,571388.1893518266,0.16239999,2.5570397,0.6125959819502189
3,2,571393.1895457169,0.16239999,2.5569825,0.6128213638603444
3,2,571398.1897396073,0.16239999,2.557135,0.6130467470594219
3,2,571403.1899334977,0.16239999,2.5572689,0.6132721304014082
3,2,571408.1901273881,0.16239999,2.557517,0.6134975154096662
3,2,571413.1903212785,0.16239999,2.5577462,0.6137229007380676
3,2,571418.190515169,0.16239999,2.557956,0.6139482853652807
3,2,571423.1907090594,0.16239999,2.5579944,0.6141736706470868
3,2,571428.1909029498,0.16239999,2.558147,0.6143990547721142
3,2,571433.1910968402,0.16239999,2.5582232,0.6146244387205297
3,2,571438.1912907306,0.16239999,2.5586815,0.6148498217674506
3,2,571443.1914846208,0.16239999,2.5584142,0.6150752064664211
3,2,571448.1916785114,0.16239999,2.5586243,0.6153005918989459
3,2,571453.1918724021,0.16239999,2.5589488,0.6155259746310094
3,2,571458.1920662927,0.16239999,2.5591207,0.6157513589046337
3,2,571463.1922601834,0.16239999,2.5590634,0.6159767435597219
3,2,571468.192454074,0.16239999,2.5594451,0.616202127978731
3,2,571473.1926479647,0.16239999,2.559636,0.6164275141923415
3,2,571478.1928418553,0.16239999,2.5597887,0.6166529023854787
3,2,571483.193035746,0.16239999,2.560075,0.6168782914989843
3,2,571488.1932296366,0.16239999,2.560457,0.617103681936377
3,2,571493.1934235273,0.16239999,2.5605524,0.6173290713334675
3,2,571498.193617418,0.16239999,2.5607433,0.6175544623185548
3,2,571503.1938113086,0.16239999,2.5608768,0.6177798530025427
3,2,571508.1940051992,0.16239999,2.5610678,0.6180052417277995
3,2,571513.1941990899,0.16239999,2.5611632,0.6182306315273588
3,2,571518.1943929805,0.16239999,2.5612779,0.6184560230287897
3,2,571523.1945868712,0.16239999,2.5614495,0.6186814160559918
3,2,571528.1947807618,0.16239999,2.5616596,0.6189068094121974
3,2,571533.1949746525,0.16239999,2.5618505,0.6191322018752855
3,2,571538.1951685431,0.16239999,2.5619268,0.6193575946218317
3,2,571543.1953624338,0.16239999,2.5620222,0.619582987462814
3,2,571548.195556324,0.16239999,2.5623088,0.6198083825979767
3,2,571553.1957502142,0.16239999,2.5624232,0.6200337776893199
3,2,571558.1959441043,0.16239999,2.5627096,0.6202591711265275
3,2,571563.1961379945,0.16239999,2.5627668,0.6204845631190261
3,2,571568.1963318847,0.16239999,2.5629578,0.6207099543522261
3,2,571573.1965257749,0.16239999,2.5631297,0.6209353453172681
3,2,571578.1967196651,0.16239999,2.5632823,0.6211607371579372
3,2,571583.1969135553,0.16239999,2.5633776,0.6213861298916948
3,2,571588.1971074454,0.16239999,2.5634923,0.6216115219766154
3,2,571593.1973013356,0.16239999,2.5637405,0.6218369132136069
3,2,571598.1974952258,0.16239999,2.5639887,0.6220623018380639
3,2,571603.197689116,0.16239999,2.5641222,0.6222876923370348
3,2,571608.1978830062,0.16239999,2.5641794,0.6225130824400861
3,2,571613.1980768964,0.16239999,2.5645041,0.6227384719726927
3,2,571618.1982707866,0.16239999,2.5647905,0.6229638629075988
3,2,571623.1984646767,0.16239999,2.564943,0.6231892553909606
3,2,571628.1986585669,0.16239999,2.5649812,0.623414646308477
3,2,571633.1988524571,0.16239999,2.5651531,0.6236400385086638
3,2,571638.1990463473,0.16239999,2.5655732,0.6238654322318693
3,2,571643.1992402375,0.16239999,2.5656114,0.6240908243276718
3,2,571648.1994341277,0.16239999,2.565802,0.624316216962437
3,2,571653.1996280178,0.16239999,2.5660694,0.6245416092971341
3,2,571658.199821908,0.16239999,2.5660312,0.6247670015461801
3,2,571663.2000157982,0.16239999,2.566184,0.6249923918219144
3,2,571668.2002096884,0.16239999,2.5663176,0.625217779488105
3,2,571673.2004035786,0.16239999,2.5664513,0.6254431694875137
3,2,571678.2005974688,0.16239999,2.5666995,0.6256685581349068
3,2,571683.200791359,0.16239999,2.5667186,0.6258939453633535
3,2,571688.2009852491,0.16239999,2.5670812,0.6261193329085774
3,2,571693.2011791393,0.16239999,2.5671194,0.6263447204478673
3,2,571698.2013730295,0.16239999,2.5675776,0.6265701066244633
3,2,571703.2015669197,0.16239999,2.5675585,0.6267954931474287
3,2,571708.2017608099,0.16239999,2.5677304,0.6270208795211523
3,2,571713.2019547,0.16239999,2.567902,0.6272462646889191
3,2,571718.2021485902,0.16239999,2.5681694,0.6274716506521802
3,2,571723.2023424804,0.16239999,2.568284,0.62769703788105
3,2,571728.2025363706,0.16239999,2.5684557,0.6279224277894532
3,2,571733.2027302608,0.16239999,2.568513,0.6281478171608103
3,2,571738.202924151,0.16239999,2.5688758,0.6283732053394022
3,2,571743.2031180412,0.16239999,2.5690858,0.6285985939517794
3,2,571748.2033119313,0.16239999,2.5693913,0.6288239821318093
3,2,571753.2035058215,0.16239999,2.5692194,0.6290493726860263
3,2,571758.2036997117,0.16239999,2.569563,0.6292747611891829
3,2,571763.2038936019,0.16239999,2.5697157,0.6295001493327075
3,2,571768.2040874921,0.16239999,2.5698876,0.629725538697378
3,2,571773.2042813823,0.16239999,2.5700402,0.6299509272545663
3,2,571778.2044752724,0.16239999,2.5702312,0.6301763155028576
3,2,571783.2046691626,0.16239999,2.5705557,0.630401706043618
3,2,571788.2048630528,0.16239999,2.5708039,0.6306270979469853
3,2,571793.205056943,0.16239999,2.5709565,0.6308524893945361
3,2,571798.2052508332,0.16239999,2.5712812,0.6310778794204043
3,2,571803.2054447234,0.16239999,2.5713956,0.631303268811531
3,2,571808.2056386136,0.16239999,2.5714529,0.6315286602181449
3,2,571813.2058325037,0.16239999,2.571892,0.6317540533573947
3,2,571818.2060263939,0.16239999,2.571911,0.631979445761811
3,2,571823.2062202841,0.16239999,2.5722356,0.6322048390444414
3,2,571828.2064141743,0.16239999,2.5724456,0.6324302311067428
3,2,571833.2066080645,0.16239999,2.5725791,0.63265562279781
3,2,571838.2068019547,0.16239999,2.5728657,0.6328810143317262
3,2,571843.2069958448,0.16239999,2.572713,0.633106401555782
3,2,571848.207189735,0.16239999,2.5728848,0.6333317887131519
3,2,571853.2073836252,0.16239999,2.5730755,0.6335571785062706
3,2,571858.2075775154,0.16239999,2.57361,0.6337825668522737
3,2,571863.2077714056,0.16239999,2.573782,0.6340079550014855
3,2,571868.2079652958,0.16239999,2.5740302,0.6342333436699374
3,2,571873.208159186,0.16239999,2.5740874,0.6344587324836218
3,2,571878.2083530761,0.16239999,2.5742402,0.63468412321933
3,2,571883.2085469663,0.16239999,2.5744119,0.634909512499102
3,2,571888.2087408565,0.16239999,2.5746791,0.6351349039881284
3,2,571893.2089347467,0.16239999,2.574832,0.6353602954403789
3,2,571898.2091286369,0.16239999,2.5751755,0.6355856871723448
3,2,571903.209322527,0.16239999,2.5754046,0.6358110789883399
3,2,571908.2095164172,0.16239999,2.5756147,0.6360364721714769
3,2,571913.2097103074,0.16239999,2.5756338,0.6362618653924661
3,2,571918.2099041976,0.16239999,2.5758438,0.636487254983838
3,2,571923.2100980878,0.16239999,2.5761683,0.6367126439634228
3,2,571928.210291978,0.16239999,2.5762637,0.6369380314933878
3,2,571933.2104858682,0.16239999,2.57655,0.6371634208531037
3,2,571938.2106797583,0.16239999,2.5766647,0.6373888097087936
3,2,571943.2108736485,0.16239999,2.5767791,0.6376141983952701
3,2,571948.2110675387,0.16239999,2.5770082,0.6378395864928883
3,2,571953.2112614289,0.16239999,2.5771418,0.6380649753624728
3,2,571958.2114553191,0.16239999,2.5772564,0.6382903630941416
3,2,571963.2116492093,0.16239999,2.5776572,0.6385157476243712
3,2,571968.2118430994,0.16239999,2.5777144,0.6387411325017657
3,2,571973.2120369896,0.16239999,2.5779054,0.6389665157758764
3,2,571978.2122308798,0.16239999,2.5780008,0.6391918979184061
3,2,571983.21242477,0.16239999,2.57844,0.6394172795687952
3,2,571988.2126186602,0.16239999,2.578459,0.6396426625105793
3,2,571993.2128125504,0.16239999,2.578478,0.6398680459000374
3,2,571998.2130064406,0.16239999,2.5788026,0.640093428269785
3,2,572003.2132003307,0.16239999,2.5790508,0.6403188107427926
3,2,572008.2133942209,0.16239999,2.5790699,0.6405441916505195
3,2,572013.2135881111,0.16239999,2.5793755,0.6407695745502641
3,2,572018.2137820013,0.16239999,2.5796428,0.6409949599322234
3,2,572023.2139758915,0.16239999,2.5799863,0.6412203417615978
3,2,572028.2141697817,0.16239999,2.5800054,0.6414457259886353
3,2,572033.2143636718,0.16239999,2.5802536,0.6416711110725516
3,2,572038.214557562,0.16239999,2.580578,0.6418964927455002
3,2,572043.2147514522,0.16239999,2.5802727,0.6421218747115058
3,2,572048.2149453424,0.16239999,2.580769,0.642347257616196
3,2,572053.2151392326,0.16239999,2.5808072,0.6425726423279798
3,2,572058.2153331228,0.16239999,2.5810935,0.6427980276447003
3,2,572063.215527013,0.16239999,2.5813227,0.6430234114715844
3,2,572068.2157209031,0.16239999,2.581418,0.6432487931056252
3,2,572073.2159147933,0.16239999,2.5815709,0.6434741758960657
3,2,572078.2161086835,0.16239999,2.5821054,0.6436995584005611
3,2,572083.2163025737,0.16239999,2.5821245,0.6439249393761768
3,2,572088.2164964639,0.16239999,2.5822198,0.644150321173007
3,2,572093.216690354,0.16239999,2.582659,0.6443757040370335
3,2,572098.2168842442,0.16239999,2.5827925,0.6446010900796425
3,2,572103.2170781344,0.16239999,2.5829644,0.6448264769797164
3,2,572108.2172720246,0.16239999,2.5833843,0.6450518649264926
3,2,572113.2174659148,0.16239999,2.5835943,0.6452772528515595
3,2,572118.217659805,0.16239999,2.5839188,0.6455026415339381
3,2,572123.2178536952,0.16239999,2.5840526,0.645728027740623
3,2,572128.2180475853,0.16239999,2.5845108,0.6459534123151464
3,2,572133.2182414755,0.16239999,2.584549,0.6461787962591503
3,2,572138.2184353657,0.16239999,2.5848353,0.6464041812578593
3,2,572143.2186292559,0.16239999,2.5849879,0.6466295651042242
3,2,572148.2188231461,0.16239999,2.585198,0.6468549492374935
3,2,572153.2190170363,0.16239999,2.585408,0.6470803321779266
3,2,572158.2192109264,0.16239999,2.5855415,0.6473057192716469
3,2,572163.2194048166,0.16239999,2.5859997,0.6475311060501986
3,2,572168.2195987068,0.16239999,2.5862288,0.6477564905538571
3,2,572173.219792597,0.16239999,2.5863433,0.6479818753685268
3,2,572178.2199864872,0.16239999,2.5865343,0.6482072588507554
3,2,572183.2201803774,0.16239999,2.5866487,0.6484326433055281
3,2,572188.2203742675,0.16239999,2.5869734,0.6486580271486809
3,2,572193.2205681577,0.16239999,2.5870879,0.648883411574836
3,2,572198.2207620479,0.16239999,2.587336,0.649108797060452
3,2,572203.2209559381,0.16239999,2.5877178,0.6493341828601539
3,2,572208.2211498283,0.16239999,2.587985,0.6495595702158168
3,2,572213.2213437185,0.16239999,2.588195,0.6497849567695496
3,2,572218.2215376087,0.16239999,2.588386,0.6500103429692268
3,2,572223.2217314988,0.16239999,2.5885386,0.6502357302338758
3,2,572228.221925389,0.16239999,2.5885386,0.6504611164296132
3,2,572233.2221192792,0.16239999,2.5889015,0.6506865012208798
3,2,572238.2223131694,0.16239999,2.5891116,0.6509118883110064
3,2,572243.2225070596,0.16239999,2.5893214,0.6511372733663124
3,2,572248.2227009498,0.16239999,2.5895505,0.6513626599671396
3,2,572253.22289484,0.16239999,2.5897224,0.6515880453606772
3,2,572258.2230887301,0.16239999,2.5897033,0.6518134317368942
3,2,572263.2232826203,0.16239999,2.590104,0.6520388172243463
3,2,572268.2234765105,0.16239999,2.5901232,0.6522642019715328
3,2,572273.2236704007,0.16239999,2.5905051,0.6524895835833907
3,2,572278.2238642909,0.16239999,2.590715,0.6527149683987706
3,2,572283.224058181,0.16239999,2.5910778,0.652940350867221
3,2,572288.2242520712,0.16239999,2.5910397,0.6531657347127564
3,2,572293.2244459614,0.16239999,2.5914977,0.653391118523678
3,2,572298.2246398516,0.16239999,2.5916696,0.6536165019258369
3,2,572303.2248337418,0.16239999,2.5916886,0.6538418888842464
3,2,572308.225027632,0.16239999,2.591803,0.6540672758211908
3,2,572313.2252215222,0.16239999,2.592204,0.6542926627446365
3,2,572318.2254154123,0.16239999,2.5924904,0.6545180495861381
3,2,572323.2256093025,0.16239999,2.5926814,0.6547434331860238
3,2,572328.2258031927,0.16239999,2.5927958,0.6549688181319603
3,2,572333.2259970829,0.16239999,2.593044,0.6551942029288926
3,2,572338.2261909731,0.16239999,2.5933685,0.6554195901927453
3,2,572343.2263848633,0.16239999,2.5934258,0.655644976963348
3,2,572348.2265787534,0.16239999,2.593674,0.6558703656252963
3,2,572353.2267726436,0.16239999,2.594056,0.656095751832323
3,2,572358.2269665338,0.16239999,2.5941513,0.6563211409583672
3,2,572363.227160424,0.16239999,2.594514,0.6565465313048273
3,2,572368.2273543142,0.16239999,2.5946667,0.6567719212921238
3,2,572373.2275482044,0.16239999,2.5950677,0.6569973103152282
3,2,572378.2277420945,0.16239999,2.5950484,0.6572227003071458
3,2,572383.2279359847,0.16239999,2.5954113,0.6574480914908607
3,2,572388.2281298749,0.16239999,2.5956595,0.6576734825085468
3,2,572393.2283237651,0.16239999,2.5955067,0.6578988726526491
3,2,572398.2285176553,0.16239999,2.595774,0.658124264135547
3,2,572403.2287115455,0.16239999,2.5960984,0.6583496563368556
3,2,572408.2289054357,0.16239999,2.5965376,0.6585750467441919
3,2,572413.2290993258,0.16239999,2.5965757,0.6588004369137214
3,2,572418.229293216,0.16239999,2.5971484,0.6590258297013136
3,2,572423.2294871062,0.16239999,2.5973012,0.6592512214057306
3,2,572428.2296809964,0.16239999,2.5976639,0.6594766111638092
3,2,572433.2298748866,0.16239999,2.5977402,0.6597019993893795
3,2,572438.2300687768,0.16239999,2.598084,0.6599273878102841
3,2,572443.2302626669,0.16239999,2.5982366,0.6601527774459423
3,2,572448.2304565571,0.16239999,2.598542,0.6603781665661046
3,2,572453.2306504473,0.16239999,2.5986948,0.6606035558218104
3,2,572458.2308443375,0.16239999,2.5990956,0.6608289483016399
3,2,572463.2310382277,0.16239999,2.5993629,0.6610543412346137
3,2,572468.2312321179,0.16239999,2.599611,0.6612797334168943
3,2,572473.231426008,0.16239999,2.5997257,0.6615051267275239
3,2,572478.2316198982,0.16239999,2.6001074,0.661730519773033
3,2,572483.2318137884,0.16239999,2.6003175,0.6619559124028418
3,2,572488.2320076786,0.16239999,2.6003938,0.6621813038550922
3,2,572493.2322015688,0.16239999,2.6007566,0.662406695581913
3,2,572498.232395459,0.16239999,2.6009092,0.6626320865153968
3,2,572503.2325893492,0.16239999,2.6011384,0.6628574770099223
3,2,572508.2327832393,0.16239999,2.6013484,0.6630828670796909
3,2,572513.2329771295,0.16239999,2.6016347,0.6633082545778768
3,2,572518.2331710197,0.16239999,2.6018255,0.6635336418513507
3,2,572523.2333649099,0.16239999,2.6020737,0.6637590277968687
3,2,572528.2335588001,0.16239999,2.6024556,0.6639844151792352
3,2,572533.2337526903,0.16239999,2.60278,0.6642098018274771
3,2,572538.2339465804,0.16239999,2.602971,0.6644351864766048
3,2,572543.2341404706,0.16239999,2.603391,0.6646605698166035
3,2,572548.2343343608,0.16239999,2.6036391,0.6648859518177278
3,2,572553.234528251,0.16239999,2.6036582,0.665111331570959
3,2,572558.2347221412,0.16239999,2.604021,0.6653367115810249
3,2,572563.2349160314,0.16239999,2.6042309,0.6655620923782845
3,2,572568.2351099215,0.16239999,2.6045747,0.6657874742178702
3,2,572573.2353038117,0.16239999,2.604842,0.6660128554847009
3,2,572578.2354977019,0.16239999,2.6050708,0.6662382361610226
3,2,572583.2356915921,0.16239999,2.6054146,0.6664636141719099
3,2,572588.2358854823,0.16239999,2.6056628,0.6666889925737474
3,2,572593.2360793725,0.16239999,2.6058154,0.6669143737690425
3,2,572598.2362732626,0.16239999,2.60614,0.6671397525336379
3,2,572603.2364671528,0.16239999,2.6062927,0.6673651323217759
3,2,572608.236661043,0.16239999,2.606579,0.6675905155640742
3,2,572613.2368549332,0.16239999,2.6066744,0.6678159009657031
3,2,572618.2370488234,0.16239999,2.60698,0.6680412844450639
3,2,572623.2372427136,0.16239999,2.6070755,0.6682666669606111
3,2,572628.2374366038,0.16239999,2.6074762,0.6684920494427813
3,2,572633.2376304939,0.16239999,2.6076672,0.6687174304162081
3,2,572638.2378243841,0.16239999,2.6080298,0.6689428101970462
3,2,572643.2380182743,0.16239999,2.6083927,0.6691681900173135
3,2,572648.2382121645,0.16239999,2.6085453,0.6693935691954386
3,2,572653.2384060547,0.16239999,2.6088316,0.6696189498450541
3,2,572658.2385999449,0.16239999,2.6092708,0.6698443308008222
3,2,572663.238793835,0.16239999,2.609309,0.6700697136531157
3,2,572668.2389877252,0.16239999,2.6094618,0.6702950956395202
3,2,572673.2391816154,0.16239999,2.6097481,0.670520479068275
3,2,572678.2393755056,0.16239999,2.6099963,0.670745859294075
3,2,572683.2395693958,0.16239999,2.610187,0.6709712380862584
3,2,572688.239763286,0.16239999,2.610397,0.6711966166587364
3,2,572693.2399571761,0.16239999,2.6108553,0.6714219974660004
3,2,572698.2401510663,0.16239999,2.6109126,0.6716473793223418
3,2,572703.2403449565,0.16239999,2.6111417,0.6718727628778426
3,2,572708.2405388467,0.16239999,2.611428,0.6720981443761446
3,2,572713.2407327369,0.16239999,2.6117334,0.6723235298656051
3,2,572718.2409266271,0.16239999,2.6119435,0.672548914489213
3,2,572723.2411205173,0.16239999,2.612478,0.6727742988428507
3,2,572728.2413144074,0.16239999,2.6126306,0.6729996841936037
3,2,572733.2415082976,0.16239999,2.612669,0.673225068661934
3,2,572738.2417021878,0.16239999,2.6130316,0.6734504501680451
3,2,572743.241896078,0.16239999,2.613299,0.6736758305236872
3,2,572748.2420899682,0.16239999,2.613509,0.6739012106316512
3,2,572753.2422838588,0.16239999,2.6135662,0.6741265914537079
3,2,572758.2424777495,0.16239999,2.6138525,0.6743519736578291
3,2,572763.2426716401,0.16239999,2.6142533,0.674577355755767
3,2,572768.2428655308,0.16239999,2.6145205,0.6748027384219402
3,2,572773.2430594214,0.16239999,2.6146734,0.6750281199923415
3,2,572778.2432533121,0.16239999,2.6148262,0.6752535018670758
3,2,572783.2434472027,0.16239999,2.6151888,0.675478882466962
3,2,572788.2436410934,0.16239999,2.6154943,0.6757042609844647
3,2,572793.243834984,0.16239999,2.6157424,0.6759296355643513
3,2,572798.2440288747,0.16239999,2.6163533,0.6761550093038753
3,2,572803.2442227653,0.16239999,2.6164486,0.6763803802643055
3,2,572808.244416656,0.16239999,2.6166205,0.6766057525066493
3,2,572813.2446105466,0.16239999,2.6167734,0.6768311272134409
3,2,572818.2448044373,0.16239999,2.6170597,0.6770565051914056
3,2,572823.2449983279,0.16239999,2.6172888,0.6772818841795764
3,2,572828.2451922186,0.16239999,2.6174986,0.6775072629434093
3,2,572833.2453861088,0.16239999,2.6178997,0.6777326421067391
3,2,572838.2455799994,0.16239999,2.618186,0.677958021335485
3,2,572843.24577389,0.16239999,2.6184723,0.6781834009287332
3,2,572848.2459677807,0.16239999,2.6187778,0.6784087807838644
3,2,572853.2461616711,0.16239999,2.619026,0.6786341631874864
3,2,572858.2463555615,0.16239999,2.6193123,0.6788595454595039
3,2,572863.246549452,0.16239999,2.619446,0.6790849288885129
3,2,572868.2467433424,0.16239999,2.619694,0.6793103110738222
3,2,572873.2469372328,0.16239999,2.6200378,0.6795356936607733
3,2,572878.2471311232,0.16239999,2.6203814,0.679761074561763
3,2,572883.2473250136,0.16239999,2.620725,0.6799864580298015
3,2,572888.247518904,0.16239999,2.6208014,0.6802118400760937
3,2,572893.2477127945,0.16239999,2.620973,0.6804372228884273
3,2,572898.2479066849,0.16239999,2.6214886,0.680662605650275
3,2,572903.2481005754,0.16239999,2.6216795,0.6808879871616197
3,2,572908.248294466,0.16239999,2.621794,0.6811133685049587
3,2,572913.2484883567,0.16239999,2.6222713,0.6813387526048321
3,2,572918.2486822472,0.16239999,2.6223476,0.6815641369260143
3,2,572923.2488761378,0.16239999,2.6226149,0.6817895206549051
3,2,572928.2490700283,0.16239999,2.6229777,0.682014906016579
3,2,572933.2492639188,0.16239999,2.6231112,0.6822402920314726
3,2,572938.2494578094,0.16239999,2.6234357,0.6824656786086177
3,2,572943.2496516999,0.16239999,2.6235695,0.6826910671533792
3,2,572948.2498455903,0.16239999,2.6236649,0.6829164546635431
3,2,572953.2500394809,0.16239999,2.6241612,0.6831418418142985
3,2,572958.2502333714,0.16239999,2.6243713,0.6833672278460611
3,2,572963.2504272619,0.16239999,2.6244285,0.6835926164503626
3,2,572968.2506211523,0.16239999,2.6247149,0.6838180067341749
3,2,572973.250815043,0.16239999,2.6247911,0.6840433960622888
3,2,572978.2510089334,0.16239999,2.624963,0.6842687835618986
3,2,572983.251202824,0.16239999,2.625135,0.6844941719647637
3,2,572988.2513967145,0.16239999,2.6255548,0.6847195612837034
3,2,572993.251590605,0.16239999,2.6259367,0.6849449484524337
3,2,572998.2517844951,0.16239999,2.625975,0.6851703344896262
3,2,573003.2519783855,0.16239999,2.6262422,0.685395718844562
3,2,573008.2521722759,0.16239999,2.626433,0.6856211053680149
3,2,573013.2523661663,0.16239999,2.626681,0.685846490408029
3,2,573018.2525600567,0.16239999,2.6269484,0.6860718744463772
3,2,573023.2527539472,0.16239999,2.6272922,0.6862972595063158
3,2,573028.2529478378,0.16239999,2.627502,0.6865226477765607
3,2,573033.2531417282,0.16239999,2.627712,0.6867480350948896
3,2,573038.2533356186,0.16239999,2.627884,0.6869734221692078
3,2,573043.2535295091,0.16239999,2.6282847,0.6871988097431337
3,2,573048.2537233995,0.16239999,2.6283994,0.6874241988295823
3,2,573053.2539172899,0.16239999,2.6287239,0.6876495858178662
3,2,573058.2541111805,0.16239999,2.6290293,0.6878749742182378
3,2,573063.2543050712,0.16239999,2.629392,0.6881003616264878
3,2,573068.2544989618,0.16239999,2.629583,0.688325748444915
3,2,573073.2546928525,0.16239999,2.629812,0.6885511368082358
3,2,573078.2548867431,0.16239999,2.6299837,0.6887765239539769
3,2,573083.2550806338,0.16239999,2.6302319,0.6890019097437571
3,2,573088.2552745244,0.16239999,2.630461,0.689227296869279
3,2,573093.2554684151,0.16239999,2.6307282,0.6894526831170347
3,2,573098.2556623057,0.16239999,2.6310337,0.6896780685760595
3,2,573103.2558561964,0.16239999,2.6312246,0.6899034513721749
3,2,573108.256050087,0.16239999,2.6316257,0.6901288326595825
3,2,573113.2562439777,0.16239999,2.6316638,0.6903542148506875
3,2,573118.2564378683,0.16239999,2.6321218,0.690579596100881
3,2,573123.256631759,0.16239999,2.632351,0.6908049773584855
3,2,573128.2568256496,0.16239999,2.6326373,0.691030361731551
3,2,573133.2570195403,0.16239999,2.6329427,0.691255744841402
3,2,573138.257213431,0.16239999,2.6333055,0.691481129678738
3,2,573143.2574073216,0.16239999,2.6335728,0.6917065156664395
3,2,573148.2576012122,0.16239999,2.633649,0.6919319018278786
3,2,573153.2577951029,0.16239999,2.6337636,0.6921572910277796
3,2,573158.2579889931,0.16239999,2.6342409,0.6923826777909731
3,2,573163.2581828833,0.16239999,2.6344128,0.6926080658707331
3,2,573168.2583767734,0.16239999,2.63468,0.6928334549621578
3,2,573173.2585706636,0.16239999,2.6348326,0.6930588413118226
3,2,573178.2587645538,0.16239999,2.6352527,0.6932842260518698
3,2,573183.258958444,0.16239999,2.6356535,0.6935096115100949
3,2,573188.2591523342,0.16239999,2.6358445,0.6937349957354154
3,2,573193.2593462244,0.16239999,2.6362264,0.6939603803278136
3,2,573198.2595401146,0.16239999,2.636398,0.6941857655540542
3,2,573203.2597340047,0.16239999,2.6366463,0.6944111488895113
3,2,573208.2599278949,0.16239999,2.6369326,0.6946365310717418
3,2,573213.2601217851,0.16239999,2.6371236,0.6948619129100759
3,2,573218.2603156753,0.16239999,2.637448,0.6950872969923527
3,2,573223.2605095655,0.16239999,2.6377153,0.6953126799735322
3,2,573228.2607034557,0.16239999,2.6379635,0.6955380637437795
3,2,573233.2608973458,0.16239999,2.6381736,0.695763445435953
3,2,573238.261091236,0.16239999,2.6381927,0.6959888287135986
3,2,573243.2612851262,0.16239999,2.6386125,0.6962142145111878
3,2,573248.2614790164,0.16239999,2.6387463,0.6964396000070135
3,2,573253.2616729066,0.16239999,2.639128,0.6966649850251048
3,2,573258.2618667968,0.16239999,2.6392999,0.696890372447851
3,2,573263.262060687,0.16239999,2.6397007,0.6971157618485484
3,2,573268.2622545771,0.16239999,2.640159,0.6973411511827908
3,2,573273.2624484673,0.16239999,2.6403499,0.6975665431689034
3,2,573278.2626423575,0.16239999,2.64056,0.6977919361103924
3,2,573283.2628362477,0.16239999,2.6408463,0.6980173264830122
3,2,573288.2630301379,0.16239999,2.6411326,0.6982427203823842
3,2,573293.263224028,0.16239999,2.641209,0.6984681135836013
3,2,573298.2634179182,0.16239999,2.641419,0.6986935066620982
3,2,573303.2636118084,0.16239999,2.6417625,0.698918894190444
3,2,573308.2638056986,0.16239999,2.642106,0.6991442803387253
3,2,573313.2639995888,0.16239999,2.642087,0.6993696662350993
3,2,573318.264193479,0.16239999,2.642469,0.6995950517747983
3,2,573323.2643873692,0.16239999,2.642946,0.6998204369045191
3,2,573328.2645812593,0.16239999,2.6430798,0.7000458228971455
3,2,573333.2647751495,0.16239999,2.6432898,0.7002712080878667
3,2,573338.2649690397,0.16239999,2.6435952,0.7004965929443524
3,2,573343.2651629299,0.16239999,2.6439579,0.7007219797110353
3,2,573348.2653568201,0.16239999,2.6443398,0.7009473671073287
3,2,573353.2655507103,0.16239999,2.6443398,0.7011727519740465
3,2,573358.2657446004,0.16239999,2.6445878,0.7013981363556735
3,2,573363.2659384906,0.16239999,2.6451414,0.7016235207506917
3,2,573368.2661323808,0.16239999,2.6452942,0.7018489054249875
3,2,573373.266326271,0.16239999,2.645676,0.7020742889474301
3,2,573378.2665201612,0.16239999,2.6459432,0.7022996732544065
3,2,573383.2667140514,0.16239999,2.646115,0.7025250581731335
3,2,573388.2669079416,0.16239999,2.646516,0.7027504406064528
3,2,573393.2671018317,0.16239999,2.6468406,0.702975821701983
3,2,573398.2672957219,0.16239999,2.647127,0.7032012046480819
3,2,573403.2674896121,0.16239999,2.6475468,0.7034265869317985
3,2,573408.2676835023,0.16239999,2.647814,0.703651966561091
3,2,573413.2678773925,0.16239999,2.647814,0.7038773457141655
3,2,573418.2680712827,0.16239999,2.6482532,0.7041027267389202
3,2,573423.2682651728,0.16239999,2.6485014,0.7043281069304582
3,2,573428.268459063,0.16239999,2.6487496,0.7045534879803529
3,2,573433.2686529532,0.16239999,2.6490169,0.7047788708188546
3,2,573438.2688468434,0.16239999,2.6491694,0.7050042530958044
3,2,573443.2690407336,0.16239999,2.6494558,0.7052296369090946
3,2,573448.2692346238,0.16239999,2.6498568,0.7054550210147604
3,2,573453.269428514,0.16239999,2.6502767,0.705680404346224
3,2,573458.2696224041,0.16239999,2.6506395,0.7059057863543593
3,2,573463.2698162943,0.16239999,2.6507921,0.7061311707925685
3,2,573468.2700101845,0.16239999,2.6512122,0.7063565561454375
3,2,573473.2702040747,0.16239999,2.6515367,0.7065819411630097
3,2,573478.2703979649,0.16239999,2.6518993,0.7068073287396592
3,2,573483.270591855,0.16239999,2.6521094,0.7070327178817396
3,2,573488.2707857452,0.16239999,2.6524913,0.707258107829524
3,2,573493.2709796354,0.16239999,2.652835,0.707483496866792
3,2,573498.2711735256,0.16239999,2.653045,0.7077088826945502
3,2,573503.2713674158,0.16239999,2.6533313,0.7079342669982045
3,2,573508.271561306,0.16239999,2.6535604,0.7081596511788513
3,2,573513.2717551962,0.16239999,2.6539803,0.7083850364665922
3,2,573518.2719490863,0.16239999,2.654133,0.7086104196762868
3,2,573523.2721429765,0.16239999,2.6541903,0.7088357997606441
3,2,573528.2723368667,0.16239999,2.654553,0.7090611813515718
3,2,573533.2725307569,0.16239999,2.654782,0.709286564421539
3,2,573538.2727246471,0.16239999,2.6551256,0.7095119483399768
3,2,573543.2729185373,0.16239999,2.6555266,0.7097373310183241
3,2,573548.2731124274,0.16239999,2.655813,0.7099627142952222
3,2,573553.2733063176,0.16239999,2.6561375,0.7101880975757991
3,2,573558.2735002078,0.16239999,2.6563666,0.7104134813820179
3,2,573563.273694098,0.16239999,2.6567292,0.710638863103103
3,2,573568.2738879882,0.16239999,2.6570156,0.7108642462559
3,2,573573.2740818784,0.16239999,2.657302,0.711089629974499
3,2,573578.2742757685,0.16239999,2.6576648,0.7113150144877182
3,2,573583.2744696587,0.16239999,2.657932,0.7115404003186023
3,2,573588.2746635489,0.16239999,2.6580465,0.7117657840761348
3,2,573593.2748574391,0.16239999,2.6585047,0.7119911675384769
3,2,573598.2750513293,0.16239999,2.6587148,0.7122165511108682
3,2,573603.2752452195,0.16239999,2.6590393,0.7124419337099289
3,2,573608.2754391097,0.16239999,2.659211,0.7126673169659222
3,2,573613.2756329998,0.16239999,2.6594973,0.7128927017777441
3,2,573618.27582689,0.16239999,2.659822,0.7131180869600544
3,2,573623.2760207802,0.16239999,2.6599746,0.7133434694908297
3,2,573628.2762146704,0.16239999,2.6603374,0.713568850492952
3,2,573633.2764085606,0.16239999,2.6607764,0.713794231998232
3,2,573638.2766024508,0.16239999,2.66112,0.7140196171748476
3,2,573643.276796341,0.16239999,2.6612918,0.7142450015531889
3,2,573648.2769902311,0.16239999,2.661559,0.7144703864327051
3,2,573653.2771841213,0.16239999,2.6620364,0.7146957728456477
3,2,573658.2773780115,0.16239999,2.6623228,0.7149211599244958
3,2,573663.2775719017,0.16239999,2.662571,0.7151465476500212
3,2,573668.2777657919,0.16239999,2.6627235,0.7153719350848705
3,2,573673.277959682,0.16239999,2.6630292,0.7155973208137886
3,2,573678.2781535722,0.16239999,2.6633346,0.7158227090064936
3,2,573683.2783474624,0.16239999,2.6638117,0.7160480961405381
3,2,573688.2785413526,0.16239999,2.6638882,0.7162734849990866
3,2,573693.2787352428,0.16239999,2.6642318,0.7164988720984917
3,2,573698.278929133,0.16239999,2.6644037,0.7167242579256349
3,2,573703.2791230232,0.16239999,2.6648998,0.7169496426454288
3,2,573708.2793169133,0.16239999,2.6649573,0.7171750274526438
3,2,573713.2795108035,0.16239999,2.665358,0.7174004108516817
3,2,573718.2797046937,0.16239999,2.6656826,0.7176257920187706
3,2,573723.2798985839,0.16239999,2.6658545,0.71785117462232
3,2,573728.2800924741,0.16239999,2.6660073,0.7180765571283014
3,2,573733.2802863643,0.16239999,2.666389,0.7183019394000772
3,2,573738.2804802544,0.16239999,2.666599,0.7185273238804137
3,2,573743.2806741446,0.16239999,2.6669044,0.7187527092679354
3,2,573748.2808680348,0.16239999,2.6671908,0.7189780955004332
3,2,573753.281061925,0.16239999,2.6676106,0.7192034809428176
3,2,573758.2812558152,0.16239999,2.6679354,0.7194288635626961
3,2,573763.2814497054,0.16239999,2.6679926,0.7196542446896629
3,2,573768.2816435955,0.16239999,2.668317,0.7198796271343881
3,2,573773.2818374857,0.16239999,2.6685843,0.7201050101118929
3,2,573778.2820313759,0.16239999,2.6689088,0.7203303932277938
3,2,573783.2822252661,0.16239999,2.669138,0.7205557773241845
3,2,573788.2824191563,0.16239999,2.669329,0.7207811616378001
3,2,573793.2826130465,0.16239999,2.6694624,0.7210065461542496
3,2,573798.2828069367,0.16239999,2.6699016,0.7212319300839145
3,2,573803.2830008268,0.16239999,2.6702642,0.7214573131580201
3,2,573808.283194717,0.16239999,2.6706462,0.721682696664694
3,2,573813.2833886072,0.16239999,2.6706843,0.7219080825150432
3,2,573818.2835824974,0.16239999,2.6709135,0.722133465951579
3,2,573823.2837763876,0.16239999,2.6714861,0.7223588484954409
3,2,573828.2839702778,0.16239999,2.6717153,0.7225842329410618
3,2,573833.2841641679,0.16239999,2.672116,0.7228096154356969
3,2,573838.2843580581,0.16239999,2.672326,0.723034998920952
3,2,573843.2845519483,0.16239999,2.6725361,0.7232603826978179
3,2,573848.2847458385,0.16239999,2.6730516,0.723485764012757
3,2,573853.2849397287,0.16239999,2.673376,0.7237111452055761
3,2,573858.2851336189,0.16239999,2.6737196,0.7239365290878818
3,2,573863.285327509,0.16239999,2.6739488,0.7241619128431857
3,2,573868.2855213992,0.16239999,2.674426,0.7243872975617197
3,2,573873.2857152894,0.16239999,2.6744452,0.7246126839733336
3,2,573878.2859091796,0.16239999,2.6749797,0.7248380684762197
3,2,573883.2861030698,0.16239999,2.6753042,0.7250634542151091
3,2,573888.28629696,0.16239999,2.6755142,0.7252888397052352
3,2,573893.2864908502,0.16239999,2.6759913,0.7255142204017024
3,2,573898.2866847403,0.16239999,2.675915,0.7257396022326414
3,2,573903.2868786305,0.16239999,2.676545,0.7259649869011514
3,2,573908.2870725207,0.16239999,2.6768887,0.7261903704824421
3,2,573913.2872664109,0.16239999,2.677156,0.7264157550313843
3,2,573918.2874603011,0.16239999,2.6773658,0.7266411411014239
3,2,573923.2876541913,0.16239999,2.677595,0.726866525812836
3,2,573928.2878480814,0.16239999,2.678015,0.7270919091580814
3,2,573933.2880419716,0.16239999,2.6783013,0.7273172929873265
3,2,573938.2882358618,0.16239999,2.6788359,0.7275426768069372
3,2,573943.288429752,0.16239999,2.6789503,0.727768059991534
3,2,573948.2886236422,0.16239999,2.6792176,0.7279934433536717
3,2,573953.2888175324,0.16239999,2.6795423,0.7282188275275823
3,2,573958.2890114225,0.16239999,2.6798668,0.7284442093958536
3,2,573963.2892053127,0.16239999,2.6802104,0.7286695909626919
3,2,573968.2893992029,0.16239999,2.6807258,0.72889497395727
3,2,573973.2895930931,0.16239999,2.6808403,0.7291203557611096
3,2,573978.2897869833,0.16239999,2.6811266,0.729345738247174
3,2,573983.2899808735,0.16239999,2.681604,0.7295711219370576
3,2,573988.2901747636,0.16239999,2.681833,0.7297965065443056
3,2,573993.2903686538,0.16239999,2.6822531,0.7300218918398631
3,2,573998.290562544,0.16239999,2.6825585,0.7302472770875307
3,2,574003.2907564342,0.16239999,2.682902,0.730472661449629
3,2,574008.2909503244,0.16239999,2.6832266,0.7306980451419556
3,2,574013.2911442146,0.16239999,2.6835701,0.730923429241978
3,2,574018.2913381048,0.16239999,2.6839712,0.7311488054260714
3,2,574023.2915319949,0.16239999,2.6842003,0.7313741771858471
3,2,574028.2917258851,0.16239999,2.6844294,0.7315995477404557
3,2,574033.2919197753,0.16239999,2.684754,0.731824919895761
3,2,574038.2921136655,0.16239999,2.6851165,0.7320502918738444
3,2,574043.2923075557,0.16239999,2.685422,0.7322756621029645
3,2,574048.2925014459,0.16239999,2.6856701,0.732501033770626
3,2,574053.292695336,0.16239999,2.6861093,0.732726407600341
3,2,574058.2928892262,0.16239999,2.6862237,0.7329517797291754
3,2,574063.2930831164,0.16239999,2.6866248,0.7331771527503301
3,2,574068.2932770066,0.16239999,2.6867392,0.7334025252035089
3,2,574073.2934708968,0.16239999,2.6872356,0.7336278978450806
3,2,574078.293664787,0.16239999,2.6874647,0.7338532701845106
3,2,574083.2938586771,0.16239999,2.687732,0.734078638887698
3,2,574088.2940525673,0.16239999,2.68819,0.7343040073843221
3,2,574093.2942464575,0.16239999,2.6884382,0.7345293878682226
3,2,574098.2944403477,0.16239999,2.6887245,0.7347547727353386
3,2,574103.2946342379,0.16239999,2.68924,0.7349801572888406
3,2,574108.2948281281,0.16239999,2.6895838,0.7352055429746777
3,2,574113.2950220183,0.16239999,2.6897936,0.73543092903059
3,2,574118.2952159084,0.16239999,2.69008,0.7356563138619175
3,2,574123.2954097986,0.16239999,2.6905763,0.7358816992597061
3,2,574128.2956036888,0.16239999,2.6909964,0.7361070835057053
3,2,574133.295797579,0.16239999,2.69134,0.7363324691851838
3,2,574138.2959914692,0.16239999,2.6915119,0.7365578585857943
3,2,574143.2961853594,0.16239999,2.6919127,0.736783247813572
3,2,574148.2963792495,0.16239999,2.692199,0.7370086364376068
3,2,574153.2965731397,0.16239999,2.6926,0.737234027914926
3,2,574158.2967670299,0.16239999,2.6929436,0.7374594195059003
3,2,574163.2969609201,0.16239999,2.693421,0.7376848117416629
3,2,574168.2971548103,0.16239999,2.6938407,0.7379102030275924
3,2,574173.2973487005,0.16239999,2.694108,0.7381355942771033
3,2,574178.2975425906,0.16239999,2.6944327,0.7383609879603034
3,2,574183.2977364808,0.16239999,2.6949098,0.7385863809764265
3,2,574188.297930371,0.16239999,2.6952918,0.7388117715928625
3,2,574193.2981242612,0.16239999,2.695559,0.7390371631204854
3,2,574198.2983181514,0.16239999,2.6959407,0.7392625534206715
3,2,574203.2985120416,0.16239999,2.6964562,0.7394879432661023
3,2,574208.2987059318,0.16239999,2.6965516,0.7397133319096146
3,2,574213.2988998219,0.16239999,2.697048,0.7399387214181642
3,2,574218.2990937121,0.16239999,2.6975062,0.7401641117263845
3,2,574223.2992876023,0.16239999,2.6978307,0.740389499327563
3,2,574228.2994814925,0.16239999,2.6981742,0.7406148863589287
3,2,574233.2996753827,0.16239999,2.6985753,0.7408402737046128
3,2,574238.2998692729,0.16239999,2.6988807,0.741065656786828
3,2,574243.300063163,0.16239999,2.6993961,0.7412910407403058
3,2,574248.3002570532,0.16239999,2.6995487,0.7415164250345078
3,2,574253.3004509434,0.16239999,2.7000642,0.7417418085502598
3,2,574258.3006448336,0.16239999,2.7005033,0.7419671943472174
3,2,574263.3008387238,0.16239999,2.701038,0.7421925815799887
3,2,574268.301032614,0.16239999,2.7013433,0.742417969605261
3,2,574273.3012265041,0.16239999,2.7017825,0.7426433594424697
3,2,574278.3014203943,0.16239999,2.7019732,0.7428687489230705
3,2,574283.3016142845,0.16239999,2.7025652,0.7430941350034557
3,2,574288.3018081747,0.16239999,2.7030041,0.743319521491837
3,2,574293.3020020649,0.16239999,2.7032523,0.7435449088568901
3,2,574298.3021959551,0.16239999,2.703615,0.7437702980494505
3,2,574303.3023898453,0.16239999,2.7039206,0.7439956897840009
3,2,574308.3025837354,0.16239999,2.7043786,0.7442210798132161
3,2,574313.3027776256,0.16239999,2.704665,0.7444464714254105
3,2,574318.3029715158,0.16239999,2.705047,0.744671860648525
3,2,574323.303165406,0.16239999,2.7054858,0.7448972510872712
3,2,574328.3033592962,0.16239999,2.7060204,0.7451226412095897
3,2,574333.3035531864,0.16239999,2.7063832,0.7453480266306571
3,2,574338.3037470765,0.16239999,2.7065167,0.7455734134019544
3,2,574343.3039409667,0.16239999,2.7069368,0.7457987983411887
3,2,574348.3041348569,0.16239999,2.7073758,0.7460241827403576
3,2,574353.3043287471,0.16239999,2.7077196,0.7462495687457733
3,2,574358.3045226373,0.16239999,2.7079294,0.7464749550783987
3,2,574363.3047165279,0.16239999,2.7081776,0.7467003420316557
3,2,574368.3049104186,0.16239999,2.7086358,0.7469257278651492
3,2,574373.3051043092,0.16239999,2.7090175,0.7471511146457721
3,2,574378.3052981999,0.16239999,2.7094567,0.747376502674248
3,2,574383.3054920905,0.16239999,2.7097812,0.7476018913910294
3,2,574388.3056859807,0.16239999,2.7102203,0.7478272791598187
3,2,574393.3058798714,0.16239999,2.7104113,0.7480526652865928
3,2,574398.306073762,0.16239999,2.710793,0.7482780532871894
3,2,574403.3062676527,0.16239999,2.7113085,0.7485034423332235
3,2,574408.3064615433,0.16239999,2.7114801,0.7487288301222883
3,2,574413.306655434,0.16239999,2.7119956,0.748954218063388
3,2,574418.3068493246,0.16239999,2.7122629,0.7491796091415861
3,2,574423.3070432153,0.16239999,2.7125685,0.7494049959791836
3,2,574428.3072371059,0.16239999,2.7128358,0.7496303816890059
3,2,574433.3074309966,0.16239999,2.7131028,0.7498557682146038
3,2,574438.3076248872,0.16239999,2.7134657,0.7500811547109489
3,2,574443.3078187779,0.16239999,2.7140574,0.7503065417993421
3,2,574448.3080126685,0.16239999,2.7142293,0.7505319283364494
3,2,574453.3082065592,0.16239999,2.714573,0.7507573154234212
3,2,574458.3084004498,0.16239999,2.7149165,0.7509827034136839
3,2,574463.3085943402,0.16239999,2.7153175,0.7512080907297254
3,2,574468.3087882309,0.16239999,2.715642,0.751433481394706
3,2,574473.3089821213,0.16239999,2.7156992,0.751658872018932
3,2,574478.3091760117,0.16239999,2.71631,0.7518842610166225
3,2,574483.3093699021,0.16239999,2.7164247,0.7521096492227295
3,2,574488.3095637925,0.16239999,2.716673,0.7523350397266038
3,2,574493.309757683,0.16239999,2.7171118,0.7525604280661763
3,2,574498.3099515734,0.16239999,2.717379,0.7527858169707577
3,2,574503.3101454638,0.16239999,2.7175128,0.7530112075399421
3,2,574508.3103393542,0.16239999,2.7179327,0.7532365977059955
3,2,574513.3105332446,0.16239999,2.718391,0.7534619861844948
3,2,574518.3107271352,0.16239999,2.7184482,0.753687375158024
3,2,574523.3109210257,0.16239999,2.71883,0.753912762576939
3,2,574528.3111149162,0.16239999,2.7192118,0.754138146138416
3,2,574533.3113088068,0.16239999,2.7197654,0.7543635326440032
3,2,574538.3115026973,0.16239999,2.7200327,0.7545889186475753
3,2,574543.3116965878,0.16239999,2.720529,0.7548143027164393
3,2,574548.3118904784,0.16239999,2.7208536,0.7550396883032318
3,2,574553.3120843684,0.16239999,2.7213118,0.7552650708361256
3,2,574558.312278259,0.16239999,2.7216744,0.7554904572351687
3,2,574563.3124721495,0.16239999,2.7219417,0.7557158447392703
3,2,574568.31266604,0.16239999,2.722037,0.7559412342099825
3,2,574573.3128599306,0.16239999,2.7225525,0.7561666259678904
3,2,574578.313053821,0.16239999,2.7228963,0.7563920163944492
3,2,574583.3132477116,0.16239999,2.7232018,0.7566174038589262
3,2,574588.313441602,0.16239999,2.7237363,0.7568427925899248
3,2,574593.3136354926,0.16239999,2.7239845,0.7570681797830814
3,2,574598.3138293831,0.16239999,2.7244809,0.7572935686983213
3,2,574603.3140232736,0.16239999,2.7249007,0.7575189582852335
3,2,574608.3142171642,0.16239999,2.7250535,0.7577443488444482
3,2,574613.3144110547,0.16239999,2.7254543,0.7579697398377908
3,2,574618.3146049452,0.16239999,2.7258554,0.7581951304802219
3,2,574623.3147988357,0.16239999,2.7262561,0.7584205241990581
3,2,574628.3149927263,0.16239999,2.7266572,0.7586459173356092
3,2,574633.3151866167,0.16239999,2.7269816,0.7588713083253432
3,2,574638.3153805071,0.16239999,2.727287,0.7590967000001838
3,2,574643.3155743976,0.16239999,2.727707,0.7593220879844207
3,2,574648.315768288,0.16239999,2.7280889,0.759547472764749
3,2,574653.3159621784,0.16239999,2.7284896,0.7597728575648279
3,2,574658.3161560688,0.16239999,2.7286234,0.7599982430149047
3,2,574663.3163499592,0.16239999,2.7290242,0.7602236301805745
3,2,574668.3165438497,0.16239999,2.7294252,0.7604490177597738
3,2,574673.3167377403,0.16239999,2.7298641,0.7606744035832943
3,2,574678.316931631,0.16239999,2.730036,0.7608997908260122
3,2,574683.3171255216,0.16239999,2.7304943,0.7611251771618421
3,2,574688.3173194123,0.16239999,2.7306087,0.7613505652653985
3,2,574693.3175133029,0.16239999,2.7311242,0.7615759512912643
3,2,574698.3177071935,0.16239999,2.7315059,0.7618013346353815
3,2,574703.3179010842,0.16239999,2.7318306,0.7620267185233645
3,2,574708.3180949748,0.16239999,2.7321742,0.7622521040456985
3,2,574713.3182888655,0.16239999,2.7325559,0.762477487214006
3,2,574718.3184827557,0.16239999,2.7330904,0.7627028680275707
3,2,574723.3186766463,0.16239999,2.7333004,0.7629282481381806
3,2,574728.318870537,0.16239999,2.7338731,0.7631536333845675
3,2,574733.3190644276,0.16239999,2.7339113,0.7633790195427872
3,2,574738.3192583183,0.16239999,2.7344458,0.7636044061645108
3,2,574743.3194522089,0.16239999,2.7347896,0.7638297909000048
3,2,574748.3196460996,0.16239999,2.7351332,0.7640551751992003
3,2,574753.3198399902,0.16239999,2.7355149,0.7642805564621609
3,2,574758.3200338809,0.16239999,2.736145,0.7645059394227826
3,2,574763.3202277715,0.16239999,2.7364695,0.7647313213040071
3,2,574768.3204216622,0.16239999,2.7366986,0.7649567033330372
3,2,574773.3206155524,0.16239999,2.7370803,0.7651820897750297
3,2,574778.3208094425,0.16239999,2.7373667,0.765407475519608
3,2,574783.3210033327,0.16239999,2.7379203,0.7656328629979455
3,2,574788.3211972229,0.16239999,2.7382638,0.7658582502649249
3,2,574793.3213911131,0.16239999,2.738684,0.7660836383550769
3,2,574798.3215850033,0.16239999,2.739123,0.7663090258341387
3,2,574803.3217788935,0.16239999,2.7392948,0.7665344119714314
3,2,574808.3219727837,0.16239999,2.7396958,0.7667597981377787
3,2,574813.3221666738,0.16239999,2.7399056,0.7669851831856027
3,2,574818.322360564,0.16239999,2.7405357,0.7672105694053584
3,2,574823.3225544542,0.16239999,2.7408984,0.767435954594808
3,2,574828.3227483444,0.16239999,2.740994,0.7676613369376862
3,2,574833.3229422346,0.16239999,2.7413566,0.7678867188218894
3,2,574838.3231361248,0.16239999,2.7417383,0.7681121023046726
3,2,574843.323330015,0.16239999,2.7420247,0.7683374841446955
3,2,574848.3235239051,0.16239999,2.7425973,0.7685628654749861
3,2,574853.3237177953,0.16239999,2.7428837,0.7687882446747931
3,2,574858.3239116855,0.16239999,2.7433038,0.7690136222002046
3,2,574863.3241055757,0.16239999,2.7434566,0.7692390017683022
3,2,574868.3242994659,0.16239999,2.7438383,0.7694643817136316
3,2,574873.324493356,0.16239999,2.7443728,0.7696897612343948
3,2,574878.3246872462,0.16239999,2.7448883,0.7699151430685086
3,2,574883.3248811364,0.16239999,2.745251,0.7701405241442725
3,2,574888.3250750266,0.16239999,2.7455947,0.770365906756462
3,2,574893.3252689168,0.16239999,2.7459383,0.7705912880965675
3,2,574898.325462807,0.16239999,2.7464538,0.7708166684270945
3,2,574903.3256566972,0.16239999,2.7466254,0.7710420486533076
3,2,574908.3258505873,0.16239999,2.747141,0.771267431036535
3,2,574913.3260444775,0.16239999,2.74758,0.771492812815776
3,2,574918.3262383677,0.16239999,2.7479045,0.7717181932571436
3,2,574923.3264322579,0.16239999,2.7482672,0.7719435732686144
3,2,574928.3266261481,0.16239999,2.7487063,0.7721689527571513
3,2,574933.3268200383,0.16239999,2.749069,0.7723943316274373
3,2,574938.3270139284,0.16239999,2.7493362,0.7726197097663893
3,2,574943.3272078186,0.16239999,2.7499282,0.7728450878745264
3,2,574948.3274017088,0.16239999,2.7500427,0.7730704674448144
3,2,574953.327595599,0.16239999,2.750749,0.773295845607869
3,2,574958.3277894892,0.16239999,2.7508254,0.7735212239973732
3,2,574963.3279833794,0.16239999,2.751379,0.773746603718321
3,2,574968.3281772695,0.16239999,2.7517989,0.7739719832864567
3,2,574973.3283711597,0.16239999,2.7522762,0.7741973651119303
3,2,574978.3285650499,0.16239999,2.7525244,0.7744227488584979
3,2,574983.3287589401,0.16239999,2.7529826,0.7746481326713485
3,2,574988.3289528303,0.16239999,2.7533453,0.7748735132156376
3,2,574993.3291467205,0.16239999,2.7537463,0.7750988935402331
3,2,574998.3293406107,0.16239999,2.7541852,0.775324272918618
3,2,575003.3295345008,0.16239999,2.7545288,0.7755496517015444
3,2,575008.329728391,0.16239999,2.754987,0.7757750314113802
3,2,575013.3299222812,0.16239999,2.7554643,0.7760004139025234
3,2,575018.3301161714,0.16239999,2.7557316,0.7762257953622024
3,2,575023.3303100616,0.16239999,2.756247,0.776451176945047
3,2,575028.3305039518,0.16239999,2.7566478,0.7766765586604589
3,2,575033.330697842,0.16239999,2.757068,0.7769019392174877
3,2,575038.3308917321,0.16239999,2.7575068,0.7771273205778315
3,2,575043.3310856223,0.16239999,2.757946,0.7773527013100011
3,2,575048.3312795125,0.16239999,2.758118,0.7775780824236453
3,2,575053.3314734027,0.16239999,2.7586715,0.7778034629682731
3,2,575058.3316672929,0.16239999,2.7593205,0.7780288424128755
3,2,575063.331861183,0.16239999,2.7595687,0.7782542191436214
3,2,575068.3320550732,0.16239999,2.7601414,0.7784795968509653
3,2,575073.3322489634,0.16239999,2.7605805,0.7787049738513883
3,2,575078.3324428536,0.16239999,2.7609813,0.7789303481042705
3,2,575083.3326367438,0.16239999,2.7614586,0.7791557237508567
3,2,575088.332830634,0.16239999,2.7619932,0.7793810987899632
3,2,575093.3330245242,0.16239999,2.7620122,0.779606472606316
3,2,575098.3332184143,0.16239999,2.7625086,0.7798318469257312
3,2,575103.3334123045,0.16239999,2.762604,0.7800572222652641
3,2,575108.3336061947,0.16239999,2.7628713,0.7802825978719102
3,2,575113.3338000849,0.16239999,2.7635396,0.7805079737054307
3,2,575118.3339939751,0.16239999,2.7637496,0.780733351190542
3,2,575123.3341878653,0.16239999,2.7643223,0.7809587295746007
3,2,575128.3343817554,0.16239999,2.7646086,0.7811841067088601
3,2,575133.3345756456,0.16239999,2.7647421,0.7814094815097756
3,2,575138.3347695358,0.16239999,2.7653148,0.781634859150893
3,2,575143.334963426,0.16239999,2.7656968,0.7818602363129994
3,2,575148.3351573162,0.16239999,2.7658875,0.7820856141597172
3,2,575153.3353512064,0.16239999,2.7664604,0.782310991744995
3,2,575158.3355450965,0.16239999,2.7667658,0.7825363700816688
3,2,575163.3357389867,0.16239999,2.7671285,0.7827617486307942
3,2,575168.3359328769,0.16239999,2.7673385,0.7829871282066204
3,2,575173.3361267671,0.16239999,2.7677202,0.7832125072998494
3,2,575178.3363206573,0.16239999,2.7683694,0.7834378850711673
3,2,575183.3365145475,0.16239999,2.7687511,0.7836632627792033
3,2,575188.3367084377,0.16239999,2.7689612,0.7838886415456356
3,2,575193.3369023278,0.16239999,2.7692666,0.7841140200528475
3,2,575198.337096218,0.16239999,2.769591,0.7843394007270731
3,2,575203.3372901082,0.16239999,2.7699347,0.7845647811256744
3,2,575208.3374839984,0.16239999,2.7703357,0.7847901624723976
3,2,575213.3376778886,0.16239999,2.770794,0.7850155404729848
3,2,575218.3378717788,0.16239999,2.7712328,0.7852409175752696
3,2,575223.3380656689,0.16239999,2.7715,0.7854662949457273
3,2,575228.3382595591,0.16239999,2.7719774,0.7856916739339196
3,2,575233.3384534493,0.16239999,2.7722447,0.7859170532814915
3,2,575238.3386473395,0.16239999,2.7725692,0.7861424344962874
3,2,575243.3388412297,0.16239999,2.7729702,0.7863678158035093
3,2,575248.3390351199,0.16239999,2.77339,0.786593196556942
3,2,575253.33922901,0.16239999,2.7736573,0.7868185776655605
3,2,575258.3394229002,0.16239999,2.7740774,0.7870439581450313
3,2,575263.3396167904,0.16239999,2.7743638,0.7872693379016839
3,2,575268.3398106806,0.16239999,2.7748983,0.7874947177114094
3,2,575273.3400045708,0.16239999,2.7753947,0.7877200951611115
3,2,575278.340198461,0.16239999,2.7757764,0.7879454751927039
3,2,575283.3403923512,0.16239999,2.7762346,0.7881708561082389
3,2,575288.3405862413,0.16239999,2.776502,0.7883962377893542
3,2,575293.3407801315,0.16239999,2.7769217,0.7886216190898806
3,2,575298.3409740217,0.16239999,2.777208,0.7888469997060504
3,2,575303.3411679119,0.16239999,2.777552,0.7890723808673966
3,2,575308.3413618021,0.16239999,2.7779336,0.7892977631871624
3,2,575313.3415556923,0.16239999,2.7784681,0.7895231465107242
3,2,575318.3417495824,0.16239999,2.7786973,0.7897485294691164
3,2,575323.3419434726,0.16239999,2.779289,0.789973909396822
3,2,575328.3421373628,0.16239999,2.7796326,0.7901992900449201
3,2,575333.342331253,0.16239999,2.78011,0.7904246705456407
3,2,575338.3425251432,0.16239999,2.7806444,0.7906500502605684
3,2,575343.3427190334,0.16239999,2.780778,0.79087542895288
3,2,575348.3429129235,0.16239999,2.7813315,0.7911008066322222
3,2,575353.3431068137,0.16239999,2.7815797,0.7913261862608383
3,2,575358.3433007039,0.16239999,2.7819045,0.7915515689783533
3,2,575363.3434945941,0.16239999,2.782267,0.7917769496362315
3,2,575368.3436884843,0.16239999,2.7825534,0.7920023276577995
3,2,575373.3438823745,0.16239999,2.7831833,0.7922277078533543
3,2,575378.3440762646,0.16239999,2.7836034,0.7924530864731584
3,2,575383.3442701548,0.16239999,2.7838898,0.7926784652447723
3,2,575388.344464045,0.16239999,2.7842906,0.7929038467500704
3,2,575393.3446579352,0.16239999,2.7846725,0.7931292317451236
3,2,575398.3448518254,0.16239999,2.784978,0.7933546187786904
3,2,575403.3450457156,0.16239999,2.7853405,0.7935800038824616
3,2,575408.3452396058,0.16239999,2.7858179,0.7938053891992334
3,2,575413.3454334959,0.16239999,2.786238,0.7940307711931696
3,2,575418.3456273861,0.16239999,2.7863905,0.794256152617508
3,2,575423.3458212763,0.16239999,2.787078,0.7944815354995418
3,2,575428.3460151665,0.16239999,2.7874405,0.794706917236904
3,2,575433.3462090567,0.16239999,2.7880323,0.7949323004754157
3,2,575438.3464029469,0.16239999,2.7884715,0.795157683849264
3,2,575443.346596837,0.16239999,2.788624,0.7953830685012006
3,2,575448.3467907272,0.16239999,2.789025,0.7956084530158097
3,2,575453.3469846174,0.16239999,2.7894642,0.7958338379737574
3,2,575458.3471785076,0.16239999,2.789865,0.796059222163104
3,2,575463.3473723978,0.16239999,2.7903233,0.796284607774667
3,2,575468.347566288,0.16239999,2.7906477,0.7965099904242162
3,2,575473.3477601781,0.16239999,2.7911823,0.7967353711517937
3,2,575478.3479540683,0.16239999,2.791965,0.7969607523352036
3,2,575483.3481479585,0.16239999,2.7918694,0.797186132066386
3,2,575488.3483418487,0.16239999,2.792404,0.7974115093359645
3,2,575493.3485357389,0.16239999,2.792843,0.7976368866501827
3,2,575498.3487296291,0.16239999,2.7930722,0.7978622666015538
3,2,575503.3489235193,0.16239999,2.7933013,0.7980876486619864
3,2,575508.3491174094,0.16239999,2.7937593,0.7983130287292894
3,2,575513.3493112996,0.16239999,2.794084,0.7985384084157857
3,2,575518.3495051898,0.16239999,2.794542,0.7987637872447558
3,2,575523.34969908,0.16239999,2.7948475,0.7989891684349076
3,2,575528.3498929702,0.16239999,2.7952867,0.7992145517197082
3,2,575533.3500868604,0.16239999,2.7956684,0.7994399323793488
3,2,575538.3502807505,0.16239999,2.795993,0.7996653105971421
3,2,575543.3504746407,0.16239999,2.7964702,0.7998906889073084
3,2,575548.3506685309,0.16239999,2.796814,0.8001160670505089
3,2,575553.3508624211,0.16239999,2.7971575,0.8003414455238611
3,2,575558.3510563113,0.16239999,2.7975392,0.8005668264137735
3,2,575563.3512502015,0.16239999,2.797902,0.8007922099115076
3,2,575568.3514440916,0.16239999,2.7983792,0.8010175905863234
3,2,575573.3516379818,0.16239999,2.7986465,0.8012429707064278
3,2,575578.351831872,0.16239999,2.7990284,0.8014683518535989
3,2,575583.3520257622,0.16239999,2.799372,0.8016937367408331
3,2,575588.3522196524,0.16239999,2.7994866,0.8019191234876785
3,2,575593.3524135426,0.16239999,2.7999446,0.802144508387726
3,2,575598.3526074328,0.16239999,2.8003457,0.8023698951577352
3,2,575603.3528013229,0.16239999,2.8007274,0.8025952831268317
3,2,575608.3529952131,0.16239999,2.8010137,0.8028206692148991
3,2,575613.3531891033,0.16239999,2.801491,0.8030460562188557
3,2,575618.3533829935,0.16239999,2.8019302,0.8032714446115483
3,2,575623.3535768837,0.16239999,2.8022928,0.8034968329090175
3,2,575628.3537707739,0.16239999,2.802522,0.8037222233249468
3,2,575633.353964664,0.16239999,2.803209,0.8039476135030825
3,2,575638.3541585542,0.16239999,2.803591,0.8041730017716799
3,2,575643.3543524444,0.16239999,2.8038201,0.8043983875980308
3,2,575648.3545463346,0.16239999,2.8041255,0.804623773913634
3,2,575653.3547402248,0.16239999,2.8046982,0.8048491601718537
3,2,575658.354934115,0.16239999,2.8050036,0.8050745452858215
3,2,575663.3551280051,0.16239999,2.805309,0.8052999282177659
3,2,575668.3553218953,0.16239999,2.8056717,0.8055253100479433
3,2,575673.3555157855,0.16239999,2.8060536,0.805750691591207
3,2,575678.3557096757,0.16239999,2.8065119,0.8059760717727779
3,2,575683.3559035659,0.16239999,2.8067982,0.8062014535311648
3,2,575688.3560974561,0.16239999,2.807371,0.806426835340459
3,2,575693.3562913463,0.16239999,2.8076572,0.8066522181422161
3,2,575698.3564852364,0.16239999,2.8079436,0.8068775997416449
3,2,575703.3566791266,0.16239999,2.8083634,0.8071029810986201
3,2,575708.3568730168,0.16239999,2.8088026,0.8073283642068328
3,2,575713.357066907,0.16239999,2.809318,0.8075537479178373
3,2,575718.3572607972,0.16239999,2.809509,0.8077791341414987
3,2,575723.3574546874,0.16239999,2.809929,0.8080045198216965
3,2,575728.3576485775,0.16239999,2.810139,0.8082299056300402
3,2,575733.3578424677,0.16239999,2.8106353,0.8084552903300802
3,2,575738.3580363579,0.16239999,2.810979,0.8086806745196247
3,2,575743.3582302481,0.16239999,2.8114753,0.8089060622551016
3,2,575748.3584241383,0.16239999,2.8118188,0.8091314499294482
3,2,575753.3586180285,0.16239999,2.8119907,0.8093568385406771
3,2,575758.3588119186,0.16239999,2.8123534,0.8095822269135727
3,2,575763.3590058088,0.16239999,2.812888,0.8098076162144713
3,2,575768.359199699,0.16239999,2.8132505,0.8100330049068677
3,2,575773.3593935892,0.16239999,2.8134797,0.8102583926754012
3,2,575778.3595874794,0.16239999,2.813785,0.8104837811670715
3,2,575783.3597813696,0.16239999,2.8144534,0.8107091695951014
3,2,575788.3599752598,0.16239999,2.8147779,0.8109345575641798
3,2,575793.3601691499,0.16239999,2.8151023,0.8111599443921677
3,2,575798.3603630401,0.16239999,2.8156369,0.8113853275501809
3,2,575803.3605569303,0.16239999,2.816038,0.8116107125888399
3,2,575808.3607508205,0.16239999,2.8164196,0.811836099163138
3,2,575813.3609447107,0.16239999,2.816725,0.8120614873224553
3,2,575818.3611386009,0.16239999,2.817145,0.812286876738688
3,2,575823.361332491,0.16239999,2.8174887,0.8125122659490546
3,2,575828.3615263812,0.16239999,2.8182714,0.8127376563443581
3,2,575833.3617202714,0.16239999,2.818424,0.8129630456866612
3,2,575838.3619141616,0.16239999,2.8187106,0.813188434773435
3,2,575843.3621080518,0.16239999,2.8189394,0.81341382114782
3,2,575848.362301942,0.16239999,2.8192067,0.8136392095468705
3,2,575853.3624958321,0.16239999,2.8196268,0.813864599763207
3,2,575858.3626897223,0.16239999,2.8200085,0.8140899904260469
3,2,575863.3628836125,0.16239999,2.8204477,0.8143153782118434
3,2,575868.3630775027,0.16239999,2.8210013,0.8145407644637649
3,2,575873.3632713929,0.16239999,2.8210013,0.814766148064389
3,2,575878.3634652831,0.16239999,2.8216887,0.8149915319828366
3,2,575883.3636591733,0.16239999,2.8222232,0.8152169158662532
3,2,575888.3638530634,0.16239999,2.8222995,0.8154422997903542
3,2,575893.3640469536,0.16239999,2.8230057,0.815667683860576
3,2,575898.3642408438,0.16239999,2.8233304,0.8158930660378304
3,2,575903.364434734,0.16239999,2.8235977,0.8161184502538741
3,2,575908.3646286242,0.16239999,2.8239794,0.8163438330892101
3,2,575913.3648225144,0.16239999,2.824323,0.8165692191730374
3,2,575918.3650164045,0.16239999,2.8246858,0.8167946030762362
3,2,575923.3652102947,0.16239999,2.8252966,0.8170199887075814
3,2,575928.3654041849,0.16239999,2.825602,0.8172453727771913
3,2,575933.3655980751,0.16239999,2.8259838,0.8174707566765009
3,2,575938.3657919653,0.16239999,2.826442,0.8176961405043288
3,2,575943.3659858555,0.16239999,2.826843,0.8179215251311123
3,2,575948.3661797456,0.16239999,2.8273392,0.8181469061948765
3,2,575953.3663736358,0.16239999,2.8277783,0.8183722876343339
3,2,575958.366567526,0.16239999,2.8278546,0.8185976739775979
3,2,575963.3667614162,0.16239999,2.828332,0.8188230592951221
3,2,575968.3669553064,0.16239999,2.828771,0.8190484431396046
3,2,575973.3671491966,0.16239999,2.8291528,0.8192738302785632
3,2,575978.3673430872,0.16239999,2.8293438,0.8194992164055566
3,2,575983.3675369779,0.16239999,2.8298974,0.8197246024385568
3,2,575988.3677308685,0.16239999,2.830432,0.8199499869962924
3,2,575993.3679247592,0.16239999,2.8308518,0.8201753717720958
3,2,575998.3681186498,0.16239999,2.8312528,0.820400753315675
3,2,576003.3683125405,0.16239999,2.8316154,0.8206261357887489
3,2,576008.3685064311,0.16239999,2.832131,0.8208515225147582
3,2,576013.3687003218,0.16239999,2.8327227,0.8210769107301188
3,2,576018.3688942124,0.16239999,2.8332953,0.8213023010603167
3,2,576023.3690881031,0.16239999,2.8335817,0.8215276908169308
3,2,576028.3692819937,0.16239999,2.8342118,0.8217530830865197
3,2,576033.3694758844,0.16239999,2.8345554,0.8219784755761617
3,2,576038.369669775,0.16239999,2.8349755,0.8222038678779877
3,2,576043.3698636657,0.16239999,2.835338,0.8224292588539887
3,2,576048.3700575563,0.16239999,2.8357964,0.8226546470254454
3,2,576053.370251447,0.16239999,2.836369,0.8228800371827071
3,2,576058.3704453376,0.16239999,2.836827,0.823105426861269
3,2,576063.3706392283,0.16239999,2.8373044,0.8233308158635665
3,2,576068.3708331189,0.16239999,2.8376863,0.8235562045299628
3,2,576073.3710270096,0.16239999,2.8380299,0.8237815959619609
3,2,576078.3712209,0.16239999,2.838278,0.8240069865186713
3,2,576083.3714147904,0.16239999,2.8388507,0.8242323786644706
3,2,576088.3716086808,0.16239999,2.8394425,0.8244577716846245
3,2,576093.3718025712,0.16239999,2.8399198,0.8246831630511808
3,2,576098.3719964616,0.16239999,2.840149,0.8249085515567515
3,2,576103.3721903521,0.16239999,2.8405497,0.825133939712485
3,2,576108.372384242,0.16239999,2.8409317,0.8253593279611141
3,2,576113.3725781324,0.16239999,2.8412943,0.8255847159244298
3,2,576118.3727720228,0.16239999,2.8415043,0.8258101044054946
3,2,576123.3729659133,0.16239999,2.842268,0.8260354904943121
3,2,576128.3731598038,0.16239999,2.8426497,0.8262608740002452
3,2,576133.3733536943,0.16239999,2.8431652,0.8264862617337411
3,2,576138.3735475849,0.16239999,2.8434324,0.8267116488542959
3,2,576143.3737414754,0.16239999,2.8436043,0.82693703754491
3,2,576148.3739353659,0.16239999,2.844158,0.8271624264952504
3,2,576153.3741292565,0.16239999,2.8445587,0.8273878141646093
3,2,576158.374323147,0.16239999,2.8447878,0.8276132027370017
3,2,576163.3745170375,0.16239999,2.8451505,0.8278385903582612
3,2,576168.3747109281,0.16239999,2.8460479,0.8280639782970554
3,2,576173.3749048186,0.16239999,2.8464868,0.8282893652343416
3,2,576178.3750987091,0.16239999,2.846926,0.8285147504007615
3,2,576183.3752925999,0.16239999,2.8475368,0.8287401376660969
3,2,576188.3754864904,0.16239999,2.8478804,0.8289655241640183
3,2,576193.375680381,0.16239999,2.8481667,0.8291909116253329
3,2,576198.3758742714,0.16239999,2.8487394,0.8294162983980656
3,2,576203.3760681619,0.16239999,2.8492167,0.8296416841245846
3,2,576208.3762620525,0.16239999,2.8495986,0.8298670693824065
3,2,576213.376455943,0.16239999,2.8502095,0.8300924521350072
3,2,576218.3766498335,0.16239999,2.8504577,0.8303178345525776
3,2,576223.3768437239,0.16239999,2.850954,0.830543218504249
3,2,576228.3770376144,0.16239999,2.8512976,0.8307686021021329
3,2,576233.3772315048,0.16239999,2.8515458,0.830993984824692
3,2,576238.3774253952,0.16239999,2.8520803,0.8312193683906361
3,2,576243.3776192856,0.16239999,2.8525577,0.8314447526564952
3,2,576248.377813176,0.16239999,2.8529775,0.8316701367273428
3,2,576253.3780070664,0.16239999,2.8533976,0.8318955209111437
3,2,576258.3782009569,0.16239999,2.8540275,0.832120904908195
3,2,576263.3783948473,0.16239999,2.8543139,0.8323462886167134
3,2,576268.3785887377,0.16239999,2.8548293,0.8325716706573589
3,2,576273.3787826276,0.16239999,2.855211,0.8327970522289846
3,2,576278.3789765183,0.16239999,2.8557265,0.8330224339236276
3,2,576283.3791704089,0.16239999,2.8559747,0.8332478167692008
3,2,576288.3793642996,0.16239999,2.8567574,0.833473201186969
3,2,576293.3795581902,0.16239999,2.8570247,0.8336985866441825
3,2,576298.3797520809,0.16239999,2.85733,0.8339239706782632
3,2,576303.3799459715,0.16239999,2.8578837,0.8341493521174416
3,2,576308.3801398622,0.16239999,2.8583229,0.8343747333524401
3,2,576313.3803337528,0.16239999,2.8584754,0.8346001155506687
3,2,576318.3805276435,0.16239999,2.8589718,0.8348254976232101
3,2,576323.3807215341,0.16239999,2.859239,0.8350508812641998
3,2,576328.3809154248,0.16239999,2.8599646,0.8352762645018548
3,2,576333.3811093154,0.16239999,2.8602319,0.8355016461851026
3,2,576338.3813032061,0.16239999,2.8608427,0.8357270282959094
3,2,576343.3814970967,0.16239999,2.8612056,0.8359524097003341
3,2,576348.3816909874,0.16239999,2.8617592,0.8361777912933778
3,2,576353.381884878,0.16239999,2.862351,0.8364031729174985
3,2,576358.3820787687,0.16239999,2.8626945,0.8366285556283378
3,2,576363.3822726593,0.16239999,2.863248,0.836853937452159
3,2,576368.38246655,0.16239999,2.863878,0.8370793191712432
3,2,576373.3826604406,0.16239999,2.864298,0.8373046994683006
3,2,576378.3828543313,0.16239999,2.8647754,0.8375300811623335
3,2,576383.3830482215,0.16239999,2.865348,0.8377554632822615
3,2,576388.3832421117,0.16239999,2.8655581,0.8379808447372359
3,2,576393.3834360018,0.16239999,2.8660927,0.8382062245579172
3,2,576398.383629892,0.16239999,2.8665698,0.8384316037629446
3,2,576403.3838237822,0.16239999,2.867047,0.8386569806104113
3,2,576408.3840176724,0.16239999,2.8675625,0.8388823597083225
3,2,576413.3842115626,0.16239999,2.8678298,0.8391077403371542
3,2,576418.3844054528,0.16239999,2.8683453,0.8393331211561371
3,2,576423.384599343,0.16239999,2.8688226,0.8395585013682694
3,2,576428.3847932331,0.16239999,2.8694334,0.8397838821945753
3,2,576433.3849871233,0.16239999,2.8699489,0.8400092654733733
3,2,576438.3851810135,0.16239999,2.8703306,0.8402346501302753
3,2,576443.3853749037,0.16239999,2.870808,0.8404600360348573
3,2,576448.3855687939,0.16239999,2.8714187,0.8406854202922989
3,2,576453.385762684,0.16239999,2.8716478,0.8409108061058662
3,2,576458.3859565742,0.16239999,2.8724306,0.8411361917860036
3,2,576463.3861504644,0.16239999,2.8726406,0.8413615799022616
3,2,576468.3863443546,0.16239999,2.8732324,0.8415869660865831
3,2,576473.3865382448,0.16239999,2.8738432,0.8418123509302587
3,2,576478.386732135,0.16239999,2.8742824,0.8420377366313306
3,2,576483.3869260252,0.16239999,2.8747213,0.8422631211767214
3,2,576488.3871199153,0.16239999,2.8752367,0.8424885092703891
3,2,576493.3873138055,0.16239999,2.875867,0.8427138993448086
3,2,576498.3875076957,0.16239999,2.876344,0.8429392868356432
3,2,576503.3877015859,0.16239999,2.8768976,0.8431646738854349
3,2,576508.3878954761,0.16239999,2.877375,0.8433900606326867
3,2,576513.3880893663,0.16239999,2.8779476,0.8436154478282756
3,2,576518.3882832564,0.16239999,2.878444,0.8438408377576331
3,2,576523.3884771466,0.16239999,2.8789022,0.8440662261049633
3,2,576528.3886710368,0.16239999,2.8793986,0.844291613663258
3,2,576533.388864927,0.16239999,2.8795512,0.84451700158956
3,2,576538.3890588172,0.16239999,2.8798757,0.8447423913890497
3,2,576543.3892527074,0.16239999,2.8804486,0.8449677799063102
3,2,576548.3894465975,0.16239999,2.8809638,0.8451931695458667
3,2,576553.3896404877,0.16239999,2.8813457,0.8454185593432056
3,2,576558.3898343779,0.16239999,2.881823,0.8456439469914321
3,2,576563.3900282681,0.16239999,2.8823001,0.8458693364377883
3,2,576568.3902221583,0.16239999,2.882491,0.8460947237720936
3,2,576573.3904160485,0.16239999,2.8831785,0.8463201109677345
3,2,576578.3906099387,0.16239999,2.8835793,0.8465454967533763
3,2,576583.3908038288,0.16239999,2.8838847,0.846770880710764
3,2,576588.390997719,0.16239999,2.8845148,0.8469962641203866
3,2,576593.3911916092,0.16239999,2.8850875,0.847221649590426
3,2,576598.3913854994,0.16239999,2.885622,0.8474470333019495
3,2,576603.3915793896,0.16239999,2.886252,0.8476724194147975
3,2,576608.3917732798,0.16239999,2.8865573,0.8478978026413926
3,2,576613.3919671699,0.16239999,2.8872066,0.848123185562056
3,2,576618.3921610601,0.16239999,2.8876646,0.8483485706790123
3,2,576623.3923549503,0.16239999,2.88818,0.8485739561827158
3,2,576628.3925488405,0.16239999,2.88881,0.8487993422217726
3,2,576633.3927427307,0.16239999,2.8891156,0.8490247265375398
3,2,576638.3929366209,0.16239999,2.8897455,0.8492501140194776
3,2,576643.393130511,0.16239999,2.8902037,0.8494755027036858
3,2,576648.3933244012,0.16239999,2.8906617,0.8497008904215868
3,2,576653.3935182914,0.16239999,2.8912535,0.8499262793651026
3,2,576658.3937121816,0.16239999,2.8916163,0.8501516663454854
3,2,576663.3939060718,0.16239999,2.892189,0.8503770528547425
3,2,576668.394099962,0.16239999,2.8924372,0.8506024392949617
3,2,576673.3942938522,0.16239999,2.89301,0.8508278243969365
3,2,576678.3944877423,0.16239999,2.8935635,0.8510532090859877
3,2,576683.3946816325,0.16239999,2.893907,0.8512785917229255
3,2,576688.3948755227,0.16239999,2.8945181,0.8515039749888306
3,2,576693.3950694129,0.16239999,2.8952625,0.8517293569254676
3,2,576698.3952633031,0.16239999,2.8958735,0.8519547400439091
3,2,576703.3954571933,0.16239999,2.8960261,0.8521801243395134
3,2,576708.3956510834,0.16239999,2.8966753,0.8524055075187102
3,2,576713.3958449736,0.16239999,2.8972096,0.8526308894687973
3,2,576718.3960388638,0.16239999,2.8976107,0.8528562719428862
3,2,576723.396232754,0.16239999,2.8981261,0.8530816540624424
3,2,576728.3964266442,0.16239999,2.8986034,0.8533070326985451
3,2,576733.3966205344,0.16239999,2.899157,0.8535324121501711
3,2,576738.3968144245,0.16239999,2.899596,0.8537577950891563
3,2,576743.3970083147,0.16239999,2.9000924,0.8539831777882634
3,2,576748.3972022049,0.16239999,2.9004169,0.8542085610511021
3,2,576753.3973960951,0.16239999,2.900856,0.8544339455215657
3,2,576758.3975899853,0.16239999,2.9016197,0.8546593308559299
3,2,576763.3977838755,0.16239999,2.9020205,0.8548847141088263
3,2,576768.3979777656,0.16239999,2.9023643,0.8551100987431232
3,2,576773.3981716558,0.16239999,2.9029942,0.8553354849809994
3,2,576778.398365546,0.16239999,2.9034524,0.8555608677554932
3,2,576783.3985594362,0.16239999,2.9038723,0.8557862499395524
3,2,576788.3987533264,0.16239999,2.9041777,0.8560116324624053
3,2,576793.3989472166,0.16239999,2.9047313,0.8562370157751199
3,2,576798.3991411068,0.16239999,2.9052658,0.8564624006413972
3,2,576803.3993349969,0.16239999,2.9058194,0.8566877851241949
3,2,576808.3995288871,0.16239999,2.9062777,0.8569131696725054
3,2,576813.3997227773,0.16239999,2.9065259,0.8571385553863609
3,2,576818.3999166675,0.16239999,2.9070604,0.8573639381838968
3,2,576823.4001105577,0.16239999,2.9075568,0.85758932059438
3,2,576828.4003044479,0.16239999,2.9080722,0.8578147039658267
3,2,576833.400498338,0.16239999,2.9085493,0.8580400888863203
3,2,576838.4006922282,0.16239999,2.9090457,0.8582654750971924
3,2,576843.4008861184,0.16239999,2.909523,0.8584908595223574
3,2,576848.4010800086,0.16239999,2.9099813,0.8587162431838941
3,2,576853.4012738988,0.16239999,2.910382,0.8589416250755454
3,2,576858.401467789,0.16239999,2.9109356,0.8591670069484593
3,2,576863.4016616791,0.16239999,2.911604,0.8593923890868299
3,2,576868.4018555693,0.16239999,2.9121575,0.8596177711734786
3,2,576873.4020494595,0.16239999,2.9127111,0.8598431530400538
3,2,576878.4022433497,0.16239999,2.9132457,0.8600685325387715
3,2,576883.4024372399,0.16239999,2.9137037,0.8602939102942694
3,2,576888.4026311301,0.16239999,2.9142191,0.8605192886882771
3,2,576893.4028250203,0.16239999,2.9149256,0.860744671035759
3,2,576898.4030189104,0.16239999,2.9154983,0.8609700511254254
3,2,576903.4032128006,0.16239999,2.9159565,0.8611954311513461
3,2,576908.4034066908,0.16239999,2.9163764,0.8614208119344205
3,2,576913.403600581,0.16239999,2.9169874,0.8616461939969989
3,2,576918.4037944712,0.16239999,2.917331,0.8618715744462311
3,2,576923.4039883614,0.16239999,2.9177892,0.8620969562154454
3,2,576928.4041822515,0.16239999,2.9184,0.862322338557259
3,2,576933.4043761417,0.16239999,2.9189346,0.8625477196765607
3,2,576938.4045700319,0.16239999,2.91924,0.8627731022136906
3,2,576943.4047639221,0.16239999,2.919889,0.86299848415136
3,2,576948.4049578123,0.16239999,2.9203281,0.8632238677244634
3,2,576953.4051517025,0.16239999,2.9208055,0.8634492508003769
3,2,576958.4053455926,0.16239999,2.9212635,0.863674633648499
3,2,576963.4055394828,0.16239999,2.921779,0.8639000157078851
3,2,576968.405733373,0.16239999,2.922199,0.8641253951295647
3,2,576973.4059272632,0.16239999,2.922848,0.8643507740585621
3,2,576978.4061211534,0.16239999,2.9231153,0.8645761571801825
3,2,576983.4063150436,0.16239999,2.9236498,0.8648015383090244
3,2,576988.4065089338,0.16239999,2.924127,0.8650269185922269
3,2,576993.4067028239,0.16239999,2.9245663,0.8652522982388519
3,2,576998.4068967141,0.16239999,2.9250815,0.8654776777326083
3,2,577003.4070906043,0.16239999,2.9256544,0.8657030551429737
3,2,577008.4072844945,0.16239999,2.926227,0.8659284322158544
3,2,577013.4074783847,0.16239999,2.9266088,0.8661538089048041
3,2,577018.4076722749,0.16239999,2.9274678,0.8663791874951908
3,2,577023.407866165,0.16239999,2.9277732,0.8666045654101684
3,2,577028.4080600552,0.16239999,2.928098,0.8668299433105743
3,2,577033.4082539454,0.16239999,2.928556,0.8670553215705684
3,2,577038.4084478356,0.16239999,2.9288614,0.8672807017175876
3,2,577043.4086417258,0.16239999,2.9293005,0.8675060813238362
3,2,577048.408835616,0.16239999,2.9296632,0.8677314627955869
3,2,577053.4090295061,0.16239999,2.9305031,0.8679568442612586
3,2,577058.4092233963,0.16239999,2.930847,0.8681822285937061
3,2,577063.4094172865,0.16239999,2.9312477,0.8684076149143898
3,2,577068.4096111767,0.16239999,2.9318779,0.8686329988901381
3,2,577073.4098050669,0.16239999,2.9324315,0.8688583827527006
3,2,577078.4099989571,0.16239999,2.9330232,0.8690837687615915
3,2,577083.4101928473,0.16239999,2.9333286,0.8693091522113041
3,2,577088.4103867374,0.16239999,2.9339395,0.869534532873728
3,2,577093.4105806276,0.16239999,2.9343405,0.8697599179501738
3,2,577098.4107745178,0.16239999,2.9350657,0.8699853034477663
3,2,577103.410968408,0.16239999,2.9356384,0.870210686628546
3,2,577108.4111622982,0.16239999,2.9358866,0.8704360716497979
3,2,577113.4113561884,0.16239999,2.9366312,0.8706614562274481
3,2,577118.4115500785,0.16239999,2.937204,0.8708868396851609
3,2,577123.4117439687,0.16239999,2.9378147,0.871112223287631
3,2,577128.4119378589,0.16239999,2.938292,0.871337605450024
3,2,577133.4121317491,0.16239999,2.9389603,0.8715629861401202
3,2,577138.4123256393,0.16239999,2.939323,0.8717883662944667
3,2,577143.4125195295,0.16239999,2.9398384,0.8720137461644045
3,2,577148.4127134196,0.16239999,2.9402583,0.8722391250468524
3,2,577153.4129073098,0.16239999,2.9407165,0.8724645060847673
3,2,577158.4131012,0.16239999,2.9411557,0.8726898893967385
3,2,577163.4132950902,0.16239999,2.9419765,0.8729152712030359
3,2,577168.4134889804,0.16239999,2.9424155,0.8731406534276164
3,2,577173.4136828706,0.16239999,2.9429119,0.8733660373106398
3,2,577178.4138767608,0.16239999,2.9434273,0.8735914206161588
3,2,577183.4140706509,0.16239999,2.9438093,0.8738168028047323
3,2,577188.4142645411,0.16239999,2.9443438,0.8740421840902772
3,2,577193.4144584313,0.16239999,2.94505,0.8742675679499042
3,2,577198.4146523215,0.16239999,2.9453745,0.8744929505410467
3,2,577203.4148462117,0.16239999,2.946081,0.8747183360686831
3,2,577208.4150401019,0.16239999,2.9466536,0.874943719783994
3,2,577213.415233992,0.16239999,2.9471881,0.875169103982215
3,2,577218.4154278822,0.16239999,2.9475508,0.8753944875242246
3,2,577223.4156217724,0.16239999,2.9482381,0.8756198711724462
3,2,577228.4158156626,0.16239999,2.9486198,0.8758452536185275
3,2,577233.4160095528,0.16239999,2.9492881,0.8760706343256565
3,2,577238.416203443,0.16239999,2.9498417,0.8762960162841668
3,2,577243.4163973331,0.16239999,2.9501853,0.8765214003354259
3,2,577248.4165912233,0.16239999,2.9506626,0.8767467843243428
3,2,577253.4167851135,0.16239999,2.9514453,0.8769721686804086
3,2,577258.4169790037,0.16239999,2.951808,0.8771975559843719
3,2,577263.4171728939,0.16239999,2.9523044,0.8774229388512652
3,2,577268.4173667841,0.16239999,2.9527051,0.8776483193432959
3,2,577273.4175606743,0.16239999,2.9532206,0.8778737021269108
3,2,577278.4177545644,0.16239999,2.953889,0.8780990844954805
3,2,577283.4179484546,0.16239999,2.9543662,0.8783244675039001
3,2,577288.4181423448,0.16239999,2.9548624,0.878549853178736
3,2,577293.418336235,0.16239999,2.9555306,0.8787752376420496
3,2,577298.4185301252,0.16239999,2.9561415,0.8790006222894322
3,2,577303.4187240154,0.16239999,2.9566379,0.8792260070931412
3,2,577308.4189179055,0.16239999,2.9573443,0.8794513889328314
3,2,577313.4191117957,0.16239999,2.957936,0.8796767724646104
3,2,577318.4193056859,0.16239999,2.9585087,0.8799021560249028
3,2,577323.4194995761,0.16239999,2.9590242,0.8801275406326061
3,2,577328.4196934663,0.16239999,2.9597304,0.8803529206549713
3,2,577333.4198873565,0.16239999,2.960036,0.8805782990710567
3,2,577338.4200812466,0.16239999,2.9604177,0.8808036780571951
3,2,577343.4202751368,0.16239999,2.9609904,0.8810290583183273
3,2,577348.420469027,0.16239999,2.9616969,0.8812544397635141
3,2,577353.4206629172,0.16239999,2.9622886,0.881479821899061
3,2,577358.4208568074,0.16239999,2.9628613,0.8817052035423133
3,2,577363.4210506976,0.16239999,2.9633005,0.8819305854226711
3,2,577368.4212445877,0.16239999,2.963663,0.8821559712803857
3,2,577373.4214384779,0.16239999,2.9642358,0.8823813581572834
3,2,577378.4216323681,0.16239999,2.964694,0.8826067452541744
3,2,577383.4218262583,0.16239999,2.9652858,0.882832133207373
3,2,577388.4220201485,0.16239999,2.9658394,0.883057520916806
3,2,577393.4222140387,0.16239999,2.9665458,0.8832829088668844
3,2,577398.4224079289,0.16239999,2.9670994,0.8835082961435645
3,2,577403.422601819,0.16239999,2.967615,0.8837336834469028
3,2,577408.4227957092,0.16239999,2.9679394,0.8839590731330006
3,2,577413.4229895994,0.16239999,2.9685502,0.8841844613514689
3,2,577418.4231834896,0.16239999,2.969161,0.884409849692856
3,2,577423.4233773798,0.16239999,2.9698675,0.884635239414204
3,2,577428.42357127,0.16239999,2.9704783,0.8848606294592921
3,2,577433.4237651601,0.16239999,2.97107,0.8850860183005684
3,2,577438.4239590503,0.16239999,2.971471,0.8853114039983513
3,2,577443.4241529405,0.16239999,2.9721963,0.8855367901279516
3,2,577448.4243468307,0.16239999,2.9725783,0.8857621760148087
3,2,577453.4245407209,0.16239999,2.9730937,0.8859875614023436
3,2,577458.4247346111,0.16239999,2.9736664,0.8862129460103847
3,2,577463.4249285012,0.16239999,2.9741437,0.8864383327647013
3,2,577468.4251223914,0.16239999,2.9745827,0.8866637214835779
3,2,577473.4253162816,0.16239999,2.9750028,0.8868891099728118
3,2,577478.4255101718,0.16239999,2.9756708,0.8871145000596059
3,2,577483.425704062,0.16239999,2.9762244,0.8873398880972875
3,2,577488.4258979522,0.16239999,2.976759,0.8875652764759913
3,2,577493.4260918424,0.16239999,2.9774654,0.8877906645847364
3,2,577498.4262857325,0.16239999,2.9780762,0.8880160519590382
3,2,577503.4264796227,0.16239999,2.9785345,0.8882414382029139
3,2,577508.4266735129,0.16239999,2.9791071,0.8884668238313269
3,2,577513.4268674031,0.16239999,2.9798136,0.888692208073456
3,2,577518.4270612933,0.16239999,2.9803863,0.8889175960008101
3,2,577523.4272551835,0.16239999,2.98115,0.8891429804751596
3,2,577528.4274490736,0.16239999,2.9814935,0.8893683640025991
3,2,577533.4276429638,0.16239999,2.9819133,0.8895937501674266
3,2,577538.427836854,0.16239999,2.9824097,0.8898191346268212
3,2,577543.4280307442,0.16239999,2.983078,0.8900445193689868
3,2,577548.4282246344,0.16239999,2.9835742,0.8902699047922257
3,2,577553.4284185246,0.16239999,2.984147,0.8904952880026753
3,2,577558.4286124147,0.16239999,2.9848533,0.8907206730098357
3,2,577563.4288063049,0.16239999,2.9852924,0.8909460589021019
3,2,577568.4290001951,0.16239999,2.9857507,0.8911714483304484
3,2,577573.4291940853,0.16239999,2.9864187,0.8913968368650373
3,2,577578.4293879755,0.16239999,2.986858,0.8916222268283
3,2,577583.4295818657,0.16239999,2.9874687,0.8918476164893885
3,2,577588.4297757563,0.16239999,2.9880223,0.89207300431301
3,2,577593.429969647,0.16239999,2.9886904,0.8922983924960988
3,2,577598.4301635376,0.16239999,2.9892824,0.8925237819282865
3,2,577603.4303574283,0.16239999,2.989836,0.892749172562839
3,2,577608.4305513189,0.16239999,2.9904659,0.8929745629528427
3,2,577613.4307452096,0.16239999,2.9908857,0.8931999538799075
3,2,577618.4309391002,0.16239999,2.991745,0.8934253452818349
3,2,577623.4311329909,0.16239999,2.9923368,0.893650735804776
3,2,577628.4313268815,0.16239999,2.9928904,0.8938761260710381
3,2,577633.4315207722,0.16239999,2.9936922,0.8941015155564213
3,2,577638.4317146628,0.16239999,2.9942076,0.8943269047480935
3,2,577643.4319085535,0.16239999,2.9946656,0.8945522939325271
3,2,577648.4321024441,0.16239999,2.995162,0.8947776835897431
3,2,577653.4322963348,0.16239999,2.9959447,0.8950030748255301
3,2,577658.4324902254,0.16239999,2.9962502,0.8952284682509848
3,2,577663.4326841156,0.16239999,2.9968228,0.8954538632917427
3,2,577668.4328780062,0.16239999,2.9975293,0.895679256960987
3,2,577673.4330718969,0.16239999,2.9980638,0.8959046500430635
3,2,577678.4332657875,0.16239999,2.9985602,0.8961300435379402
3,2,577683.4334596782,0.16239999,2.9992282,0.8963554345217792
3,2,577688.4336535686,0.16239999,2.9997246,0.8965808255483324
3,2,577690.5208510272,0.16239999,3.000049,0.896674908845513
3,2,577690.5210510269,0.16239999,2.9998965,0.8966749178578769
4,1,577690.5218510274,-0.16239999,2.9731429,-1.7912928428914813e-08
4,1,577695.5220449194,-0.16239999,2.8579984,-0.0002257881889782018
4,1,577700.5222388096,-0.16239999,2.8243995,-0.00045156270539843375
4,1,577705.5224326998,-0.16239999,2.7999256,-0.0006773347839473023
4,1,577710.52262659,-0.16239999,2.778411,-0.0009031073393664427
4,1,577715.5228204802,-0.16239999,2.7580798,-0.0011288790748698845
4,1,577720.5230143704,-0.16239999,2.7364695,-0.0013546499205769765
4,1,577725.5232082605,-0.16239999,2.712492,-0.0015804222972757287
4,1,577730.5234021507,-0.16239999,2.6870065,-0.0018061955235029261
4,1,577735.5235960409,-0.16239999,2.6613681,-0.0020319675712047354
4,1,577740.5237899311,-0.16239999,2.636589,-0.002257739177931514
4,1,577745.5239838213,-0.16239999,2.6128788,-0.0024835099640761814
4,1,577750.5241777115,-0.16239999,2.5903332,-0.0027092820198519364
4,1,577755.5243716016,-0.16239999,2.5692003,-0.002935054347313941
4,1,577760.5245654918,-0.16239999,2.5489645,-0.003160826361375551
4,1,577765.524759382,-0.16239999,2.5296643,-0.0033865985303719844
4,1,577770.5249532722,-0.16239999,2.5116813,-0.0036123730340558626
4,1,577775.5251471624,-0.16239999,2.494309,-0.0038381460568524075
4,1,577780.5253410526,-0.16239999,2.4777577,-0.004063922086983919
4,1,577785.5255349427,-0.16239999,2.4621801,-0.004289693183989989
4,1,577790.5257288329,-0.16239999,2.4470224,-0.004515462221907245
4,1,577795.5259227231,-0.16239999,2.432762,-0.0047412294187852075
4,1,577800.5261166133,-0.16239999,2.4190168,-0.004966997744743195
4,1,577805.5263105035,-0.16239999,2.4058256,-0.005192767450021373
4,1,577810.5265043937,-0.16239999,2.3931496,-0.00541853497665541
4,1,577815.5266982839,-0.16239999,2.3810654,-0.00564430334354937
4,1,577820.526892174,-0.16239999,2.3696685,-0.005870073544525438
4,1,577825.5270860642,-0.16239999,2.358596,-0.006095843717257182
4,1,577830.5272799544,-0.16239999,2.3482301,-0.006321614299995204
4,1,577835.5274738446,-0.16239999,2.3382459,-0.006547385365737809
4,1,577840.5276677348,-0.16239999,2.3287199,-0.006773156170092523
4,1,577845.527861625,-0.16239999,2.3195755,-0.006998924860654606
4,1,577850.5280555151,-0.16239999,2.3109276,-0.007224696362329026
4,1,577855.5282494053,-0.16239999,2.3024707,-0.007450468462735414
4,1,577860.5284432955,-0.16239999,2.2945483,-0.00767623896336721
4,1,577865.5286371857,-0.16239999,2.28695,-0.007902009749569826
4,1,577870.5288310759,-0.16239999,2.2795813,-0.008127779737965928
4,1,577875.5290249661,-0.16239999,2.272709,-0.008353549747420681
4,1,577880.5292188562,-0.16239999,2.26597,-0.008579316268825696
4,1,577885.5294127464,-0.16239999,2.2597275,-0.008805082025962571
4,1,577890.5296066366,-0.16239999,2.2537522,-0.009030848908354011
4,1,577895.5298005268,-0.16239999,2.2483115,-0.009256615922745732
4,1,577900.529994417,-0.16239999,2.242947,-0.009482381670365731
4,1,577905.5301883072,-0.16239999,2.2379837,-0.009708144063644111
4,1,577910.5303821974,-0.16239999,2.2335737,-0.009933911152257687
4,1,577915.5305760875,-0.16239999,2.2292976,-0.010159678561158477
4,1,577920.5307699777,-0.16239999,2.2253077,-0.010385445716364515
4,1,577925.5309638679,-0.16239999,2.2217188,-0.010611212911890612
4,1,577930.5311577581,-0.16239999,2.2182634,-0.010836980794496832
4,1,577935.5313516483,-0.16239999,2.215037,-0.011062749265153373
4,1,577940.5315455385,-0.16239999,2.2120018,-0.011288517918455103
4,1,577945.5317394286,-0.16239999,2.2093482,-0.01151428773983154
4,1,577950.5319333188,-0.16239999,2.2065992,-0.011740055399987431
4,1,577955.532127209,-0.16239999,2.20406,-0.011965825909591382
4,1,577960.5323210992,-0.16239999,2.2019794,-0.012191594984280565
4,1,577965.5325149894,-0.16239999,2.1996312,-0.01241736756374604
4,1,577970.5327088796,-0.16239999,2.1977222,-0.012643140611015258
4,1,577975.5329027697,-0.16239999,2.195756,-0.012868911165867412
4,1,577980.5330966599,-0.16239999,2.1937323,-0.013094679099691408
4,1,577985.5332905501,-0.16239999,2.1920333,-0.013320446769127412
4,1,577990.5334844403,-0.16239999,2.1902387,-0.01354621404705693
4,1,577995.5336783305,-0.16239999,2.1885588,-0.013771982493773928
4,1,578000.5338722207,-0.16239999,2.1871462,-0.013997750022595125
4,1,578005.5340661108,-0.16239999,2.1854472,-0.014223517047162683
4,1,578010.534260001,-0.16239999,2.184149,-0.014449284317620097
4,1,578015.5344538912,-0.16239999,2.1826408,-0.014675051716233291
4,1,578020.5346477814,-0.16239999,2.1814382,-0.014900818644140328
4,1,578025.5348416716,-0.16239999,2.1800256,-0.015126587406463091
4,1,578030.5350355618,-0.16239999,2.1787083,-0.015352357897238596
4,1,578035.535229452,-0.16239999,2.1774101,-0.015578127831359702
4,1,578040.5354233421,-0.16239999,2.1762073,-0.01580389704374472
4,1,578045.5356172323,-0.16239999,2.1749666,-0.016029666354054374
4,1,578050.5358111225,-0.16239999,2.1737447,-0.016255434489973714
4,1,578055.5360050127,-0.16239999,2.1725993,-0.016481203248421346
4,1,578060.5361989029,-0.16239999,2.1713011,-0.016706976095031526
4,1,578065.5363927931,-0.16239999,2.170194,-0.0169327501995936
4,1,578070.5365866832,-0.16239999,2.1689723,-0.017158524729400042
4,1,578075.5367805734,-0.16239999,2.1677885,-0.017384300493445658
4,1,578080.5369744636,-0.16239999,2.166586,-0.017610076613759826
4,1,578085.5371683538,-0.16239999,2.165364,-0.017835851042144826
4,1,578090.537362244,-0.16239999,2.1640277,-0.018061623279031776
4,1,578095.5375561342,-0.16239999,2.1629205,-0.018287395136315786
4,1,578100.5377500243,-0.16239999,2.1616988,-0.01851316506508158
4,1,578105.5379439145,-0.16239999,2.160515,-0.018738935803563228
4,1,578110.5381378047,-0.16239999,2.159179,-0.018964708003693154
4,1,578115.5383316949,-0.16239999,2.1580334,-0.01919048221747577
4,1,578120.5385255851,-0.16239999,2.1568308,-0.019416252599970332
4,1,578125.5387194753,-0.16239999,2.1554754,-0.019642023941780957
4,1,578130.5389133655,-0.16239999,2.154139,-0.019867795377324853
4,1,578135.5391072556,-0.16239999,2.1528409,-0.02009356608221266
4,1,578140.5393011458,-0.16239999,2.1514664,-0.02031933687092281
4,1,578145.539495036,-0.16239999,2.1501873,-0.02054510677176631
4,1,578150.5396889262,-0.16239999,2.14887,-0.020770879263518584
4,1,578155.5398828164,-0.16239999,2.1474574,-0.020996649893659684
4,1,578160.5400767066,-0.16239999,2.1461785,-0.0212224230803541
4,1,578165.5402705967,-0.16239999,2.1447847,-0.021448197330272856
4,1,578170.5404644869,-0.16239999,2.1432195,-0.02167397302457607
4,1,578175.5406583771,-0.16239999,2.1419785,-0.02189975009673916
4,1,578180.5408522673,-0.16239999,2.140394,-0.022125527881810228
4,1,578185.5410461575,-0.16239999,2.1389813,-0.022351304519395026
4,1,578190.5412400477,-0.16239999,2.137416,-0.022577080403078754
4,1,578195.5414339378,-0.16239999,2.1360223,-0.02280285678305559
4,1,578200.541627828,-0.16239999,2.1343615,-0.02302863263451307
4,1,578205.5418217182,-0.16239999,2.1328342,-0.023254407537180506
4,1,578210.5420156084,-0.16239999,2.1314406,-0.023480180871977563
4,1,578215.5422094986,-0.16239999,2.129627,-0.02370595078145463
4,1,578220.5424033888,-0.16239999,2.128119,-0.02393172069124545
4,1,578225.542597279,-0.16239999,2.1264772,-0.024157491643733434
4,1,578230.5427911691,-0.16239999,2.1249309,-0.024383262496140253
4,1,578235.5429850593,-0.16239999,2.1231554,-0.024609035223917813
4,1,578240.5431789495,-0.16239999,2.1216092,-0.02483480599598999
4,1,578245.5433728397,-0.16239999,2.1197193,-0.025060576371740122
4,1,578250.5435667299,-0.16239999,2.1179628,-0.025286345870036205
4,1,578255.54376062,-0.16239999,2.1161304,-0.025512117010860796
4,1,578260.5439545102,-0.16239999,2.114412,-0.025737889197464607
4,1,578265.5441484004,-0.16239999,2.1126368,-0.025963664490070596
4,1,578270.5443422906,-0.16239999,2.1107278,-0.026189438157961587
4,1,578275.5445361808,-0.16239999,2.1087232,-0.026415214954523564
4,1,578280.544730071,-0.16239999,2.1068332,-0.026640990199036884
4,1,578285.5449239612,-0.16239999,2.1049242,-0.02686676728810286
4,1,578290.5451178513,-0.16239999,2.103149,-0.027092540342789545
4,1,578295.5453117415,-0.16239999,2.1011634,-0.027318313260962554
4,1,578300.5455056317,-0.16239999,2.0991018,-0.027544084954812285
4,1,578305.5456995219,-0.16239999,2.0973835,-0.027769855319293827
4,1,578310.5458934121,-0.16239999,2.095169,-0.027995625164695902
4,1,578315.5460873023,-0.16239999,2.0932791,-0.028221395540092543
4,1,578320.5462811925,-0.16239999,2.0912175,-0.028447165694754147
4,1,578325.5464750826,-0.16239999,2.0889647,-0.028672938110025383
4,1,578330.5466689728,-0.16239999,2.0871894,-0.028898713846775382
4,1,578335.546862863,-0.16239999,2.0850132,-0.029124487617940526
4,1,578340.5470567532,-0.16239999,2.0828369,-0.029350260086317016
4,1,578345.5472506434,-0.16239999,2.0807369,-0.029576034449842227
4,1,578350.5474445336,-0.16239999,2.0788279,-0.02980180857020284
4,1,578355.5476384237,-0.16239999,2.0765944,-0.0300275827769579
4,1,578360.5478323139,-0.16239999,2.0744944,-0.03025335734533186
4,1,578365.5480262041,-0.16239999,2.0723372,-0.030479131460427394
4,1,578370.5482200943,-0.16239999,2.0702944,-0.030704907821283555
4,1,578375.5484139845,-0.16239999,2.068118,-0.03093068364015137
4,1,578380.5486078747,-0.16239999,2.066018,-0.031156459029843393
4,1,578385.5488017648,-0.16239999,2.0639374,-0.03138223528850988
4,1,578390.548995655,-0.16239999,2.0618947,-0.03160801206374912
4,1,578395.5491895452,-0.16239999,2.059604,-0.03183378554588886
4,1,578400.5493834354,-0.16239999,2.0574849,-0.032059557899964335
4,1,578405.5495773256,-0.16239999,2.0553467,-0.0322853320875921
4,1,578410.5497712158,-0.16239999,2.0532658,-0.03251110506866042
4,1,578415.549965106,-0.16239999,2.0508604,-0.03273687758015673
4,1,578420.5501589961,-0.16239999,2.0487797,-0.03296265195533879
4,1,578425.5503528863,-0.16239999,2.046718,-0.03318842639524652
4,1,578430.5505467765,-0.16239999,2.0444844,-0.033414197966295786
4,1,578435.5507406667,-0.16239999,2.0423844,-0.033639971420517376
4,1,578440.5509345569,-0.16239999,2.0401318,-0.03386574439776935
4,1,578445.551128447,-0.16239999,2.0379746,-0.03409151494477852
4,1,578450.5513223372,-0.16239999,2.035722,-0.03431728624119856
4,1,578455.5515162274,-0.16239999,2.0334883,-0.03454305928771775
4,1,578460.5517101176,-0.16239999,2.0311403,-0.0347688335061694
4,1,578465.5519040078,-0.16239999,2.0290022,-0.034994611572561146
4,1,578470.552097898,-0.16239999,2.026864,-0.035220394309711106
4,1,578475.5522917882,-0.16239999,2.0246878,-0.035446174265205015
4,1,578480.5524856783,-0.16239999,2.022626,-0.03567195213194769
4,1,578485.5526795685,-0.16239999,2.0204878,-0.035897732272109205
4,1,578490.5528734587,-0.16239999,2.0184834,-0.03612351251957067
4,1,578495.5530673489,-0.16239999,2.0161734,-0.03634929120840792
4,1,578500.5532612391,-0.16239999,2.0140736,-0.036575068311663114
4,1,578505.5534551293,-0.16239999,2.011859,-0.03680084694835955
4,1,578510.5536490194,-0.16239999,2.0097592,-0.0370266227381105
4,1,578515.5538429096,-0.16239999,2.0076592,-0.03725239839380563
4,1,578520.5540367998,-0.16239999,2.0055401,-0.03747817493055593
4,1,578525.55423069,-0.16239999,2.0033257,-0.03770395048552087
4,1,578530.5544245802,-0.16239999,2.0013595,-0.03792972294856026
4,1,578535.5546184704,-0.16239999,1.9990494,-0.0381554946898172
4,1,578540.554812361,-0.16239999,1.997064,-0.03838126987232017
4,1,578545.5550062517,-0.16239999,1.9950786,-0.038607043888353614
4,1,578550.5552001423,-0.16239999,1.9929596,-0.03883281527889683
4,1,578555.555394033,-0.16239999,1.9908024,-0.03905858452802066
4,1,578560.5555879236,-0.16239999,1.9887024,-0.03928435336956214
4,1,578565.5557818143,-0.16239999,1.9864306,-0.03951012532707715
4,1,578570.5559757049,-0.16239999,1.9844072,-0.03973589559391883
4,1,578575.5561695956,-0.16239999,1.9823453,-0.0399616678772229
4,1,578580.5563634862,-0.16239999,1.9802836,-0.04018744274991003
4,1,578585.5565573769,-0.16239999,1.97826,-0.0404132155834254
4,1,578590.5567512675,-0.16239999,1.9762938,-0.04063898810520269
4,1,578595.5569451582,-0.16239999,1.9743274,-0.04086475993949255
4,1,578600.5571390488,-0.16239999,1.9721321,-0.0410905278762529
4,1,578605.5573329395,-0.16239999,1.9700321,-0.04131629350712064
4,1,578610.5575268301,-0.16239999,1.9680468,-0.04154205824057009
4,1,578615.5577207208,-0.16239999,1.9661568,-0.04176782338910381
4,1,578620.5579146114,-0.16239999,1.9641333,-0.041993589566546974
4,1,578625.5581085021,-0.16239999,1.961976,-0.042219356991603105
4,1,578630.5583023927,-0.16239999,1.9600288,-0.04244512302862683
4,1,578635.5584962834,-0.16239999,1.9581771,-0.04267089182689533
4,1,578640.5586901738,-0.16239999,1.9559244,-0.042896659197168174
4,1,578645.5588840637,-0.16239999,1.9542254,-0.0431224272223752
4,1,578650.5590779542,-0.16239999,1.9520873,-0.04334819456788645
4,1,578655.5592718446,-0.16239999,1.9501783,-0.043573960179588825
4,1,578660.559465735,-0.16239999,1.9483455,-0.043799727428841057
4,1,578665.5596596254,-0.16239999,1.9462074,-0.044025493519711786
4,1,578670.5598535158,-0.16239999,1.9441838,-0.04425126076930758
4,1,578675.5600474062,-0.16239999,1.942523,-0.04447703016957554
4,1,578680.5602412967,-0.16239999,1.9404804,-0.04470280020181086
4,1,578685.5604351871,-0.16239999,1.9385141,-0.04492856811665905
4,1,578690.5606290776,-0.16239999,1.9366623,-0.045154336948593415
4,1,578695.5608229681,-0.16239999,1.9345433,-0.045380105506956536
4,1,578700.5610168587,-0.16239999,1.9329587,-0.04560587319107101
4,1,578705.5612107492,-0.16239999,1.9309161,-0.04583163934900359
4,1,578710.5614046397,-0.16239999,1.9291407,-0.046057405714093766
4,1,578715.5615985303,-0.16239999,1.9274035,-0.046283174096215886
4,1,578720.561792421,-0.16239999,1.9253036,-0.0465089426500416
4,1,578725.5619863116,-0.16239999,1.9236045,-0.046734711927517374
4,1,578730.5621802021,-0.16239999,1.9218482,-0.0469604803235845
4,1,578735.5623740926,-0.16239999,1.9199965,-0.04718624849671866
4,1,578740.5625679832,-0.16239999,1.918431,-0.047412016471649165
4,1,578745.5627618737,-0.16239999,1.9164648,-0.047637783767975825
4,1,578750.5629557642,-0.16239999,1.9148612,-0.04786354937762101
4,1,578755.5631496548,-0.16239999,1.9130858,-0.04808931656353006
4,1,578760.5633435452,-0.16239999,1.9111959,-0.04831508237414058
4,1,578765.5635374356,-0.16239999,1.9096113,-0.04854084588726689
4,1,578770.5637313261,-0.16239999,1.9076642,-0.04876661056274255
4,1,578775.5639252167,-0.16239999,1.9060415,-0.048992375504561564
4,1,578780.5641191072,-0.16239999,1.9043615,-0.04921814431883226
4,1,578785.5643129977,-0.16239999,1.9026434,-0.04944391572853919
4,1,578790.5645068882,-0.16239999,1.9009253,-0.049669685919928847
4,1,578795.5647007786,-0.16239999,1.8993981,-0.04989545429792748
4,1,578800.564894669,-0.16239999,1.8976609,-0.05012122189858883
4,1,578805.5650885594,-0.16239999,1.89579,-0.05034698876043819
4,1,578810.5652824494,-0.16239999,1.8942055,-0.05057275403073922
4,1,578815.5654763398,-0.16239999,1.8924301,-0.05079851938030367
4,1,578820.5656702302,-0.16239999,1.8908838,-0.05102428622236098
4,1,578825.5658641206,-0.16239999,1.889471,-0.05125005474292482
4,1,578830.566058011,-0.16239999,1.8878866,-0.0514758230222637
4,1,578835.5662519017,-0.16239999,1.8862257,-0.05170159019287754
4,1,578840.5664457921,-0.16239999,1.8845458,-0.05192735838044099
4,1,578845.5666396827,-0.16239999,1.8831904,-0.052153127143763786
4,1,578850.5668335734,-0.16239999,1.8816249,-0.0523788970974228
4,1,578855.567027464,-0.16239999,1.8800213,-0.05260466472951981
4,1,578860.5672213547,-0.16239999,1.8783605,-0.05283043185884998
4,1,578865.5674152453,-0.16239999,1.8767952,-0.05305619961486008
4,1,578870.567609136,-0.16239999,1.8750961,-0.05328196856365101
4,1,578875.5678030266,-0.16239999,1.8736643,-0.05350773518523819
4,1,578880.5679969173,-0.16239999,1.8721561,-0.05373350160859687
4,1,578885.568190808,-0.16239999,1.8703998,-0.05395927088043256
4,1,578890.5683846986,-0.16239999,1.86893,-0.05418503812090635
4,1,578895.5685785892,-0.16239999,1.8674982,-0.054410806865092746
4,1,578900.5687724799,-0.16239999,1.8658564,-0.05463657798815764
4,1,578905.5689663705,-0.16239999,1.8643674,-0.05486234633798646
4,1,578910.5691602612,-0.16239999,1.8627638,-0.055088114409945044
4,1,578915.5693541518,-0.16239999,1.8613129,-0.05531388070145411
4,1,578920.5695480425,-0.16239999,1.8599765,-0.05553964772319542
4,1,578925.5697419331,-0.16239999,1.858602,-0.05576541239727202
4,1,578930.5699358238,-0.16239999,1.8569412,-0.0559911779584222
4,1,578935.5701297144,-0.16239999,1.8557004,-0.05621694903335137
4,1,578940.5703236051,-0.16239999,1.8542495,-0.05644272136341446
4,1,578945.5705174953,-0.16239999,1.8525887,-0.05666849035534756
4,1,578950.5707113855,-0.16239999,1.8512905,-0.05689426044952452
4,1,578955.5709052756,-0.16239999,1.8498969,-0.05712002797051847
4,1,578960.5710991658,-0.16239999,1.848637,-0.05734579525449786
4,1,578965.571293056,-0.16239999,1.8473197,-0.05757156488048033
4,1,578970.5714869462,-0.16239999,1.8457733,-0.05779733332363099
4,1,578975.5716808364,-0.16239999,1.8446661,-0.058023103843051496
4,1,578980.5718747266,-0.16239999,1.8432535,-0.05824887429596315
4,1,578985.5720686167,-0.16239999,1.8417454,-0.05847464616456128
4,1,578990.5722625069,-0.16239999,1.8402373,-0.0587004215474443
4,1,578995.5724563971,-0.16239999,1.8390346,-0.058926197106554244
4,1,579000.5726502873,-0.16239999,1.8378891,-0.059151971471809645
4,1,579005.5728441775,-0.16239999,1.8366292,-0.059377747066655884
4,1,579010.5730380677,-0.16239999,1.8351592,-0.05960352188061836
4,1,579015.5732319579,-0.16239999,1.8342428,-0.05982929506444099
4,1,579020.573425848,-0.16239999,1.8326201,-0.06005506900269534
4,1,579025.5736197382,-0.16239999,1.8314557,-0.060280840512539735
4,1,579030.5738136284,-0.16239999,1.8303484,-0.06050661268825825
4,1,579035.5740075186,-0.16239999,1.8292412,-0.060732385082254765
4,1,579040.5742014088,-0.16239999,1.8277904,-0.060958156869543055
4,1,579045.574395299,-0.16239999,1.826874,-0.06118392960782511
4,1,579050.5745891891,-0.16239999,1.8259195,-0.06140970160230659
4,1,579055.5747830793,-0.16239999,1.8245832,-0.061635473843528125
4,1,579060.5749769695,-0.16239999,1.823476,-0.061861248217255665
4,1,579065.5751708597,-0.16239999,1.8225596,-0.06208702184719423
4,1,579070.5753647499,-0.16239999,1.8212423,-0.06231279315179831
4,1,579075.5755586401,-0.16239999,1.8201351,-0.06253856322045041
4,1,579080.5757525302,-0.16239999,1.8189133,-0.06276433137733652
4,1,579085.5759464204,-0.16239999,1.8177106,-0.06299010068729269
4,1,579090.5761403106,-0.16239999,1.816737,-0.06321587367361699
4,1,579095.5763342008,-0.16239999,1.8155725,-0.06344164771733347
4,1,579100.576528091,-0.16239999,1.8144462,-0.06366742220182549
4,1,579105.5767219812,-0.16239999,1.8134726,-0.06389319539879756
4,1,579110.5769158714,-0.16239999,1.8123845,-0.06411896699945709
4,1,579115.5771097615,-0.16239999,1.8115445,-0.06434473846858406
4,1,579120.5773036517,-0.16239999,1.8104945,-0.06457050887790733
4,1,579125.5774975419,-0.16239999,1.80954,-0.06479627895684785
4,1,579130.5776914321,-0.16239999,1.8085855,-0.06502204795166101
4,1,579135.5778853223,-0.16239999,1.8075355,-0.06524781628217462
4,1,579140.5780792125,-0.16239999,1.8067147,-0.06547358606944395
4,1,579145.5782731026,-0.16239999,1.8056074,-0.0656993566079338
4,1,579150.5784669928,-0.16239999,1.8047866,-0.06592512489816625
4,1,579155.578660883,-0.16239999,1.8038129,-0.06615089246274526
4,1,579160.5788547732,-0.16239999,1.8029157,-0.06637666035142785
4,1,579165.5790486634,-0.16239999,1.801923,-0.06660242735362629
4,1,579170.5792425536,-0.16239999,1.8010448,-0.06682819493255678
4,1,579175.5794364437,-0.16239999,1.8001667,-0.0670539645198757
4,1,579180.5796303339,-0.16239999,1.799384,-0.06727973219374316
4,1,579185.5798242241,-0.16239999,1.7983912,-0.06750549777437992
4,1,579190.5800181143,-0.16239999,1.7973223,-0.06773126553353996
4,1,579195.5802120045,-0.16239999,1.7965205,-0.06795703637274601
4,1,579200.5804058947,-0.16239999,1.7957759,-0.06818280869219284
4,1,579205.5805997849,-0.16239999,1.7947832,-0.06840857957466773
4,1,579210.580793675,-0.16239999,1.7939241,-0.06863435098609326
4,1,579215.5809875652,-0.16239999,1.7934088,-0.06886012326187556
4,1,579220.5811814554,-0.16239999,1.7925115,-0.06908589148416203
4,1,579225.5813753456,-0.16239999,1.7918814,-0.06931165953306935
4,1,579230.5815692358,-0.16239999,1.7912706,-0.06953742823515169
4,1,579235.581763126,-0.16239999,1.7904497,-0.06976319584042412
4,1,579240.5819570161,-0.16239999,1.7897434,-0.0699889627344335
4,1,579245.5821509063,-0.16239999,1.7893807,-0.07021473234623918
4,1,579250.5823447965,-0.16239999,1.7883497,-0.07044050264842641
4,1,579255.5825386867,-0.16239999,1.7876053,-0.07066627504999934
4,1,579260.5827325769,-0.16239999,1.7871089,-0.07089204811533621
4,1,579265.5829264671,-0.16239999,1.7864026,-0.07111781886126596
4,1,579270.5831203572,-0.16239999,1.7856389,-0.07134358995994758
4,1,579275.5833142474,-0.16239999,1.7850281,-0.07156935907037057
4,1,579280.5835081376,-0.16239999,1.7844936,-0.07179512497257025
4,1,579285.5837020278,-0.16239999,1.7838063,-0.07202089458223264
4,1,579290.583895918,-0.16239999,1.7832144,-0.07224666284240365
4,1,579295.5840898082,-0.16239999,1.7827373,-0.07247243202580177
4,1,579300.5842836984,-0.16239999,1.7819736,-0.07269820140693747
4,1,579305.5844775885,-0.16239999,1.7814581,-0.0729239706420095
4,1,579310.5846714787,-0.16239999,1.7808664,-0.07314973989920728
4,1,579315.5848653689,-0.16239999,1.7802746,-0.07337551048554228
4,1,579320.5850592591,-0.16239999,1.7796255,-0.07360128141719678
4,1,579325.5852531493,-0.16239999,1.7792628,-0.07382705053194526
4,1,579330.5854470395,-0.16239999,1.7788619,-0.07405282176273063
4,1,579335.5856409296,-0.16239999,1.7782892,-0.07427859530717296
4,1,579340.5858348198,-0.16239999,1.7776783,-0.07450436884725752
4,1,579345.58602871,-0.16239999,1.7772774,-0.074730142227773
4,1,579350.5862226002,-0.16239999,1.7768192,-0.0749559131600815
4,1,579355.5864164904,-0.16239999,1.7764565,-0.07518168773586961
4,1,579360.5866103806,-0.16239999,1.7757502,-0.0754074640160302
4,1,579365.5868042707,-0.16239999,1.7754829,-0.0756332386222291
4,1,579370.5869981609,-0.16239999,1.7749866,-0.0758590109604042
4,1,579375.5871920511,-0.16239999,1.7743948,-0.07608478461547523
4,1,579380.5873859413,-0.16239999,1.7739938,-0.07631055740122825
4,1,579385.5875798315,-0.16239999,1.7736312,-0.07653632832188155
4,1,579390.5877737217,-0.16239999,1.7733066,-0.07676209906665314
4,1,579395.5879676118,-0.16239999,1.7728294,-0.07698787245420693
4,1,579400.588161502,-0.16239999,1.7723712,-0.07721364410203195
4,1,579405.5883553922,-0.16239999,1.7720276,-0.0774394188040329
4,1,579410.5885492824,-0.16239999,1.771703,-0.07766519246126129
4,1,579415.5887431726,-0.16239999,1.7713212,-0.07789096617801733
4,1,579420.5889370628,-0.16239999,1.7709395,-0.07811674435797993
4,1,579425.589130953,-0.16239999,1.7704049,-0.07834252162219416
4,1,579430.5893248431,-0.16239999,1.7701567,-0.0785682990172977
4,1,579435.5895187333,-0.16239999,1.7696794,-0.07879407523734616
4,1,579440.5897126235,-0.16239999,1.7692977,-0.07901985198636267
4,1,579445.5899065137,-0.16239999,1.7691641,-0.07924562938934479
4,1,579450.5901004039,-0.16239999,1.7688013,-0.07947140504405893
4,1,579455.5902942941,-0.16239999,1.7684195,-0.07969717898179009
4,1,579460.5904881842,-0.16239999,1.7681332,-0.07992295282065039
4,1,579465.5906820744,-0.16239999,1.7679805,-0.0801487258003329
4,1,579470.5908759646,-0.16239999,1.7675031,-0.08037449949233066
4,1,579475.5910698548,-0.16239999,1.7671405,-0.08060027616352337
4,1,579480.591263745,-0.16239999,1.7667968,-0.08082605258737253
4,1,579485.5914576352,-0.16239999,1.7665677,-0.081051828351741
4,1,579490.5916515253,-0.16239999,1.7662623,-0.08127760327400346
4,1,579495.5918454155,-0.16239999,1.7660524,-0.08150337832926292
4,1,579500.5920393057,-0.16239999,1.7657087,-0.08172915205783807
4,1,579505.5922331959,-0.16239999,1.7655178,-0.0819549276505311
4,1,579510.5924270861,-0.16239999,1.7651932,-0.08218070117728657
4,1,579515.5926209763,-0.16239999,1.765136,-0.08240647739276949
4,1,579520.5928148665,-0.16239999,1.7646778,-0.08263225524975687
4,1,579525.5930087566,-0.16239999,1.764525,-0.08285803196733856
4,1,579530.5932026468,-0.16239999,1.7642006,-0.08308380786012275
4,1,579535.593396537,-0.16239999,1.7639524,-0.08330958361216216
4,1,579540.5935904272,-0.16239999,1.7636851,-0.08353535829196286
4,1,579545.5937843174,-0.16239999,1.7635896,-0.08376113271354879
4,1,579550.5939782076,-0.16239999,1.7632079,-0.08398690812968126
4,1,579555.5941720977,-0.16239999,1.7629215,-0.08421268139983129
4,1,579560.5943659879,-0.16239999,1.7627687,-0.08443845672963057
4,1,579565.5945598781,-0.16239999,1.762616,-0.0846642323878796
4,1,579570.5947537683,-0.16239999,1.7623297,-0.08489000961505368
4,1,579575.5949476585,-0.16239999,1.7620624,-0.0851157868249242
4,1,579580.5951415487,-0.16239999,1.7619288,-0.085341564369796
4,1,579585.5953354388,-0.16239999,1.761547,-0.08556734317636981
4,1,579590.595529329,-0.16239999,1.7615852,-0.08579311872588921
4,1,579595.5957232192,-0.16239999,1.7612034,-0.08601889390247228
4,1,579600.5959171094,-0.16239999,1.7609743,-0.08624467102836812
4,1,579605.5961109996,-0.16239999,1.7608979,-0.08647044703052767
4,1,579610.5963048898,-0.16239999,1.7605543,-0.08669622453436995
4,1,579615.59649878,-0.16239999,1.7605734,-0.08692200183699689
4,1,579620.5966926701,-0.16239999,1.7603252,-0.08714777808496185
4,1,579625.5968865603,-0.16239999,1.7599626,-0.08737355301071946
4,1,579630.5970804505,-0.16239999,1.7598861,-0.08759932965260656
4,1,579635.5972743407,-0.16239999,1.7597907,-0.0878251010898409
4,1,579640.5974682309,-0.16239999,1.7596953,-0.08805087404821807
4,1,579645.597662121,-0.16239999,1.7595043,-0.088276647627871
4,1,579650.5978560112,-0.16239999,1.7593516,-0.08850242122991377
4,1,579655.5980499014,-0.16239999,1.7591608,-0.08872819825287985
4,1,579660.5982437916,-0.16239999,1.7588744,-0.08895397434617407
4,1,579665.5984376818,-0.16239999,1.7588935,-0.08917974891519291
4,1,579670.598631572,-0.16239999,1.758588,-0.08940552381760537
4,1,579675.5988254622,-0.16239999,1.7585498,-0.08963129724237068
4,1,579680.5990193523,-0.16239999,1.7582825,-0.08985707037380579
4,1,579685.5992132425,-0.16239999,1.758187,-0.0900828416899947
4,1,579690.5994071327,-0.16239999,1.7581108,-0.09030861494711118
4,1,579695.5996010229,-0.16239999,1.7579198,-0.09053438621281577
4,1,579700.5997949131,-0.16239999,1.7577289,-0.09076015827616794
4,1,579705.5999888033,-0.16239999,1.7577289,-0.09098592884268274
4,1,579710.6001826935,-0.16239999,1.7574426,-0.09121170224097779
4,1,579715.6003765836,-0.16239999,1.7575189,-0.09143747795150836
4,1,579720.6005704738,-0.16239999,1.7574426,-0.091663255010272
4,1,579725.600764364,-0.16239999,1.7573471,-0.09188903070636915
4,1,579730.6009582542,-0.16239999,1.7570989,-0.0921148059433698
4,1,579735.6011521444,-0.16239999,1.7572325,-0.09234057853202102
4,1,579740.6013460346,-0.16239999,1.7569462,-0.09256634930448725
4,1,579745.6015399247,-0.16239999,1.7567554,-0.09279211783155793
4,1,579750.6017338149,-0.16239999,1.7567554,-0.09301788698442523
4,1,579755.6019277051,-0.16239999,1.7567172,-0.09324365493749573
4,1,579760.6021215953,-0.16239999,1.756698,-0.09346942100215863
4,1,579765.6023154855,-0.16239999,1.7564499,-0.09369518848493938
4,1,579770.6025093757,-0.16239999,1.7563354,-0.09392095836085075
4,1,579775.6027032658,-0.16239999,1.7563735,-0.09414672879324268
4,1,579780.602897156,-0.16239999,1.7562017,-0.09437249859615326
4,1,579785.6030910462,-0.16239999,1.7560298,-0.09459826970790156
4,1,579790.6032849364,-0.16239999,1.7559726,-0.0948240403755853
4,1,579795.6034788266,-0.16239999,1.7558963,-0.09504981138397664
4,1,579800.6036727168,-0.16239999,1.7559154,-0.09527558117451677
4,1,579805.603866607,-0.16239999,1.7556863,-0.09550134927557484
4,1,579810.6040604971,-0.16239999,1.7556863,-0.09572711660834395
4,1,579815.6042543873,-0.16239999,1.7554954,-0.09595288468134644
4,1,579820.6044482775,-0.16239999,1.7555145,-0.09617865605734364
4,1,579825.6046421677,-0.16239999,1.7554572,-0.09640442955503938
4,1,579830.6048360579,-0.16239999,1.7553809,-0.09663020077964905
4,1,579835.605029948,-0.16239999,1.7552854,-0.09685597188177036
4,1,579840.6052238382,-0.16239999,1.7553235,-0.09708174418032411
4,1,579845.6054177284,-0.16239999,1.7552282,-0.09730751432069468
4,1,579850.6056116186,-0.16239999,1.7551517,-0.09753328523417225
4,1,579855.6058055088,-0.16239999,1.7550372,-0.09775905446671937
4,1,579860.605999399,-0.16239999,1.7548845,-0.09798482279932824
4,1,579865.6061932892,-0.16239999,1.7548273,-0.09821059073110415
4,1,579870.6063871793,-0.16239999,1.7548654,-0.09843635872768935
4,1,579875.6065810695,-0.16239999,1.7547318,-0.0986621281186888
4,1,579880.6067749597,-0.16239999,1.7548081,-0.09888790007610612
4,1,579885.6069688499,-0.16239999,1.7545981,-0.09911367288876566
4,1,579890.6071627401,-0.16239999,1.7545027,-0.09933944308653964
4,1,579895.6073566303,-0.16239999,1.75456,-0.0995652136286422
4,1,579900.6075505204,-0.16239999,1.7545027,-0.09979098286810677
4,1,579905.6077444106,-0.16239999,1.7542737,-0.10001675126300663
4,1,579910.6079383008,-0.16239999,1.7542737,-0.1002425202769653
4,1,579915.608132191,-0.16239999,1.7542354,-0.10046829060221954
4,1,579920.6083260812,-0.16239999,1.7542163,-0.10069406059552392
4,1,579925.6085199714,-0.16239999,1.7543881,-0.10091983022743127
4,1,579930.6087138616,-0.16239999,1.7541782,-0.10114559831243831
4,1,579935.6089077517,-0.16239999,1.7540827,-0.10137136554685809
4,1,579940.6091016419,-0.16239999,1.7540255,-0.10159712844112924
4,1,579945.6092955321,-0.16239999,1.7539681,-0.10182289371527808
4,1,579950.6094894223,-0.16239999,1.7540064,-0.10204865973954808
4,1,579955.6096833125,-0.16239999,1.7540636,-0.10227442489344621
4,1,579960.6098772027,-0.16239999,1.75393,-0.10250019236639053
4,1,579965.6100710928,-0.16239999,1.7538918,-0.10272595801175048
4,1,579970.610264983,-0.16239999,1.7537582,-0.102951721211988
4,1,579975.6104588732,-0.16239999,1.7537582,-0.10317748678189345
4,1,579980.6106527634,-0.16239999,1.7535481,-0.1034032537551588
4,1,579985.6108466536,-0.16239999,1.7534719,-0.10362902142877457
4,1,579990.6110405438,-0.16239999,1.7536818,-0.10385479070594736
4,1,579995.611234434,-0.16239999,1.7534336,-0.1040805595450318
4,1,580000.6114283241,-0.16239999,1.7535291,-0.1043063261421554
4,1,580005.6116222143,-0.16239999,1.7534145,-0.10453209205358387
4,1,580010.6118161045,-0.16239999,1.7534909,-0.10475785841501332
4,1,580015.6120099947,-0.16239999,1.7533954,-0.1049836274326559
4,1,580020.6122038849,-0.16239999,1.7533382,-0.10520939728643408
4,1,580025.612397775,-0.16239999,1.7533382,-0.10543517174726139
4,1,580030.6125916652,-0.16239999,1.753319,-0.10566094843362514
4,1,580035.6127855554,-0.16239999,1.7532427,-0.10588672507233
4,1,580040.6129794456,-0.16239999,1.7533382,-0.10611249990401576
4,1,580045.6131733358,-0.16239999,1.7531091,-0.1063382756520774
4,1,580050.613367226,-0.16239999,1.753071,-0.10656405110224165
4,1,580055.6135611162,-0.16239999,1.7530136,-0.10678982601452448
4,1,580060.6137550063,-0.16239999,1.7529755,-0.10701559853208226
4,1,580065.6139488965,-0.16239999,1.7531472,-0.10724137278624701
4,1,580070.6141427867,-0.16239999,1.7532046,-0.10746714634830996
4,1,580075.6143366769,-0.16239999,1.7530327,-0.10769291898077224
4,1,580080.6145305671,-0.16239999,1.7529755,-0.10791869307008298
4,1,580085.6147244573,-0.16239999,1.7529373,-0.10814446650516153
4,1,580090.6149183474,-0.16239999,1.7527654,-0.10837023949301319
4,1,580095.6151122376,-0.16239999,1.7528228,-0.10859601318637441
4,1,580100.6153061278,-0.16239999,1.7528037,-0.10882178711814096
4,1,580105.615500018,-0.16239999,1.7527846,-0.10904756166563839
4,1,580110.6156939082,-0.16239999,1.75288,-0.10927333363542949
4,1,580115.6158877984,-0.16239999,1.7527846,-0.10949910547830159
4,1,580120.6160816886,-0.16239999,1.7527082,-0.10972487645131593
4,1,580125.6162755787,-0.16239999,1.7527273,-0.109950646429037
4,1,580130.6164694689,-0.16239999,1.7524409,-0.11017641830123293
4,1,580135.6166633591,-0.16239999,1.7525173,-0.11040219019032926
4,1,580140.6168572493,-0.16239999,1.7525173,-0.1106279623576369
4,1,580145.6170511395,-0.16239999,1.7524028,-0.11085373634613217
4,1,580150.6172450301,-0.16239999,1.7525364,-0.11107951003974256
4,1,580155.6174389208,-0.16239999,1.7525936,-0.1113052816510026
4,1,580160.6176328114,-0.16239999,1.7524409,-0.11153105170507889
4,1,580165.6178267021,-0.16239999,1.7525364,-0.11175682063791399
4,1,580170.6180205927,-0.16239999,1.7526318,-0.11198258949465051
4,1,580175.6182144834,-0.16239999,1.7526127,-0.11220835678278566
4,1,580180.618408374,-0.16239999,1.7525364,-0.11243412447113538
4,1,580185.6186022647,-0.16239999,1.7525555,-0.1126598926417827
4,1,580190.6187961553,-0.16239999,1.7524791,-0.11288565933199965
4,1,580195.618990046,-0.16239999,1.7524028,-0.1131114260101119
4,1,580200.6191839362,-0.16239999,1.7524409,-0.11333719179484075
4,1,580205.6193778268,-0.16239999,1.7525555,-0.11356295908513078
4,1,580210.6195717175,-0.16239999,1.7522501,-0.11378872386248567
4,1,580215.6197656081,-0.16239999,1.7524219,-0.1140144901881987
4,1,580220.6199594988,-0.16239999,1.752651,-0.11424025809921233
4,1,580225.6201533894,-0.16239999,1.7523837,-0.11446602221769997
4,1,580230.62034728,-0.16239999,1.7523454,-0.11469178829325065
4,1,580235.6205411707,-0.16239999,1.7520972,-0.11491755470501458
4,1,580240.6207350614,-0.16239999,1.7523454,-0.11514332213476955
4,1,580245.620928952,-0.16239999,1.7521355,-0.11536909117917213
4,1,580250.6211228424,-0.16239999,1.7522118,-0.11559486060341771
4,1,580255.6213167328,-0.16239999,1.7521927,-0.11582062592212765
4,1,580260.6215106233,-0.16239999,1.7521164,-0.11604638964444473
4,1,580265.6217045137,-0.16239999,1.7522118,-0.1162721538829488
4,1,580270.6218984041,-0.16239999,1.7523073,-0.1164979195747474
4,1,580275.6220922947,-0.16239999,1.7522691,-0.11672368334927152
4,1,580280.6222861852,-0.16239999,1.7521737,-0.11694944964772289
4,1,580285.6224800756,-0.16239999,1.7520972,-0.1171752160866152
4,1,580290.622673966,-0.16239999,1.7520591,-0.11740098193083612
4,1,580295.6228678564,-0.16239999,1.7522501,-0.11762674707898489
4,1,580300.6230617469,-0.16239999,1.752021,-0.11785251133864282
4,1,580305.6232556375,-0.16239999,1.7520019,-0.11807827597484646
4,1,580310.623449528,-0.16239999,1.7520782,-0.1183040388247552
4,1,580315.6236434184,-0.16239999,1.75204,-0.11852980307594513
4,1,580320.623837309,-0.16239999,1.7520019,-0.11875557158454914
4,1,580325.6240311995,-0.16239999,1.752021,-0.11898134008322649
4,1,580330.62422509,-0.16239999,1.7519636,-0.11920710646563182
4,1,580335.6244189806,-0.16239999,1.7519445,-0.11943287557551423
4,1,580340.6246128711,-0.16239999,1.7518492,-0.11965864187223788
4,1,580345.6248067616,-0.16239999,1.7519064,-0.11988440686114953
4,1,580350.6250006522,-0.16239999,1.7517918,-0.12011017134340762
4,1,580355.6251945427,-0.16239999,1.7519064,-0.1203359337310277
4,1,580360.6253884332,-0.16239999,1.7518492,-0.12056169273204846
4,1,580365.6255823232,-0.16239999,1.7517537,-0.1207874538335013
4,1,580370.6257762138,-0.16239999,1.7517537,-0.12101321381608804
4,1,580375.6259701042,-0.16239999,1.7518109,-0.1212389776176139
4,1,580380.6261639948,-0.16239999,1.7518492,-0.12146474143364522
4,1,580385.6263578853,-0.16239999,1.7517918,-0.12169050265742253
4,1,580390.6265517758,-0.16239999,1.7516963,-0.12191626494407648
4,1,580395.6267456664,-0.16239999,1.7516963,-0.12214202750930432
4,1,580400.6269395569,-0.16239999,1.7518682,-0.12236779013177829
4,1,580405.6271334474,-0.16239999,1.7518873,-0.12259355254032042
4,1,580410.6273273379,-0.16239999,1.7518682,-0.12281931478775783
4,1,580415.6275212283,-0.16239999,1.7517728,-0.12304507699094955
4,1,580420.6277151187,-0.16239999,1.7517537,-0.12327083965873463
4,1,580425.6279090091,-0.16239999,1.7518492,-0.12349660403028538
4,1,580430.6281028995,-0.16239999,1.7517537,-0.12372236696103457
4,1,580435.62829679,-0.16239999,1.75162,-0.12394813111737281
4,1,580440.6284906806,-0.16239999,1.7517537,-0.12417389928193963
4,1,580445.628684571,-0.16239999,1.7517346,-0.12439966889317658
4,1,580450.6288784614,-0.16239999,1.7516963,-0.12462543756596406
4,1,580455.6290723518,-0.16239999,1.7517346,-0.12485120424728917
4,1,580460.6292662425,-0.16239999,1.7515055,-0.12507697157767492
4,1,580465.6294601331,-0.16239999,1.7515055,-0.125302736996543
4,1,580470.6296540238,-0.16239999,1.7515055,-0.12552850256825812
4,1,580475.6298479144,-0.16239999,1.7514673,-0.1257542670144877
4,1,580480.6300418051,-0.16239999,1.7514483,-0.12598003211959363
4,1,580485.6302356957,-0.16239999,1.7515055,-0.1262057969564232
4,1,580490.6304295864,-0.16239999,1.7514483,-0.1264315609436606
4,1,580495.630623477,-0.16239999,1.7515819,-0.12665732571260296
4,1,580500.6308173677,-0.16239999,1.7513528,-0.126883091099316
4,1,580505.6310112583,-0.16239999,1.7513528,-0.12710885862706597
4,1,580510.631205149,-0.16239999,1.7513528,-0.12733462365680928
4,1,580515.6313990396,-0.16239999,1.7513909,-0.12756038684657212
4,1,580520.6315929303,-0.16239999,1.75141,-0.1277861494071632
4,1,580525.6317868205,-0.16239999,1.7514673,-0.12801191381731045
4,1,580530.6319807111,-0.16239999,1.75141,-0.12823767906282837
4,1,580535.6321746018,-0.16239999,1.7513337,-0.12846344596504083
4,1,580540.6323684924,-0.16239999,1.7514864,-0.12868921157958352
4,1,580545.6325623831,-0.16239999,1.75141,-0.1289149789708074
4,1,580550.6327562737,-0.16239999,1.7513528,-0.12914074578035037
4,1,580555.6329501644,-0.16239999,1.7513528,-0.1293665101239573
4,1,580560.6331440546,-0.16239999,1.7513909,-0.12959227573250312
4,1,580565.6333379447,-0.16239999,1.7514864,-0.129818039485933
4,1,580570.6335318349,-0.16239999,1.7512382,-0.1300438011071549
4,1,580575.6337257251,-0.16239999,1.7513719,-0.1302695634367035
4,1,580580.6339196153,-0.16239999,1.7513146,-0.13049532595066474
4,1,580585.6341135055,-0.16239999,1.7513528,-0.13072108753639622
4,1,580590.6343073957,-0.16239999,1.7512956,-0.13094684672989196
4,1,580595.6345012859,-0.16239999,1.7512382,-0.13117260913624446
4,1,580600.634695176,-0.16239999,1.7512192,-0.13139837247106845
4,1,580605.6348890662,-0.16239999,1.7513719,-0.13162413849037388
4,1,580610.6350829564,-0.16239999,1.7512764,-0.13184990419307682
4,1,580615.6352768466,-0.16239999,1.7512001,-0.13207566984018684
4,1,580620.6354707368,-0.16239999,1.7511237,-0.1323014366453141
4,1,580625.635664627,-0.16239999,1.7512382,-0.13252720422506
4,1,580630.6358585171,-0.16239999,1.7512382,-0.13275297309531603
4,1,580635.6360524073,-0.16239999,1.7511427,-0.13297874369714988
4,1,580640.6362462975,-0.16239999,1.7512382,-0.13320451561522814
4,1,580645.6364401877,-0.16239999,1.7512573,-0.13343028821211309
4,1,580650.6366340779,-0.16239999,1.7512382,-0.1336560592775022
4,1,580655.6368279681,-0.16239999,1.7510855,-0.13388182918051467
4,1,580660.6370218582,-0.16239999,1.7512001,-0.13410759967261224
4,1,580665.6372157484,-0.16239999,1.7512764,-0.13433336797944126
4,1,580670.6374096386,-0.16239999,1.7512573,-0.1345591355499286
4,1,580675.6376035288,-0.16239999,1.7512001,-0.1347849009935997
4,1,580680.637797419,-0.16239999,1.7511427,-0.13501066549033344
4,1,580685.6379913092,-0.16239999,1.7512001,-0.13523643281825884
4,1,580690.6381851994,-0.16239999,1.7511619,-0.13546219698850318
4,1,580695.6383790895,-0.16239999,1.7511237,-0.13568796093114222
4,1,580700.6385729797,-0.16239999,1.7510664,-0.13591372738421548
4,1,580705.6387668699,-0.16239999,1.7509328,-0.13613949465647426
4,1,580710.6389607601,-0.16239999,1.750971,-0.1363652615685513
4,1,580715.6391546503,-0.16239999,1.7509328,-0.13659102700662204
4,1,580720.6393485405,-0.16239999,1.7508373,-0.1368167939792193
4,1,580725.6395424306,-0.16239999,1.7511427,-0.13704256226022712
4,1,580730.6397363208,-0.16239999,1.7510664,-0.13726833140674902
4,1,580735.639930211,-0.16239999,1.7510091,-0.13749409968535112
4,1,580740.6401241012,-0.16239999,1.7510283,-0.13771986756759888
4,1,580745.6403179914,-0.16239999,1.7508755,-0.13794563426662823
4,1,580750.6405118816,-0.16239999,1.7508755,-0.13817140222073437
4,1,580755.6407057717,-0.16239999,1.7505891,-0.13839717013178857
4,1,580760.6408996619,-0.16239999,1.7506274,-0.13862293608141865
4,1,580765.6410935521,-0.16239999,1.7508564,-0.13884870310645725
4,1,580770.6412874423,-0.16239999,1.7507228,-0.13907446870336276
4,1,580775.6414813325,-0.16239999,1.7508564,-0.13930022997573524
4,1,580780.6416752227,-0.16239999,1.7507418,-0.13952599151798098
4,1,580785.6418691128,-0.16239999,1.7508564,-0.13975175448043653
4,1,580790.642063003,-0.16239999,1.7507228,-0.13997751874769487
4,1,580795.6422568932,-0.16239999,1.7508183,-0.14020328139535015
4,1,580800.6424507834,-0.16239999,1.7506655,-0.14042904289728494
4,1,580805.6426446736,-0.16239999,1.7507801,-0.1406548038273347
4,1,580810.6428385638,-0.16239999,1.7506846,-0.14088056407207591
4,1,580815.643032454,-0.16239999,1.750551,-0.1411063267936724
4,1,580820.6432263441,-0.16239999,1.7505891,-0.14133208833129715
4,1,580825.6434202343,-0.16239999,1.7505128,-0.14155785108013544
4,1,580830.6436141245,-0.16239999,1.7506082,-0.14178361368526776
4,1,580835.6438080147,-0.16239999,1.7506846,-0.14200937803873678
4,1,580840.6440019049,-0.16239999,1.7505891,-0.14223514512492397
4,1,580845.6441957951,-0.16239999,1.7506082,-0.14246091463138588
4,1,580850.6443896852,-0.16239999,1.75057,-0.14268668132021953
4,1,580855.6445835754,-0.16239999,1.7503983,-0.14291245134629985
4,1,580860.6447774656,-0.16239999,1.7505128,-0.14313822079821606
4,1,580865.6449713558,-0.16239999,1.7505319,-0.14336399083430995
4,1,580870.645165246,-0.16239999,1.7503219,-0.14358976121821848
4,1,580875.6453591362,-0.16239999,1.7502265,-0.143815530259967
4,1,580880.6455530263,-0.16239999,1.7503601,-0.14404129804031152
4,1,580885.6457469165,-0.16239999,1.7504938,-0.14426706450900037
4,1,580890.6459408067,-0.16239999,1.7503792,-0.1444928323990911
4,1,580895.6461346969,-0.16239999,1.7503601,-0.144718600566889
4,1,580900.6463285871,-0.16239999,1.7501882,-0.14494436900898333
4,1,580905.6465224773,-0.16239999,1.7502456,-0.14517013780218876
4,1,580910.6467163675,-0.16239999,1.7503219,-0.14539591011696573
4,1,580915.6469102576,-0.16239999,1.7501882,-0.145621679553297
4,1,580920.6471041478,-0.16239999,1.7501692,-0.1458474491823789
4,1,580925.647298038,-0.16239999,1.7503792,-0.1460732172918255
4,1,580930.6474919282,-0.16239999,1.7501119,-0.1462989851351945
4,1,580935.6476858184,-0.16239999,1.750131,-0.1465247528797696
4,1,580940.6478797086,-0.16239999,1.7499592,-0.1467505219870617
4,1,580945.6480735987,-0.16239999,1.7502456,-0.14697628925446274
4,1,580950.6482674889,-0.16239999,1.750131,-0.14720205477301299
4,1,580955.6484613791,-0.16239999,1.7500929,-0.14742782398925824
4,1,580960.6486552693,-0.16239999,1.7500929,-0.14765359296408895
4,1,580965.6488491595,-0.16239999,1.7499019,-0.14787936050594536
4,1,580970.6490430497,-0.16239999,1.7501882,-0.14810512751928653
4,1,580975.6492369398,-0.16239999,1.7500737,-0.14833089692726006
4,1,580980.64943083,-0.16239999,1.7502646,-0.14855666353965735
4,1,580985.6496247202,-0.16239999,1.7501692,-0.14878243167523644
4,1,580990.6498186104,-0.16239999,1.7501882,-0.14900819711093624
4,1,580995.6500125006,-0.16239999,1.7500929,-0.1492339628656492
4,1,581000.6502063908,-0.16239999,1.7501692,-0.1494597312801441
4,1,581005.650400281,-0.16239999,1.7502456,-0.14968550008553452
4,1,581010.6505941711,-0.16239999,1.7500929,-0.14991126854841597
4,1,581015.6507880613,-0.16239999,1.7500737,-0.15013703562607886
4,1,581020.6509819515,-0.16239999,1.7503792,-0.15036280239409477
4,1,581025.6511758417,-0.16239999,1.7503028,-0.1505885676523714
4,1,581030.6513697319,-0.16239999,1.7502837,-0.15081433147908604
4,1,581035.651563622,-0.16239999,1.7502073,-0.15104009737115376
4,1,581040.6517575122,-0.16239999,1.7500355,-0.15126586392717747
4,1,581045.6519514024,-0.16239999,1.7500546,-0.15149163093272702
4,1,581050.6521452926,-0.16239999,1.7501119,-0.15171739954778907
4,1,581055.6523391828,-0.16239999,1.7500165,-0.15194316853406303
4,1,581060.652533073,-0.16239999,1.7499974,-0.152168937723742
4,1,581065.6527269632,-0.16239999,1.749921,-0.15239470492139648
4,1,581070.6529208533,-0.16239999,1.7498637,-0.152620474645518
4,1,581075.6531147435,-0.16239999,1.7499974,-0.15284624078519585
4,1,581080.6533086337,-0.16239999,1.7498637,-0.15307200779317012
4,1,581085.6535025239,-0.16239999,1.7500355,-0.1532977733809015
4,1,581090.6536964141,-0.16239999,1.7500165,-0.1535235380588375
4,1,581095.6538903043,-0.16239999,1.7498256,-0.15374930143861995
4,1,581100.6540841945,-0.16239999,1.7498637,-0.15397506118869062
4,1,581105.6542780846,-0.16239999,1.7499019,-0.1542008215508563
4,1,581110.6544719748,-0.16239999,1.7498256,-0.15442658093974598
4,1,581115.654665865,-0.16239999,1.7498256,-0.15465233992718516
4,1,581120.6548597552,-0.16239999,1.7498447,-0.15487809938784797
4,1,581125.6550536454,-0.16239999,1.749692,-0.15510386427351608
4,1,581130.6552475356,-0.16239999,1.7495965,-0.15532962725980437
4,1,581135.6554414257,-0.16239999,1.7495965,-0.15555539127999898
4,1,581140.6556353159,-0.16239999,1.7497492,-0.15578115401790563
4,1,581145.6558292061,-0.16239999,1.7496156,-0.1560069158800644
4,1,581150.6560230963,-0.16239999,1.749692,-0.15623267705322577
4,1,581155.6562169865,-0.16239999,1.7496156,-0.15645843637347162
4,1,581160.6564108767,-0.16239999,1.7496537,-0.15668419944742593
4,1,581165.6566047668,-0.16239999,1.7495774,-0.15690996507122557
4,1,581170.656798657,-0.16239999,1.7497683,-0.15713573012881585
4,1,581175.6569925472,-0.16239999,1.7496346,-0.15736149588346424
4,1,581180.6571864374,-0.16239999,1.7497683,-0.15758726224810654
4,1,581185.6573803276,-0.16239999,1.749692,-0.15781302687154156
4,1,581190.6575742178,-0.16239999,1.7494819,-0.15803879173060698
4,1,581195.657768108,-0.16239999,1.7496156,-0.15826455514266863
4,1,581200.6579619981,-0.16239999,1.749692,-0.15849031798877591
4,1,581205.6581558883,-0.16239999,1.7497301,-0.15871608258251207
4,1,581210.6583497785,-0.16239999,1.7496156,-0.15894184484094073
4,1,581215.6585436687,-0.16239999,1.7494819,-0.1591676093595734
4,1,581220.6587375589,-0.16239999,1.7495201,-0.15939337388896882
4,1,581225.658931449,-0.16239999,1.7494247,-0.15961913731223534
4,1,581230.6591253392,-0.16239999,1.7494438,-0.1598449039312703
4,1,581235.6593192294,-0.16239999,1.7494819,-0.16007067049202844
4,1,581240.6595131196,-0.16239999,1.7494628,-0.16029643658141568
4,1,581245.6597070098,-0.16239999,1.7494819,-0.16052220094381298
4,1,581250.6599009,-0.16239999,1.7495583,-0.16074796986284712
4,1,581255.6600947902,-0.16239999,1.7494819,-0.16097374031434067
4,1,581260.6602886803,-0.16239999,1.7495583,-0.16119950969584226
4,1,581265.6604825705,-0.16239999,1.749501,-0.16142527735379114
4,1,581270.6606764607,-0.16239999,1.7494056,-0.1616510460006266
4,1,581275.6608703509,-0.16239999,1.7494056,-0.16187681533903076
4,1,581280.6610642411,-0.16239999,1.7493674,-0.16210258560289884
4,1,581285.6612581313,-0.16239999,1.7493483,-0.16232835656176617
4,1,581290.6614520214,-0.16239999,1.7492528,-0.162554125880918
4,1,581295.6616459116,-0.16239999,1.7492337,-0.16277989117211544
4,1,581300.6618398018,-0.16239999,1.7493483,-0.16300565797202649
4,1,581305.662033692,-0.16239999,1.7491956,-0.16323142548906913
4,1,581310.6622275822,-0.16239999,1.749081,-0.1634571918895239
4,1,581315.6624214724,-0.16239999,1.7491574,-0.16368295921807433
4,1,581320.6626153626,-0.16239999,1.7491384,-0.16390872364020126
4,1,581325.6628092527,-0.16239999,1.7489855,-0.1641344860295623
4,1,581330.6630031429,-0.16239999,1.7490238,-0.16436025126094397
4,1,581335.6631970331,-0.16239999,1.7489665,-0.16458601584301502
4,1,581340.6633909233,-0.16239999,1.7489665,-0.16481178285661946
4,1,581345.6635848135,-0.16239999,1.7488137,-0.16503755063101427
4,1,581350.6637787037,-0.16239999,1.7488711,-0.16526332042291125
4,1,581355.6639725938,-0.16239999,1.7489665,-0.1654890897453281
4,1,581360.664166484,-0.16239999,1.7489855,-0.16571485982708745
4,1,581365.6643603742,-0.16239999,1.7490238,-0.16594062985666952
4,1,581370.6645542644,-0.16239999,1.7488902,-0.16616640103736546
4,1,581375.6647481546,-0.16239999,1.749062,-0.16639217351986246
4,1,581380.6649420448,-0.16239999,1.7488711,-0.1666179464418212
4,1,581385.665135935,-0.16239999,1.7487756,-0.1668437186628053
4,1,581390.6653298251,-0.16239999,1.7487375,-0.16706948991293571
4,1,581395.6655237153,-0.16239999,1.748642,-0.16729526156921878
4,1,581400.6657176055,-0.16239999,1.7487756,-0.16752103127979515
4,1,581405.6659114957,-0.16239999,1.7486801,-0.16774680112950116
4,1,581410.6661053859,-0.16239999,1.7486801,-0.16797257233991253
4,1,581415.666299276,-0.16239999,1.7486992,-0.16819834449516513
4,1,581420.6664931662,-0.16239999,1.748642,-0.16842411667727872
4,1,581425.6666870564,-0.16239999,1.7485846,-0.16864988771006906
4,1,581430.6668809466,-0.16239999,1.7486038,-0.1688756598129954
4,1,581435.6670748368,-0.16239999,1.7486801,-0.16910143285143817
4,1,581440.667268727,-0.16239999,1.7484702,-0.16932720375772675
4,1,581445.6674626172,-0.16239999,1.7486038,-0.1695529759490534
4,1,581450.6676565073,-0.16239999,1.7484893,-0.16977874942624266
4,1,581455.6678503975,-0.16239999,1.7485274,-0.17000452251508943
4,1,581460.6680442877,-0.16239999,1.7485656,-0.17023029623494823
4,1,581465.6682381779,-0.16239999,1.748642,-0.17045607211959307
4,1,581470.6684320681,-0.16239999,1.7485465,-0.17068184451583968
4,1,581475.6686259583,-0.16239999,1.7484893,-0.17090761900739815
4,1,581480.6688198484,-0.16239999,1.7486038,-0.17113339302943675
4,1,581485.6690137386,-0.16239999,1.7485274,-0.17135916788201974
4,1,581490.6692076288,-0.16239999,1.7483938,-0.17158494165709479
4,1,581495.669401519,-0.16239999,1.7485083,-0.17181071387842659
4,1,581500.6695954092,-0.16239999,1.7482601,-0.172036485250518
4,1,581505.6697892994,-0.16239999,1.7483175,-0.17226225412189078
4,1,581510.6699831896,-0.16239999,1.7482029,-0.1724880241703932
4,1,581515.6701770797,-0.16239999,1.7482792,-0.1727137970339551
4,1,581520.6703709699,-0.16239999,1.7483747,-0.17293956884987596
4,1,581525.6705648601,-0.16239999,1.7483175,-0.173165339938318
4,1,581530.6707587503,-0.16239999,1.7482601,-0.1733911133839706
4,1,581535.6709526405,-0.16239999,1.7481265,-0.17361688570407888
4,1,581540.6711465307,-0.16239999,1.7484128,-0.17384265515348343
4,1,581545.6713404208,-0.16239999,1.7481456,-0.1740684255105384
4,1,581550.671534311,-0.16239999,1.7481838,-0.17429419531451854
4,1,581555.6717282012,-0.16239999,1.7481074,-0.17451996547875165
4,1,581560.6719220914,-0.16239999,1.748031,-0.17474573580221692
4,1,581565.6721159816,-0.16239999,1.7480693,-0.17497150762725316
4,1,581570.6723098718,-0.16239999,1.7480502,-0.17519728017453462
4,1,581575.672503762,-0.16239999,1.7478592,-0.17542305375885658
4,1,581580.6726976521,-0.16239999,1.7479929,-0.17564882919698152
4,1,581585.6728915423,-0.16239999,1.7478974,-0.17587460283587236
4,1,581590.6730854325,-0.16239999,1.7479547,-0.17610037675953683
4,1,581595.6732793227,-0.16239999,1.7478783,-0.17632614693960905
4,1,581600.6734732129,-0.16239999,1.7480502,-0.17655191826016067
4,1,581605.673667103,-0.16239999,1.7477256,-0.17677768706448815
4,1,581610.6738609932,-0.16239999,1.7478592,-0.17700345512518229
4,1,581615.6740548834,-0.16239999,1.7478592,-0.17722922453885964
4,1,581620.6742487736,-0.16239999,1.747802,-0.17745499732356212
4,1,581625.6744426638,-0.16239999,1.747783,-0.17768076780620823
4,1,581630.674636554,-0.16239999,1.7476875,-0.17790654061472608
4,1,581635.6748304442,-0.16239999,1.7478402,-0.17813230996513063
4,1,581640.6750243343,-0.16239999,1.7477638,-0.17835807794114478
4,1,581645.6752182245,-0.16239999,1.747611,-0.17858384390667606
4,1,581650.6754121147,-0.16239999,1.7476493,-0.17880961033882312
4,1,581655.6756060049,-0.16239999,1.7477447,-0.179035377426738
4,1,581660.6757998951,-0.16239999,1.7477447,-0.1792611430024317
4,1,581665.6759937853,-0.16239999,1.7476493,-0.17948691036351383
4,1,581670.6761876754,-0.16239999,1.7474583,-0.1797126742343541
4,1,581675.6763815656,-0.16239999,1.7474965,-0.1799384378132972
4,1,581680.6765754558,-0.16239999,1.7474011,-0.18016420482448184
4,1,581685.676769346,-0.16239999,1.7474393,-0.18038997128507273
4,1,581690.6769632362,-0.16239999,1.7475348,-0.180615737201782
4,1,581695.6771571264,-0.16239999,1.7474393,-0.18084150357678974
4,1,581700.6773510166,-0.16239999,1.7474583,-0.1810672700298688
4,1,581705.6775449067,-0.16239999,1.7473247,-0.18129303539046757
4,1,581710.6777387969,-0.16239999,1.7473438,-0.18151879783073593
4,1,581715.6779326871,-0.16239999,1.7473056,-0.18174456016805135
4,1,581720.6781265773,-0.16239999,1.7473629,-0.1819703242077044
4,1,581725.6783204675,-0.16239999,1.7473247,-0.18219608814295246
4,1,581730.6785143577,-0.16239999,1.7472292,-0.18242185436295666
4,1,581735.6787082478,-0.16239999,1.7472675,-0.18264762111973876
4,1,581740.678902138,-0.16239999,1.7473438,-0.18287338733180064
4,1,581745.6790960282,-0.16239999,1.7472484,-0.18309915210711988
4,1,581750.6792899184,-0.16239999,1.7470765,-0.1833249166078157
4,1,581755.6794838086,-0.16239999,1.7470384,-0.1835506793113437
4,1,581760.6796776988,-0.16239999,1.7470384,-0.18377644156092274
4,1,581765.6798715894,-0.16239999,1.7470193,-0.18400220464656702
4,1,581770.6800654801,-0.16239999,1.7470574,-0.18422796893286492
4,1,581775.6802593707,-0.16239999,1.7469811,-0.18445373456216307
4,1,581780.6804532614,-0.16239999,1.7469811,-0.1846794958991453
4,1,581785.680647152,-0.16239999,1.7470384,-0.18490525514710646
4,1,581790.6808410427,-0.16239999,1.7468666,-0.185131014690479
4,1,581795.6810349333,-0.16239999,1.7468284,-0.1853567745194836
4,1,581800.681228824,-0.16239999,1.7468857,-0.18558253262880314
4,1,581805.6814227146,-0.16239999,1.7467902,-0.18580829236722277
4,1,581810.6816166053,-0.16239999,1.7469238,-0.18603405109756144
4,1,581815.6818104959,-0.16239999,1.7467902,-0.1862598092620964
4,1,581820.6820043866,-0.16239999,1.7468284,-0.18648556881576314
4,1,581825.6821982772,-0.16239999,1.7468092,-0.186711327967154
4,1,581830.6823921679,-0.16239999,1.746733,-0.186937085767291
4,1,581835.6825860585,-0.16239999,1.7468284,-0.18716284327653915
4,1,581840.6827799492,-0.16239999,1.7466948,-0.18738860035310473
4,1,581845.6829738398,-0.16239999,1.7465612,-0.18761435883725222
4,1,581850.6831677305,-0.16239999,1.7464657,-0.18784011738181894
4,1,581855.6833616211,-0.16239999,1.7465802,-0.18806587510258657
4,1,581860.6835555118,-0.16239999,1.7465612,-0.18829163263103152
4,1,581865.6837494022,-0.16239999,1.7465229,-0.18851738802054477
4,1,581870.6839432926,-0.16239999,1.7464083,-0.18874314590424085
4,1,581875.684137183,-0.16239999,1.7464657,-0.1889689019514309
4,1,581880.6843310734,-0.16239999,1.7464083,-0.1891946582147714
4,1,581885.6845249638,-0.16239999,1.7466375,-0.18942041935294815
4,1,581890.6847188543,-0.16239999,1.7464466,-0.18964618174411388
4,1,581895.6849127447,-0.16239999,1.746542,-0.189871944047174
4,1,581900.6851066351,-0.16239999,1.7463893,-0.19009770711407842
4,1,581905.6853005255,-0.16239999,1.7462747,-0.19032346941531647
4,1,581910.6854944159,-0.16239999,1.7462939,-0.19054923364855214
4,1,581915.6856883065,-0.16239999,1.7462939,-0.19077499474851736
4,1,581920.6858821965,-0.16239999,1.7461984,-0.19100075699941846
4,1,581925.6860760871,-0.16239999,1.7461029,-0.19122651874870839
4,1,581930.6862699776,-0.16239999,1.7460457,-0.19145227827977918
4,1,581935.6864638681,-0.16239999,1.7461793,-0.1916780384449755
4,1,581940.6866577587,-0.16239999,1.7461603,-0.19190380005278304
4,1,581945.6868516492,-0.16239999,1.7461411,-0.19212956369046816
4,1,581950.6870455397,-0.16239999,1.7461793,-0.1923553274090376
4,1,581955.6872394303,-0.16239999,1.7460266,-0.19258108902420631
4,1,581960.6874333208,-0.16239999,1.7460266,-0.19280685101371703
4,1,581965.6876272113,-0.16239999,1.7459311,-0.19303261135195723
4,1,581970.6878211019,-0.16239999,1.7459311,-0.19325837019841569
4,1,581975.6880149923,-0.16239999,1.7459311,-0.19348412742282148
4,1,581980.6882088829,-0.16239999,1.7459121,-0.19370988603915137
4,1,581985.6884027733,-0.16239999,1.745893,-0.19393564432753485
4,1,581990.6885966639,-0.16239999,1.745683,-0.19416140615134467
4,1,581995.6887905546,-0.16239999,1.7457402,-0.19438717043441148
4,1,582000.6889844452,-0.16239999,1.7457975,-0.1946129349421522
4,1,582005.6891783357,-0.16239999,1.7457975,-0.19483869960923272
4,1,582010.6893722262,-0.16239999,1.7456067,-0.19506446486463425
4,1,582015.6895661168,-0.16239999,1.7454921,-0.1952902303216907
4,1,582020.6897600072,-0.16239999,1.7455493,-0.19551599413266227
4,1,582025.6899538976,-0.16239999,1.7454538,-0.1957417561119897
4,1,582030.690147788,-0.16239999,1.7454157,-0.1959675190957415
4,1,582035.6903416782,-0.16239999,1.7454921,-0.19619328329252977
4,1,582040.6905355686,-0.16239999,1.7453775,-0.1964190475869008
4,1,582045.690729459,-0.16239999,1.7454348,-0.19664481119950145
4,1,582050.6909233495,-0.16239999,1.7453966,-0.19687057332700603
4,1,582055.6911172399,-0.16239999,1.7453202,-0.19709633423765116
4,1,582060.6913111303,-0.16239999,1.745263,-0.1973220956315989
4,1,582065.691505021,-0.16239999,1.7451866,-0.19754785634521507
4,1,582070.6916989116,-0.16239999,1.745263,-0.19777361946522226
4,1,582075.6918928022,-0.16239999,1.7453202,-0.1979993839942998
4,1,582080.6920866924,-0.16239999,1.7453394,-0.19822514574210626
4,1,582085.6922805831,-0.16239999,1.7452248,-0.19845090811725488
4,1,582090.6924744737,-0.16239999,1.7452439,-0.19867666910818746
4,1,582095.6926683644,-0.16239999,1.7453585,-0.1989024288544161
4,1,582100.692862255,-0.16239999,1.7452248,-0.19912819083365332
4,1,582105.6930561457,-0.16239999,1.745263,-0.1993539527151836
4,1,582110.6932500363,-0.16239999,1.7452439,-0.19957971450406012
4,1,582115.693443927,-0.16239999,1.7451866,-0.19980547500563278
4,1,582120.6936378176,-0.16239999,1.7452248,-0.2000312360890097
4,1,582125.6938317083,-0.16239999,1.7450721,-0.20025699546612746
4,1,582130.6940255989,-0.16239999,1.7449766,-0.20048275840501684
4,1,582135.6942194896,-0.16239999,1.7449957,-0.20070852340319617
4,1,582140.6944133802,-0.16239999,1.7450148,-0.20093428568527216
4,1,582145.6946072709,-0.16239999,1.7450529,-0.20116004755942804
4,1,582150.6948011615,-0.16239999,1.7450148,-0.20138581151233065
4,1,582155.6949950522,-0.16239999,1.7450529,-0.20161157628832624
4,1,582160.6951889428,-0.16239999,1.7448621,-0.20183733741658377
4,1,582165.6953828335,-0.16239999,1.7449385,-0.20206309974326306
4,1,582170.6955767237,-0.16239999,1.7448621,-0.2022888623134141
4,1,582175.6957706138,-0.16239999,1.7449385,-0.20251462657702
4,1,582180.695964504,-0.16239999,1.7449193,-0.20274038969480193
4,1,582185.6961583942,-0.16239999,1.7447857,-0.20296615585851865
4,1,582190.6963522844,-0.16239999,1.7446139,-0.2031919233586336
4,1,582195.6965461746,-0.16239999,1.7448049,-0.203417690157158
4,1,582200.6967400648,-0.16239999,1.7447094,-0.2036434595644825
4,1,582205.696933955,-0.16239999,1.7446903,-0.20386923097002208
4,1,582210.6971278451,-0.16239999,1.7447475,-0.20409500272254347
4,1,582215.6973217353,-0.16239999,1.7448239,-0.20432077313020527
4,1,582220.6975156255,-0.16239999,1.7445376,-0.20454654384179694
4,1,582225.6977095157,-0.16239999,1.7447857,-0.20477231306866672
4,1,582230.6979034059,-0.16239999,1.7445948,-0.20499808232412436
4,1,582235.6980972961,-0.16239999,1.7444803,-0.2052238521492741
4,1,582240.6982911862,-0.16239999,1.744404,-0.20544962292298954
4,1,582245.6984850764,-0.16239999,1.7445184,-0.205675392894246
4,1,582250.6986789666,-0.16239999,1.7444612,-0.20590116212143117
4,1,582255.6988728568,-0.16239999,1.7442894,-0.20612693185910697
4,1,582260.699066747,-0.16239999,1.7443275,-0.2063526997782053
4,1,582265.6992606372,-0.16239999,1.7442511,-0.20657847112949554
4,1,582270.6994545273,-0.16239999,1.744213,-0.20680424275757983
4,1,582275.6996484175,-0.16239999,1.7442511,-0.20703001431512533
4,1,582280.6998423077,-0.16239999,1.7441367,-0.20725578639596814
4,1,582285.7000361979,-0.16239999,1.7442894,-0.20748155928042397
4,1,582290.7002300881,-0.16239999,1.7440794,-0.2077073291420675
4,1,582295.7004239783,-0.16239999,1.7441176,-0.20793309758385387
4,1,582300.7006178685,-0.16239999,1.7441176,-0.20815886885370677
4,1,582305.7008117586,-0.16239999,1.7440603,-0.2083846414707124
4,1,582310.7010056488,-0.16239999,1.7438121,-0.20861041535618352
4,1,582315.701199539,-0.16239999,1.7438312,-0.20883618955479594
4,1,582320.7013934292,-0.16239999,1.7438312,-0.20906196346498312
4,1,582325.7015873194,-0.16239999,1.7439076,-0.2092877364293845
4,1,582330.7017812096,-0.16239999,1.7438694,-0.20951350900216847
4,1,582335.7019750997,-0.16239999,1.7437358,-0.20973928134831818
4,1,582340.7021689899,-0.16239999,1.7437739,-0.20996504912583397
4,1,582345.7023628801,-0.16239999,1.7439076,-0.21019081865562284
4,1,582350.7025567703,-0.16239999,1.7438885,-0.21041658747953376
4,1,582355.7027506605,-0.16239999,1.743793,-0.21064235618090746
4,1,582360.7029445507,-0.16239999,1.7436975,-0.21086812525240944
4,1,582365.7031384408,-0.16239999,1.7435257,-0.2110938918747003
4,1,582370.703332331,-0.16239999,1.7435448,-0.211319657422831
4,1,582375.7035262212,-0.16239999,1.7435448,-0.21154542537474416
4,1,582380.7037201114,-0.16239999,1.7433921,-0.21177119342093037
4,1,582385.7039140016,-0.16239999,1.7435639,-0.21199696018680053
4,1,582390.7041078918,-0.16239999,1.7435257,-0.21222272797076852
4,1,582395.704301782,-0.16239999,1.7434112,-0.21244849764806728
4,1,582400.7044956721,-0.16239999,1.743373,-0.21267426719693458
4,1,582405.7046895623,-0.16239999,1.7433921,-0.21290003699109072
4,1,582410.7048834525,-0.16239999,1.7433349,-0.21312580727089228
4,1,582415.7050773427,-0.16239999,1.7432013,-0.21335157771770358
4,1,582420.7052712329,-0.16239999,1.7431439,-0.2135773481455076
4,1,582425.705465123,-0.16239999,1.7430676,-0.21380311848588818
4,1,582430.7056590132,-0.16239999,1.7432394,-0.21402889127480354
4,1,582435.7058529034,-0.16239999,1.7431822,-0.21425466297714196
4,1,582440.7060467936,-0.16239999,1.7431248,-0.21448043347508824
4,1,582445.7062406838,-0.16239999,1.742934,-0.2147062036604297
4,1,582450.706434574,-0.16239999,1.7430867,-0.21493197409527287
4,1,582455.7066284642,-0.16239999,1.7430676,-0.21515774156672213
4,1,582460.7068223543,-0.16239999,1.7431058,-0.21538350833682504
4,1,582465.7070162445,-0.16239999,1.742724,-0.21560927487101358
4,1,582470.7072101347,-0.16239999,1.7426667,-0.21583504268287737
4,1,582475.7074040249,-0.16239999,1.7428385,-0.21606081127350316
4,1,582480.7075979151,-0.16239999,1.7426286,-0.21628657978281662
4,1,582485.7077918053,-0.16239999,1.7426476,-0.21651234597492502
4,1,582490.7079856955,-0.16239999,1.7426094,-0.21673811173460586
4,1,582495.7081795856,-0.16239999,1.7425903,-0.21696387810553647
4,1,582500.7083734758,-0.16239999,1.7426667,-0.21718964444618294
4,1,582505.708567366,-0.16239999,1.7424185,-0.21741541022240407
4,1,582510.7087612562,-0.16239999,1.7424567,-0.21764117519580942
4,1,582515.7089551464,-0.16239999,1.742495,-0.21786693882003713
4,1,582520.7091490366,-0.16239999,1.7423804,-0.21809270598113162
4,1,582525.7093429267,-0.16239999,1.7423613,-0.21831847163130383
4,1,582530.7095368169,-0.16239999,1.7423421,-0.21854423678370855
4,1,582535.7097307071,-0.16239999,1.742304,-0.21877000330478905
4,1,582540.7099245973,-0.16239999,1.7423613,-0.2189957710932696
4,1,582545.7101184875,-0.16239999,1.7422085,-0.21922153493938057
4,1,582550.7103123777,-0.16239999,1.7422277,-0.2194473006915926
4,1,582555.7105062678,-0.16239999,1.7421322,-0.21967306766772227
4,1,582560.710700158,-0.16239999,1.7419604,-0.21989883453064535
4,1,582565.7108940482,-0.16239999,1.7421322,-0.22012459961479447
4,1,582570.7110879384,-0.16239999,1.7420748,-0.22035036590443013
4,1,582575.7112818286,-0.16239999,1.7420176,-0.22057613323609157
4,1,582580.7114757188,-0.16239999,1.7419986,-0.22080189875394726
4,1,582585.711669609,-0.16239999,1.741884,-0.22102766164646173
4,1,582590.7118634991,-0.16239999,1.7418458,-0.22125342302106776
4,1,582595.7120573893,-0.16239999,1.7416358,-0.22147918718427295
4,1,582600.7122512795,-0.16239999,1.7416931,-0.2217049517281672
4,1,582605.7124451697,-0.16239999,1.7417694,-0.22193071773267742
4,1,582610.7126390599,-0.16239999,1.7416167,-0.22215648168560984
4,1,582615.71283295,-0.16239999,1.7415786,-0.2223822439532317
4,1,582620.7130268402,-0.16239999,1.7416167,-0.22260800902212946
4,1,582625.7132207304,-0.16239999,1.7415403,-0.22283377595190246
4,1,582630.7134146206,-0.16239999,1.7415977,-0.22305954131204672
4,1,582635.7136085108,-0.16239999,1.741445,-0.22328530777188346
4,1,582640.713802401,-0.16239999,1.7415212,-0.22351107413294288
4,1,582645.7139962912,-0.16239999,1.7415212,-0.2237368398699276
4,1,582650.7141901813,-0.16239999,1.741254,-0.22396260228288792
4,1,582655.7143840715,-0.16239999,1.7413113,-0.22418836628668629
4,1,582660.7145779617,-0.16239999,1.7413113,-0.2244141322829421
4,1,582665.7147718519,-0.16239999,1.7413685,-0.22463989543720042
4,1,582670.7149657421,-0.16239999,1.7412349,-0.22486565863230945
4,1,582675.7151596323,-0.16239999,1.7411395,-0.2250914204550944
4,1,582680.7153535224,-0.16239999,1.7411586,-0.22531718076561513
4,1,582685.7155474126,-0.16239999,1.7410822,-0.22554294091380428
4,1,582690.7157413028,-0.16239999,1.7411395,-0.22576870231978885
4,1,582695.715935193,-0.16239999,1.7410059,-0.22599446280163982
4,1,582700.7161290832,-0.16239999,1.741044,-0.22622022171745573
4,1,582705.7163229734,-0.16239999,1.741025,-0.22644597894109578
4,1,582710.7165168636,-0.16239999,1.7410059,-0.22667173439240332
4,1,582715.7167107537,-0.16239999,1.7409867,-0.2268974925922532
4,1,582720.7169046439,-0.16239999,1.740834,-0.22712325136012707
4,1,582725.7170985341,-0.16239999,1.7407768,-0.22734901163534776
4,1,582730.7172924243,-0.16239999,1.7407768,-0.22757476975304838
4,1,582735.7174863145,-0.16239999,1.7407768,-0.22780052572273585
4,1,582740.7176802047,-0.16239999,1.7406431,-0.22802628057218713
4,1,582745.7178740948,-0.16239999,1.7406813,-0.22825203311438896
4,1,582750.718067985,-0.16239999,1.7405667,-0.22847778688688614
4,1,582755.7182618752,-0.16239999,1.7405667,-0.22870353850466382
4,1,582760.7184557654,-0.16239999,1.7405667,-0.22892928906453275
4,1,582765.7186496556,-0.16239999,1.7405477,-0.22915504019768576
4,1,582770.7188435458,-0.16239999,1.7405477,-0.22938079641505205
4,1,582775.719037436,-0.16239999,1.740395,-0.22960655363876412
4,1,582780.7192313261,-0.16239999,1.7405095,-0.22983231111836058
4,1,582785.7194252163,-0.16239999,1.7404714,-0.230058066927065
4,1,582790.7196191065,-0.16239999,1.7403377,-0.23028382577658565
4,1,582795.7198129967,-0.16239999,1.7402804,-0.23050960026320522
4,1,582800.7200068869,-0.16239999,1.7402232,-0.230735374590009
4,1,582805.720200777,-0.16239999,1.7402232,-0.23096114702758647
4,1,582810.7203946672,-0.16239999,1.7401849,-0.2311869227816218
4,1,582815.7205885574,-0.16239999,1.7401658,-0.23141269659565014
4,1,582820.7207824476,-0.16239999,1.739975,-0.23163846905581112
4,1,582825.7209763378,-0.16239999,1.7402422,-0.2318642428811569
4,1,582830.721170228,-0.16239999,1.7399176,-0.2320900158324494
4,1,582835.7213641182,-0.16239999,1.7399368,-0.23231579226548182
4,1,582840.7215580083,-0.16239999,1.739994,-0.23254156782956048
4,1,582845.7217518985,-0.16239999,1.7400513,-0.23276734366938678
4,1,582850.7219457887,-0.16239999,1.7399559,-0.23299312005860234
4,1,582855.7221396789,-0.16239999,1.7400513,-0.23321888700570206
4,1,582860.7223335691,-0.16239999,1.7398413,-0.2334446476987232
4,1,582865.7225274593,-0.16239999,1.7397649,-0.23367040583638227
4,1,582870.7227213494,-0.16239999,1.7397268,-0.2338961615788378
4,1,582875.7229152396,-0.16239999,1.7396313,-0.23412191852259928
4,1,582880.7231091298,-0.16239999,1.7396886,-0.2343476754002145
4,1,582885.72330302,-0.16239999,1.7396313,-0.23457343415889187
4,1,582890.7234969102,-0.16239999,1.7395931,-0.2347991950263584
4,1,582895.7236908004,-0.16239999,1.7396313,-0.23502495584681757
4,1,582900.7238846906,-0.16239999,1.7396886,-0.23525071439465758
4,1,582905.7240785807,-0.16239999,1.7396886,-0.23547647391332233
4,1,582910.7242724709,-0.16239999,1.7396122,-0.23570223571667615
4,1,582915.7244663611,-0.16239999,1.7395931,-0.2359280000669919
4,1,582920.7246602513,-0.16239999,1.7395359,-0.23615376181801948
4,1,582925.7248541415,-0.16239999,1.7394214,-0.23637952181407604
4,1,582930.7250480317,-0.16239999,1.7394786,-0.23660527856870783
4,1,582935.7252419218,-0.16239999,1.7394214,-0.23683103836973385
4,1,582940.725435812,-0.16239999,1.7393832,-0.23705680004821925
4,1,582945.7256297022,-0.16239999,1.7392113,-0.23728256036828665
4,1,582950.7258235924,-0.16239999,1.7392496,-0.237508321068837
4,1,582955.7260174826,-0.16239999,1.7394023,-0.23773408073571198
4,1,582960.7262113728,-0.16239999,1.7394595,-0.23795984125084305
4,1,582965.726405263,-0.16239999,1.7392304,-0.23818560291453905
4,1,582970.7265991531,-0.16239999,1.7392113,-0.2384113592178991
4,1,582975.7267930433,-0.16239999,1.7389631,-0.23863711846486932
4,1,582980.7269869335,-0.16239999,1.7390395,-0.23886287869863168
4,1,582985.7271808237,-0.16239999,1.7390586,-0.23908863902410904
4,1,582990.7273747139,-0.16239999,1.7390777,-0.23931440169831902
4,1,582995.727568604,-0.16239999,1.739135,-0.23954016402823353
4,1,583000.7277624942,-0.16239999,1.7389823,-0.23976592594273263
4,1,583005.7279563844,-0.16239999,1.7390586,-0.23999168872587506
4,1,583010.7281502746,-0.16239999,1.7388868,-0.24021745005258296
4,1,583015.7283441648,-0.16239999,1.7387723,-0.24044321028493304
4,1,583020.728538055,-0.16239999,1.7388678,-0.24066897142061053
4,1,583025.7287319452,-0.16239999,1.7387341,-0.2408947324806158
4,1,583030.7289258353,-0.16239999,1.7386196,-0.24112049422840734
4,1,583035.7291197255,-0.16239999,1.7386959,-0.24134625073874535
4,1,583040.7293136157,-0.16239999,1.7386768,-0.24157200834847614
4,1,583045.7295075059,-0.16239999,1.7386768,-0.24179776829816277
4,1,583050.7297013961,-0.16239999,1.7385622,-0.24202353126955323
4,1,583055.7298952863,-0.16239999,1.7384859,-0.24224929783586702
4,1,583060.7300891764,-0.16239999,1.738505,-0.24247505932500005
4,1,583065.7302830666,-0.16239999,1.7384478,-0.24270082232967058
4,1,583070.7304769568,-0.16239999,1.738505,-0.24292658645038429
4,1,583075.730670847,-0.16239999,1.7383332,-0.24315234938499702
4,1,583080.7308647372,-0.16239999,1.7383523,-0.24337810860817258
4,1,583085.7310586274,-0.16239999,1.7382568,-0.24360386965860797
4,1,583090.7312525176,-0.16239999,1.738295,-0.2438296270111058
4,1,583095.7314464077,-0.16239999,1.7383714,-0.2440553845653521
4,1,583100.7316402979,-0.16239999,1.738295,-0.2442811400107033
4,1,583105.7318341881,-0.16239999,1.7381996,-0.24450689527415687
4,1,583110.7320280783,-0.16239999,1.7381614,-0.24473264985963408
4,1,583115.7322219685,-0.16239999,1.7381232,-0.24495840453825019
4,1,583120.7324158587,-0.16239999,1.7379705,-0.2451841586786413
4,1,583125.7326097488,-0.16239999,1.7381041,-0.2454099136911593
4,1,583130.732803639,-0.16239999,1.7379133,-0.2456356718860562
4,1,583135.7329975292,-0.16239999,1.7380086,-0.24586142984535997
4,1,583140.7331914194,-0.16239999,1.7379895,-0.2460871862166594
4,1,583145.7333853096,-0.16239999,1.7378368,-0.24631293907017052
4,1,583150.7335791998,-0.16239999,1.7378368,-0.24653869107374504
4,1,583155.73377309,-0.16239999,1.7379133,-0.24676444533581904
4,1,583160.7339669801,-0.16239999,1.7378942,-0.24699020029664243
4,1,583165.7341608703,-0.16239999,1.7378178,-0.24721595623704415
4,1,583170.7343547605,-0.16239999,1.7378559,-0.24744171321200287
4,1,583175.7345486507,-0.16239999,1.737875,-0.2476674671552508
4,1,583180.7347425409,-0.16239999,1.737665,-0.24789322213632983
4,1,583185.734936431,-0.16239999,1.7376077,-0.24811897464305863
4,1,583190.7351303212,-0.16239999,1.7377414,-0.2483447261576474
4,1,583195.7353242114,-0.16239999,1.7374741,-0.2485704825183935
4,1,583200.7355181016,-0.16239999,1.7374741,-0.24879624009734927
4,1,583205.7357119918,-0.16239999,1.7375886,-0.24902199631402513
4,1,583210.735905882,-0.16239999,1.7375505,-0.24924775076544323
4,1,583215.7360997722,-0.16239999,1.7374359,-0.24947350418644684
4,1,583220.7362936623,-0.16239999,1.7374933,-0.24969925668575568
4,1,583225.7364875525,-0.16239999,1.7372451,-0.24992501018354002
4,1,583230.7366814427,-0.16239999,1.7373214,-0.25015076322947893
4,1,583235.7368753329,-0.16239999,1.737226,-0.25037651393908383
4,1,583240.7370692231,-0.16239999,1.7373596,-0.2506022633079071
4,1,583245.7372631133,-0.16239999,1.7373214,-0.2508280107289606
4,1,583250.7374570034,-0.16239999,1.7373214,-0.2510537604163922
4,1,583255.7376508936,-0.16239999,1.7370541,-0.25127951227701906
4,1,583260.7378447838,-0.16239999,1.737226,-0.25150526366841913
4,1,583265.738038674,-0.16239999,1.7372451,-0.25173101415755555
4,1,583270.7382325642,-0.16239999,1.7370541,-0.2519567644064687
4,1,583275.7384264544,-0.16239999,1.7370541,-0.2521825129458693
4,1,583280.7386203445,-0.16239999,1.7369778,-0.2524082625164253
4,1,583285.7388142347,-0.16239999,1.7369969,-0.2526340109292869
4,1,583290.7390081249,-0.16239999,1.737016,-0.2528597632584816
4,1,583295.7392020151,-0.16239999,1.7370541,-0.2530855113984383
4,1,583300.7393959053,-0.16239999,1.7368823,-0.2533112568614462
4,1,583305.7395897955,-0.16239999,1.7366724,-0.25353700548476515
4,1,583310.7397836857,-0.16239999,1.7369014,-0.25376275299534407
4,1,583315.7399775758,-0.16239999,1.7365578,-0.25398850186786676
4,1,583320.740171466,-0.16239999,1.7367678,-0.2542142496370437
4,1,583325.7403653562,-0.16239999,1.7366724,-0.254439998289025
4,1,583330.7405592464,-0.16239999,1.7366151,-0.2546657475036494
4,1,583335.7407531366,-0.16239999,1.7365769,-0.25489149818212326
4,1,583340.7409470268,-0.16239999,1.7366724,-0.25511724965357896
4,1,583345.741140917,-0.16239999,1.7365388,-0.25534299951935097
4,1,583350.7413348071,-0.16239999,1.7364433,-0.25556875093106796
4,1,583355.7415286973,-0.16239999,1.7364814,-0.2557945034067005
4,1,583360.7417225875,-0.16239999,1.736596,-0.2560202567526925
4,1,583365.7419164777,-0.16239999,1.7364624,-0.2562460117043608
4,1,583370.7421103679,-0.16239999,1.7364814,-0.2564717651799349
4,1,583375.7423042585,-0.16239999,1.7365769,-0.2566975199558986
4,1,583380.7424981492,-0.16239999,1.7364624,-0.2569232760897547
4,1,583385.7426920398,-0.16239999,1.7363478,-0.2571490324119084
4,1,583390.7428859305,-0.16239999,1.7362906,-0.25737478707024647
4,1,583395.7430798211,-0.16239999,1.7363478,-0.25760054259474435
4,1,583400.7432737118,-0.16239999,1.7362523,-0.2578262974320984
4,1,583405.7434676024,-0.16239999,1.7363287,-0.2580520504799074
4,1,583410.7436614931,-0.16239999,1.7361951,-0.2582778031115146
4,1,583415.7438553837,-0.16239999,1.7362142,-0.2585035559147401
4,1,583420.7440492744,-0.16239999,1.736176,-0.2587293099906779
4,1,583425.744243165,-0.16239999,1.7360042,-0.25895506446748096
4,1,583430.7444370557,-0.16239999,1.7360042,-0.25918081715776803
4,1,583435.7446309463,-0.16239999,1.7360424,-0.25940656873884826
4,1,583440.744824837,-0.16239999,1.7358133,-0.25963231984367746
4,1,583445.7450187276,-0.16239999,1.7357942,-0.259858069316534
4,1,583450.7452126183,-0.16239999,1.735966,-0.2600838192834203
4,1,583455.7454065089,-0.16239999,1.7358133,-0.2603095675787953
4,1,583460.7456003996,-0.16239999,1.7358323,-0.26053531759951204
4,1,583465.7457942902,-0.16239999,1.735966,-0.2607610643136131
4,1,583470.7459881809,-0.16239999,1.735737,-0.2609868116929484
4,1,583475.7461820708,-0.16239999,1.7358133,-0.26121256263444104
4,1,583480.7463759612,-0.16239999,1.735737,-0.2614383147420878
4,1,583485.7465698516,-0.16239999,1.735737,-0.26166406534635306
4,1,583490.7467637421,-0.16239999,1.7356796,-0.2618898172228571
4,1,583495.7469576325,-0.16239999,1.7356415,-0.26211556934185437
4,1,583500.7471515229,-0.16239999,1.7354314,-0.2623413200479384
4,1,583505.7473454133,-0.16239999,1.7353933,-0.26256707061525214
4,1,583510.7475393037,-0.16239999,1.7355269,-0.26279281806506577
4,1,583515.7477331941,-0.16239999,1.7353361,-0.263018569353873
4,1,583520.7479270846,-0.16239999,1.7354314,-0.2632443174412138
4,1,583525.7481209751,-0.16239999,1.7353361,-0.2634700677537607
4,1,583530.7483148656,-0.16239999,1.7353169,-0.2636958195233597
4,1,583535.7485087562,-0.16239999,1.7353361,-0.2639215699442364
4,1,583540.7487026467,-0.16239999,1.7354888,-0.26414732112231143
4,1,583545.7488965372,-0.16239999,1.7353169,-0.26437307289772355
4,1,583550.749090428,-0.16239999,1.7353169,-0.26459882491542025
4,1,583555.7492843185,-0.16239999,1.7354124,-0.26482457655702574
4,1,583560.7494782091,-0.16239999,1.7353169,-0.265050326332904
4,1,583565.7496720996,-0.16239999,1.735126,-0.2652760748006416
4,1,583570.7498659901,-0.16239999,1.7352024,-0.2655018220058452
4,1,583575.7500598807,-0.16239999,1.7351451,-0.2657275683309978
4,1,583580.7502537712,-0.16239999,1.735107,-0.26595331417779006
4,1,583585.7504476617,-0.16239999,1.7350305,-0.2661790629625176
4,1,583590.750641552,-0.16239999,1.735126,-0.26640481387229226
4,1,583595.7508354427,-0.16239999,1.7349352,-0.2666305649682114
4,1,583600.7510293331,-0.16239999,1.7349733,-0.2668563164677898
4,1,583605.7512232236,-0.16239999,1.7347633,-0.26708206787236416
4,1,583610.7514171142,-0.16239999,1.7349352,-0.26730781871274745
4,1,583615.7516110047,-0.16239999,1.7348397,-0.2675335719519172
4,1,583620.7518048952,-0.16239999,1.7349542,-0.2677593235057176
4,1,583625.7519987857,-0.16239999,1.7346679,-0.26798507478353356
4,1,583630.7521926761,-0.16239999,1.7346488,-0.26821082585440303
4,1,583635.752386566,-0.16239999,1.734706,-0.26843657898554596
4,1,583640.7525804564,-0.16239999,1.7346679,-0.2686623340023638
4,1,583645.7527743469,-0.16239999,1.7345915,-0.26888809067861297
4,1,583650.7529682373,-0.16239999,1.7345533,-0.2691138467512327
4,1,583655.7531621277,-0.16239999,1.7344579,-0.2693396034484379
4,1,583660.7533560181,-0.16239999,1.7345533,-0.2695653618744584
4,1,583665.7535499088,-0.16239999,1.7345152,-0.2697911231846881
4,1,583670.7537437992,-0.16239999,1.7345152,-0.2700168831377672
4,1,583675.7539376896,-0.16239999,1.7344769,-0.27024264549561067
4,1,583680.7541315802,-0.16239999,1.7344579,-0.2704684026971142
4,1,583685.7543254709,-0.16239999,1.7343433,-0.27069416151551623
4,1,583690.7545193615,-0.16239999,1.7342861,-0.27091992181363506
4,1,583695.7547132522,-0.16239999,1.7343433,-0.27114568323560523
4,1,583700.7549071428,-0.16239999,1.7342287,-0.271371444111303
4,1,583705.7551010335,-0.16239999,1.7344006,-0.271597206896592
4,1,583710.7552949241,-0.16239999,1.7342479,-0.27182296872230005
4,1,583715.7554888148,-0.16239999,1.7341906,-0.27204872906186234
4,1,583720.7556827054,-0.16239999,1.7340188,-0.27227449102043827
4,1,583725.7558765961,-0.16239999,1.7341334,-0.27250025042343273
4,1,583730.7560704867,-0.16239999,1.7339233,-0.272726008672954
4,1,583735.7562643774,-0.16239999,1.7339807,-0.27295176629082496
4,1,583740.756458268,-0.16239999,1.733847,-0.27317752515569876
4,1,583745.7566521587,-0.16239999,1.7338661,-0.273403286742826
4,1,583750.7568460493,-0.16239999,1.7339042,-0.27362904815374617
4,1,583755.75703994,-0.16239999,1.7337134,-0.2738548081140358
4,1,583760.7572338306,-0.16239999,1.7336943,-0.27408057154265925
4,1,583765.7574277213,-0.16239999,1.7337325,-0.27430633842930496
4,1,583770.7576216119,-0.16239999,1.7335988,-0.2745321003508788
4,1,583775.7578155026,-0.16239999,1.7334843,-0.27475786581140893
4,1,583780.7580093928,-0.16239999,1.733656,-0.2749836330858797
4,1,583785.758203283,-0.16239999,1.733656,-0.27520940039135483
4,1,583790.7583971731,-0.16239999,1.7334843,-0.2754351659001183
4,1,583795.7585910633,-0.16239999,1.733637,-0.2756609297346312
4,1,583800.7587849535,-0.16239999,1.7333506,-0.2758866937954704
4,1,583805.7589788437,-0.16239999,1.7333506,-0.27611245887574765
4,1,583810.7591727339,-0.16239999,1.7335415,-0.276338226318614
4,1,583815.759366624,-0.16239999,1.7335033,-0.27656398984978064
4,1,583820.7595605142,-0.16239999,1.7334843,-0.27678975528280236
4,1,583825.7597544044,-0.16239999,1.7333506,-0.2770155213540789
4,1,583830.7599482946,-0.16239999,1.7333316,-0.2772412866975678
4,1,583835.7601421848,-0.16239999,1.7332361,-0.27746705370515634
4,1,583840.760336075,-0.16239999,1.7331598,-0.27769281933240225
4,1,583845.7605299652,-0.16239999,1.7331406,-0.2779185830564967
4,1,583850.7607238553,-0.16239999,1.7330452,-0.2781443458920705
4,1,583855.7609177455,-0.16239999,1.7331215,-0.27837011041183396
4,1,583860.7611116357,-0.16239999,1.733007,-0.2785958742387663
4,1,583865.7613055259,-0.16239999,1.7331789,-0.2788216377575509
4,1,583870.7614994161,-0.16239999,1.7331215,-0.27904740121088634
4,1,583875.7616933063,-0.16239999,1.7329307,-0.2792731651093683
4,1,583880.7618871965,-0.16239999,1.7329116,-0.27949893023324224
4,1,583885.7620810866,-0.16239999,1.7329497,-0.27972469523853605
4,1,583890.7622749768,-0.16239999,1.732797,-0.2799504601992257
4,1,583895.762468867,-0.16239999,1.7328733,-0.28017622115695434
4,1,583900.7626627572,-0.16239999,1.732606,-0.2804019810263353
4,1,583905.7628566474,-0.16239999,1.7329307,-0.2806277432794095
4,1,583910.7630505376,-0.16239999,1.7329116,-0.2808535061407093
4,1,583915.7632444277,-0.16239999,1.7327206,-0.281079268504264
4,1,583920.7634383179,-0.16239999,1.7325488,-0.2813050288717055
4,1,583925.7636322081,-0.16239999,1.7326252,-0.28153079091673133
4,1,583930.7638260983,-0.16239999,1.7325488,-0.2817565540709797
4,1,583935.7640199885,-0.16239999,1.7324916,-0.28198231534790613
4,1,583940.7642138787,-0.16239999,1.7323961,-0.2822080743249087
4,1,583945.7644077688,-0.16239999,1.7324533,-0.2824338322121016
4,1,583950.764601659,-0.16239999,1.7323961,-0.2826595877498069
4,1,583955.7647955492,-0.16239999,1.7323006,-0.2828853434615925
4,1,583960.7649894394,-0.16239999,1.7323388,-0.2831111014271804
4,1,583965.7651833296,-0.16239999,1.7322434,-0.2833368592693055
4,1,583970.7653772198,-0.16239999,1.7323197,-0.28356261832657403
4,1,583975.76557111,-0.16239999,1.7322625,-0.2837883769723809
4,1,583980.7657650001,-0.16239999,1.7321861,-0.2840141374390095
4,1,583985.7659588903,-0.16239999,1.7322053,-0.28423989603739674
4,1,583990.7661527805,-0.16239999,1.7322625,-0.284465655010751
4,1,583995.7663466707,-0.16239999,1.732167,-0.28469141510966944
4,1,584000.7665405609,-0.16239999,1.731938,-0.28491717386584176
4,1,584005.766734451,-0.16239999,1.7320524,-0.28514293290967435
4,1,584010.7669283412,-0.16239999,1.731938,-0.2853686906880623
4,1,584015.7671222314,-0.16239999,1.7318234,-0.28559444707997167
4,1,584020.7673161216,-0.16239999,1.7317852,-0.28582020184519247
4,1,584025.7675100118,-0.16239999,1.7317852,-0.28604595817287787
4,1,584030.767703902,-0.16239999,1.7319762,-0.2862717156884524
4,1,584035.7678977922,-0.16239999,1.7317661,-0.28649747425918887
4,1,584040.7680916823,-0.16239999,1.7318044,-0.2867232332234493
4,1,584045.7682855725,-0.16239999,1.7316898,-0.28694898754780684
4,1,584050.7684794627,-0.16239999,1.7316325,-0.28717474037914004
4,1,584055.7686733529,-0.16239999,1.7316898,-0.28740049592842437
4,1,584060.7688672431,-0.16239999,1.7317089,-0.28762625132681374
4,1,584065.7690611333,-0.16239999,1.7314607,-0.2878520077303344
4,1,584070.7692550234,-0.16239999,1.7315753,-0.2880777628936886
4,1,584075.7694489136,-0.16239999,1.7314988,-0.2883035177306974
4,1,584080.7696428038,-0.16239999,1.7315562,-0.28852927227711206
4,1,584085.769836694,-0.16239999,1.7315943,-0.28875502458916547
4,1,584090.7700305842,-0.16239999,1.7314798,-0.28898077535074645
4,1,584095.7702244744,-0.16239999,1.7314035,-0.289206526371851
4,1,584100.7704183646,-0.16239999,1.7312506,-0.28943227745685757
4,1,584105.7706122547,-0.16239999,1.7314035,-0.28965802989602285
4,1,584110.7708061449,-0.16239999,1.7311743,-0.28988378075354576
4,1,584115.7710000351,-0.16239999,1.7312506,-0.2901095327641106
4,1,584120.7711939253,-0.16239999,1.7310407,-0.2903352869558702
4,1,584125.7713878155,-0.16239999,1.7309452,-0.29056104492548557
4,1,584130.7715817057,-0.16239999,1.7310407,-0.2907868007215389
4,1,584135.7717755958,-0.16239999,1.7310216,-0.29101255683457883
4,1,584140.771969486,-0.16239999,1.7310598,-0.2912383140912498
4,1,584145.7721633762,-0.16239999,1.7308497,-0.2914640734888865
4,1,584150.7723572664,-0.16239999,1.7309834,-0.29168983344138943
4,1,584155.7725511566,-0.16239999,1.7309262,-0.29191559246576526
4,1,584160.7727450468,-0.16239999,1.7307353,-0.2921413519257004
4,1,584165.772938937,-0.16239999,1.730888,-0.2923671112677649
4,1,584170.7731328271,-0.16239999,1.7306589,-0.2925928699875221
4,1,584175.7733267173,-0.16239999,1.7305443,-0.2928186312892921
4,1,584180.7735206075,-0.16239999,1.7304107,-0.2930443897913723
4,1,584185.7737144977,-0.16239999,1.7305062,-0.2932701504440278
4,1,584190.7739083879,-0.16239999,1.7304871,-0.2934959096513022
4,1,584195.774102278,-0.16239999,1.7305443,-0.2937216690765085
4,1,584200.7742961682,-0.16239999,1.7305253,-0.2939474254481465
4,1,584205.7744900584,-0.16239999,1.730449,-0.29417318442864504
4,1,584210.7746839486,-0.16239999,1.7305443,-0.29439894250688325
4,1,584215.7748778388,-0.16239999,1.7303535,-0.2946246995628844
4,1,584220.775071729,-0.16239999,1.7302389,-0.294850457178651
4,1,584225.7752656192,-0.16239999,1.7302008,-0.29507621339930545
4,1,584230.7754595093,-0.16239999,1.7301053,-0.2953019704807628
4,1,584235.7756533995,-0.16239999,1.7301817,-0.2955277273074922
4,1,584240.7758472897,-0.16239999,1.7300862,-0.29575348545935376
4,1,584245.7760411799,-0.16239999,1.7299907,-0.2959792432151474
4,1,584250.7762350701,-0.16239999,1.7299907,-0.2962050008376253
4,1,584255.7764289603,-0.16239999,1.7300098,-0.296430758353569
4,1,584260.7766228504,-0.16239999,1.7298762,-0.29665651245999214
4,1,584265.7768167406,-0.16239999,1.7298571,-0.29688227151019914
4,1,584270.7770106308,-0.16239999,1.7299144,-0.2971080292883321
4,1,584275.777204521,-0.16239999,1.7297616,-0.2973337877305949
4,1,584280.7773984112,-0.16239999,1.7297808,-0.29755954707163446
4,1,584285.7775923014,-0.16239999,1.7295898,-0.29778530615786336
4,1,584290.7777861916,-0.16239999,1.7295707,-0.29801106802672434
4,1,584295.7779800817,-0.16239999,1.7295135,-0.2982368287080621
4,1,584300.7781739719,-0.16239999,1.7293226,-0.29846258768351247
4,1,584305.7783678621,-0.16239999,1.7293226,-0.29868834465941574
4,1,584310.7785617523,-0.16239999,1.729418,-0.2989141022779407
4,1,584315.7787556425,-0.16239999,1.7294943,-0.2991398587805607
4,1,584320.7789495327,-0.16239999,1.7293226,-0.29936561477252127
4,1,584325.7791434228,-0.16239999,1.7294371,-0.29959137160909205
4,1,584330.779337313,-0.16239999,1.7292844,-0.299817130465608
4,1,584335.7795312032,-0.16239999,1.7292653,-0.3000428892015611
4,1,584340.7797250934,-0.16239999,1.7292272,-0.3002686499132997
4,1,584345.7799189836,-0.16239999,1.7291698,-0.30049441179415365
4,1,584350.7801128738,-0.16239999,1.7289981,-0.3007201728003442
4,1,584355.780306764,-0.16239999,1.7289217,-0.3009459316555339
4,1,584360.7805006541,-0.16239999,1.7291508,-0.3011716889424948
4,1,584365.7806945443,-0.16239999,1.7289407,-0.3013974448474607
4,1,584370.7808884345,-0.16239999,1.7289981,-0.30162320177926566
4,1,584375.7810823247,-0.16239999,1.7289981,-0.3018489594417474
4,1,584380.7812762149,-0.16239999,1.7288454,-0.30207471871497843
4,1,584385.781470105,-0.16239999,1.7288263,-0.3023004764339463
4,1,584390.7816639952,-0.16239999,1.7287499,-0.3025262324188851
4,1,584395.7818578854,-0.16239999,1.7287308,-0.3027519882487707
4,1,584400.7820517756,-0.16239999,1.7287308,-0.30297774174267905
4,1,584405.7822456658,-0.16239999,1.7286544,-0.30320349412243425
4,1,584410.782439556,-0.16239999,1.7286544,-0.30342924683014577
4,1,584415.7826334462,-0.16239999,1.728559,-0.3036550026749714
4,1,584420.7828273363,-0.16239999,1.728349,-0.3038807618709979
4,1,584425.7830212265,-0.16239999,1.7284635,-0.3041065191290977
4,1,584430.7832151167,-0.16239999,1.728349,-0.30433227533306123
4,1,584435.7834090069,-0.16239999,1.7284062,-0.3045580311124634
4,1,584440.7836028971,-0.16239999,1.728368,-0.3047837851633432
4,1,584445.7837967873,-0.16239999,1.7282535,-0.305009543716791
4,1,584450.7839906774,-0.16239999,1.7281772,-0.30523530572079144
4,1,584455.7841845676,-0.16239999,1.7282535,-0.305461067580095
4,1,584460.7843784578,-0.16239999,1.7281389,-0.30568682796542784
4,1,584465.784572348,-0.16239999,1.7280626,-0.3059125892918344
4,1,584470.7847662382,-0.16239999,1.7280245,-0.3061383446257837
4,1,584475.7849601284,-0.16239999,1.7279481,-0.30636409887328436
4,1,584480.7851540186,-0.16239999,1.7276808,-0.3065898547414154
4,1,584485.7853479087,-0.16239999,1.7278526,-0.3068156130015074
4,1,584490.7855417989,-0.16239999,1.7276236,-0.30704137042690915
4,1,584495.7857356891,-0.16239999,1.7276045,-0.3072671295804921
4,1,584500.7859295793,-0.16239999,1.7276617,-0.30749289142588876
4,1,584505.7861234695,-0.16239999,1.7276999,-0.3077186534802369
4,1,584510.7863173597,-0.16239999,1.727299,-0.30794441594216
4,1,584515.7865112498,-0.16239999,1.727509,-0.3081701760782982
4,1,584520.78670514,-0.16239999,1.7274135,-0.3083959366982333
4,1,584525.7868990302,-0.16239999,1.7272799,-0.30862169698144265
4,1,584530.7870929204,-0.16239999,1.7272608,-0.30884745698528177
4,1,584535.7872868106,-0.16239999,1.7273372,-0.30907321618510386
4,1,584540.7874807008,-0.16239999,1.727299,-0.3092989756492527
4,1,584545.787674591,-0.16239999,1.7271653,-0.3095247332427205
4,1,584550.7878684811,-0.16239999,1.7272036,-0.30975048838410124
4,1,584555.7880623713,-0.16239999,1.7269936,-0.3099762469530355
4,1,584560.7882562615,-0.16239999,1.7270508,-0.310202004882652
4,1,584565.7884501517,-0.16239999,1.7268599,-0.3104277624031869
4,1,584570.7886440419,-0.16239999,1.726879,-0.3106535192811391
4,1,584575.788837932,-0.16239999,1.7268027,-0.3108792758176353
4,1,584580.7890318222,-0.16239999,1.7266691,-0.31110503288962044
4,1,584585.7892257124,-0.16239999,1.7266881,-0.31133079328403634
4,1,584590.7894196026,-0.16239999,1.7267263,-0.3115565541936475
4,1,584595.7896134928,-0.16239999,1.7266691,-0.31178231406998397
4,1,584600.789807383,-0.16239999,1.7265927,-0.31200807537691055
4,1,584605.7900012732,-0.16239999,1.7266499,-0.31223383394870086
4,1,584610.7901951633,-0.16239999,1.7265354,-0.31245959277202195
4,1,584615.7903890535,-0.16239999,1.7263063,-0.3126853558106978
4,1,584620.7905829437,-0.16239999,1.72644,-0.3129111169728927
4,1,584625.7907768339,-0.16239999,1.7262491,-0.3131368798168898
4,1,584630.7909707241,-0.16239999,1.7262872,-0.3133626410821056
4,1,584635.7911646143,-0.16239999,1.7261536,-0.3135884016817544
4,1,584640.7913585044,-0.16239999,1.7262491,-0.31381416361352976
4,1,584645.7915523946,-0.16239999,1.7260581,-0.3140399245698453
4,1,584650.7917462848,-0.16239999,1.7260963,-0.3142656888250205
4,1,584655.791940175,-0.16239999,1.7260963,-0.31449145315870575
4,1,584660.7921340652,-0.16239999,1.72602,-0.31471721881630615
4,1,584665.7923279554,-0.16239999,1.7260009,-0.3149429846828788
4,1,584670.7925218455,-0.16239999,1.7258673,-0.31516875042555825
4,1,584675.7927157357,-0.16239999,1.7258482,-0.3153945133394029
4,1,584680.7929096259,-0.16239999,1.7256954,-0.31562027412228794
4,1,584685.7931035161,-0.16239999,1.7257527,-0.3158460351734179
4,1,584690.7932974063,-0.16239999,1.7257718,-0.3160717965766888
4,1,584695.7934912965,-0.16239999,1.7256954,-0.3162975582682467
4,1,584700.7936851867,-0.16239999,1.7255427,-0.31652332164511265
4,1,584705.7938790768,-0.16239999,1.725409,-0.31674908576160105
4,1,584710.794072967,-0.16239999,1.7253709,-0.3169748466613261
4,1,584715.7942668572,-0.16239999,1.72539,-0.31720060779816833
4,1,584720.7944607474,-0.16239999,1.7254281,-0.317426370834984
4,1,584725.7946546376,-0.16239999,1.7251991,-0.31765213277207655
4,1,584730.7948485278,-0.16239999,1.7252945,-0.31787789574387515
4,1,584735.795042418,-0.16239999,1.7252373,-0.318103659843334
4,1,584740.7952363081,-0.16239999,1.7250272,-0.31832942269475684
4,1,584745.7954301983,-0.16239999,1.7250272,-0.3185551854351197
4,1,584750.7956240885,-0.16239999,1.7250272,-0.3187809483139135
4,1,584755.7958179787,-0.16239999,1.724989,-0.31900671178747475
4,1,584760.7960118689,-0.16239999,1.7249128,-0.31923247853190045
4,1,584765.796205759,-0.16239999,1.7248554,-0.31945824466057376
4,1,584770.7963996492,-0.16239999,1.7247409,-0.3196840140402301
4,1,584775.7965935394,-0.16239999,1.7245691,-0.3199097838262312
4,1,584780.7967874296,-0.16239999,1.7245119,-0.32013555131824406
4,1,584785.7969813198,-0.16239999,1.7247218,-0.3203613198792331
4,1,584790.79717521,-0.16239999,1.7245691,-0.32058708866978197
4,1,584795.7973691002,-0.16239999,1.7245119,-0.32081285746460086
4,1,584800.7975629903,-0.16239999,1.72434,-0.3210386272426671
4,1,584805.7977568805,-0.16239999,1.7243209,-0.3212644005231328
4,1,584810.7979507707,-0.16239999,1.7243018,-0.321490167062675
4,1,584815.7981446609,-0.16239999,1.7242063,-0.32171593431542905
4,1,584820.7983385511,-0.16239999,1.7242827,-0.32194170327152816
4,1,584825.7985324413,-0.16239999,1.7240919,-0.3221674698289948
4,1,584830.7987263314,-0.16239999,1.724111,-0.3223932376327358
4,1,584835.7989202216,-0.16239999,1.72413,-0.32261900535635657
4,1,584840.7991141118,-0.16239999,1.72392,-0.3228447721342238
4,1,584845.799308002,-0.16239999,1.7238818,-0.3230705398573628
4,1,584850.7995018922,-0.16239999,1.7238818,-0.32329630790810626
4,1,584855.7996957824,-0.16239999,1.7237101,-0.32352207626416046
4,1,584860.7998896725,-0.16239999,1.7238246,-0.32374784592592226
4,1,584865.8000835627,-0.16239999,1.7237291,-0.3239736130500072
4,1,584870.8002774529,-0.16239999,1.7234237,-0.3241993790216124
4,1,584875.8004713431,-0.16239999,1.7235955,-0.3244251449670602
4,1,584880.8006652333,-0.16239999,1.7232901,-0.3246509112680986
4,1,584885.8008591235,-0.16239999,1.7235,-0.324876678045739
4,1,584890.8010530137,-0.16239999,1.723271,-0.3251024437402637
4,1,584895.8012469038,-0.16239999,1.7234237,-0.3253282064227612
4,1,584900.801440794,-0.16239999,1.723271,-0.3255539683871875
4,1,584905.8016346842,-0.16239999,1.7232137,-0.32577973133200006
4,1,584910.8018285744,-0.16239999,1.7232327,-0.3260054949384614
4,1,584915.8020224646,-0.16239999,1.7232327,-0.3262312602894597
4,1,584920.8022163548,-0.16239999,1.7231182,-0.3264570236302789
4,1,584925.8024102449,-0.16239999,1.7230419,-0.32668278709984994
4,1,584930.8026041351,-0.16239999,1.7230228,-0.3269085500256412
4,1,584935.8027980253,-0.16239999,1.7228892,-0.3271343129291196
4,1,584940.8029919155,-0.16239999,1.7227556,-0.32736007487354435
4,1,584945.8031858057,-0.16239999,1.7227746,-0.32758583931908347
4,1,584950.8033796959,-0.16239999,1.7226601,-0.32781160295180073
4,1,584955.803573586,-0.16239999,1.7226028,-0.32803736905463793
4,1,584960.8037674762,-0.16239999,1.7224883,-0.32826313378034455
4,1,584965.8039613664,-0.16239999,1.7224119,-0.3284888991617147
4,1,584970.8041552566,-0.16239999,1.7224883,-0.32871466394120374
4,1,584975.8043491468,-0.16239999,1.7223928,-0.32894042897718073
4,1,584980.804543037,-0.16239999,1.7223356,-0.3291661910622236
4,1,584985.8047369276,-0.16239999,1.7222782,-0.32939195362138257
4,1,584990.8049308183,-0.16239999,1.7222973,-0.32961771579494914
4,1,584995.8051247089,-0.16239999,1.7221446,-0.32984347885159493
4,1,585000.8053185996,-0.16239999,1.7220683,-0.3300692388632456
4,1,585005.8055124902,-0.16239999,1.7219919,-0.3302949975094076
4,1,585010.8057063809,-0.16239999,1.7219728,-0.3305207602327343
4,1,585015.8059002715,-0.16239999,1.721782,-0.3307465212176998
4,1,585020.8060941622,-0.16239999,1.7218201,-0.3309722809306484
4,1,585025.8062880528,-0.16239999,1.7217437,-0.3311980428507023
4,1,585030.806481943,-0.16239999,1.7216101,-0.3314238066575338
4,1,585035.8066758336,-0.16239999,1.7216483,-0.3316495687521573
4,1,585040.8068697243,-0.16239999,1.7213619,-0.3318753302639409
4,1,585045.807063615,-0.16239999,1.7214192,-0.3321010913925321
4,1,585050.8072575056,-0.16239999,1.7212856,-0.332326851580687
4,1,585055.8074513962,-0.16239999,1.7213428,-0.3325526129942016
4,1,585060.8076452869,-0.16239999,1.7212092,-0.3327783786409846
4,1,585065.8078391775,-0.16239999,1.7213047,-0.3330041457445035
4,1,585070.8080330682,-0.16239999,1.721152,-0.3332299127609822
4,1,585075.8082269588,-0.16239999,1.7211138,-0.3334556774686203
4,1,585080.8084208495,-0.16239999,1.7210565,-0.33368144201664635
4,1,585085.8086147399,-0.16239999,1.7209802,-0.333907205422928
4,1,585090.8088086303,-0.16239999,1.7209038,-0.33413297094699584
4,1,585095.8090025207,-0.16239999,1.7208656,-0.3343587345047031
4,1,585100.8091964112,-0.16239999,1.7207892,-0.3345844997254222
4,1,585105.8093903018,-0.16239999,1.7208656,-0.33481026479713544
4,1,585110.8095841922,-0.16239999,1.7208083,-0.33503602753006756
4,1,585115.8097780827,-0.16239999,1.7206746,-0.33526179005772877
4,1,585120.8099719731,-0.16239999,1.7206174,-0.3354875550066805
4,1,585125.8101658635,-0.16239999,1.720541,-0.33571331945252925
4,1,585130.8103597539,-0.16239999,1.7203692,-0.33593908263164274
4,1,585135.8105536444,-0.16239999,1.7203883,-0.33616484526797064
4,1,585140.810747535,-0.16239999,1.7203883,-0.33639060843856144
4,1,585145.8109414254,-0.16239999,1.7203311,-0.3366163729827587
4,1,585150.8111353159,-0.16239999,1.7203501,-0.3368421343732336
4,1,585155.8113292065,-0.16239999,1.7201593,-0.3370678971892546
4,1,585160.811523097,-0.16239999,1.7200829,-0.3372936604411851
4,1,585165.8117169875,-0.16239999,1.7200257,-0.33751942594428946
4,1,585170.811910878,-0.16239999,1.7200065,-0.3377451906157865
4,1,585175.8121047686,-0.16239999,1.7200065,-0.33797095542990174
4,1,585180.8122986591,-0.16239999,1.7198347,-0.33819672042140536
4,1,585185.8124925497,-0.16239999,1.7198728,-0.33842248810879977
4,1,585190.8126864397,-0.16239999,1.7197584,-0.33864825330195086
4,1,585195.8128803303,-0.16239999,1.7197584,-0.33887401975297854
4,1,585200.8130742207,-0.16239999,1.7195674,-0.3390997869492522
4,1,585205.8132681113,-0.16239999,1.7195293,-0.33932555320385854
4,1,585210.8134620017,-0.16239999,1.7195102,-0.33955131874085226
4,1,585215.8136558923,-0.16239999,1.7194911,-0.3397770842081789
4,1,585220.8138497828,-0.16239999,1.7194529,-0.3400028510543945
4,1,585225.8140436733,-0.16239999,1.7193192,-0.3402286192487512
4,1,585230.8142375639,-0.16239999,1.7193192,-0.34045438907144143
4,1,585235.8144314544,-0.16239999,1.7191284,-0.34068015817928654
4,1,585240.8146253449,-0.16239999,1.7192047,-0.3409059282065929
4,1,585245.8148192354,-0.16239999,1.7191284,-0.3411316991693486
4,1,585250.8150131258,-0.16239999,1.7190329,-0.34135746925469085
4,1,585255.8152070162,-0.16239999,1.7189374,-0.34158323870198276
4,1,585260.8154009066,-0.16239999,1.7188802,-0.3418090080323858
4,1,585265.815594797,-0.16239999,1.718842,-0.3420347792379708
4,1,585270.8157886877,-0.16239999,1.7188039,-0.3422605522449531
4,1,585275.8159825781,-0.16239999,1.718842,-0.34248632424592323
4,1,585280.8161764685,-0.16239999,1.7186129,-0.3427120945101928
4,1,585285.8163703589,-0.16239999,1.7185366,-0.3429378632773303
4,1,585290.8165642493,-0.16239999,1.7185748,-0.34316363099331254
4,1,585295.81675814,-0.16239999,1.7183075,-0.3433893981767174
4,1,585300.8169520306,-0.16239999,1.7182884,-0.3436151663990949
4,1,585305.8171459213,-0.16239999,1.7182693,-0.34384093512670455
4,1,585310.8173398119,-0.16239999,1.7182502,-0.34406670695710606
4,1,585315.8175337026,-0.16239999,1.7181929,-0.34429247770451765
4,1,585320.8177275932,-0.16239999,1.7182502,-0.3445182458153956
4,1,585325.8179214839,-0.16239999,1.718212,-0.34474401445557024
4,1,585330.8181153745,-0.16239999,1.7180212,-0.34496978139847695
4,1,585335.8183092652,-0.16239999,1.7180974,-0.34519554743938574
4,1,585340.8185031558,-0.16239999,1.7178302,-0.3454213144108497
4,1,585345.8186970465,-0.16239999,1.7178493,-0.3456470830231492
4,1,585350.8188909371,-0.16239999,1.7177539,-0.34587285101904486
4,1,585355.8190848273,-0.16239999,1.7176775,-0.3460986207141447
4,1,585360.819278718,-0.16239999,1.7176775,-0.34632439045550273
4,1,585365.8194726086,-0.16239999,1.717582,-0.3465501589212394
4,1,585370.8196664993,-0.16239999,1.7175057,-0.3467759287867341
4,1,585375.8198603899,-0.16239999,1.7174675,-0.3470016977913671
4,1,585380.8200542806,-0.16239999,1.7174675,-0.34722746739368154
4,1,585385.8202481712,-0.16239999,1.7172766,-0.34745323410507556
4,1,585390.8204420619,-0.16239999,1.7171812,-0.3476790005791131
4,1,585395.820635952,-0.16239999,1.7172003,-0.3479047653160751
4,1,585400.8208298422,-0.16239999,1.7172003,-0.34813053021944085
4,1,585405.8210237324,-0.16239999,1.7172766,-0.3483562982411519
4,1,585410.8212176226,-0.16239999,1.7170093,-0.3485820638666304
4,1,585415.8214115128,-0.16239999,1.7170093,-0.34880782907037705
4,1,585420.821605403,-0.16239999,1.7169902,-0.3490335980431572
4,1,585425.8217992932,-0.16239999,1.7168185,-0.3492593687816273
4,1,585430.8219931833,-0.16239999,1.7167039,-0.3494851391711635
4,1,585435.8221870735,-0.16239999,1.7169139,-0.3497109076684989
4,1,585440.8223809637,-0.16239999,1.7166848,-0.3499366780569771
4,1,585445.8225748539,-0.16239999,1.7165321,-0.3501624513936244
4,1,585450.8227687441,-0.16239999,1.7166467,-0.35038822356647115
4,1,585455.8229626343,-0.16239999,1.7164938,-0.3506139939217024
4,1,585460.8231565244,-0.16239999,1.7165893,-0.35083976354760293
4,1,585465.8233504146,-0.16239999,1.7164557,-0.35106553124867496
4,1,585470.8235443048,-0.16239999,1.7164176,-0.35129129827215144
4,1,585475.823738195,-0.16239999,1.716303,-0.3515170655808287
4,1,585480.8239320852,-0.16239999,1.7162458,-0.35174283321019134
4,1,585485.8241259754,-0.16239999,1.7162075,-0.35196859719323487
4,1,585490.8243198656,-0.16239999,1.7162648,-0.35219436489192435
4,1,585495.8245137557,-0.16239999,1.716093,-0.3524201326019238
4,1,585500.8247076459,-0.16239999,1.7161121,-0.35264589880522956
4,1,585505.8249015361,-0.16239999,1.7159976,-0.3528716652082109
4,1,585510.8250954263,-0.16239999,1.7159021,-0.35309743271162564
4,1,585515.8252893165,-0.16239999,1.715883,-0.35332320095510406
4,1,585520.8254832067,-0.16239999,1.715673,-0.3535489669341308
4,1,585525.8256770968,-0.16239999,1.7156348,-0.3537747313983618
4,1,585530.825870987,-0.16239999,1.7155393,-0.35400049604547473
4,1,585535.8260648772,-0.16239999,1.7155393,-0.3542262603107653
4,1,585540.8262587674,-0.16239999,1.7154249,-0.3544520236576029
4,1,585545.8264526576,-0.16239999,1.7153676,-0.35467778570727126
4,1,585550.8266465478,-0.16239999,1.7155776,-0.35490354601432583
4,1,585555.826840438,-0.16239999,1.7150621,-0.35512930765882583
4,1,585560.8270343281,-0.16239999,1.7151003,-0.3553550687039829
4,1,585565.8272282183,-0.16239999,1.7151958,-0.35558083439143123
4,1,585570.8274221085,-0.16239999,1.7149667,-0.35580660127404784
4,1,585575.8276159987,-0.16239999,1.7150621,-0.3560323672707333
4,1,585580.8278098889,-0.16239999,1.7149476,-0.35625813424185865
4,1,585585.828003779,-0.16239999,1.7148904,-0.35648389970741956
4,1,585590.8281976692,-0.16239999,1.7147185,-0.3567096646256409
4,1,585595.8283915594,-0.16239999,1.7147375,-0.35693542757234265
4,1,585600.8285854496,-0.16239999,1.7146039,-0.35716119191203965
4,1,585605.8287793398,-0.16239999,1.7145658,-0.3573869562300596
4,1,585610.82897323,-0.16239999,1.7144703,-0.3576127231990558
4,1,585615.8291671202,-0.16239999,1.7144703,-0.3578384906019266
4,1,585620.8293610103,-0.16239999,1.7142794,-0.35806425633545175
4,1,585625.8295549005,-0.16239999,1.7143368,-0.3582900241049217
4,1,585630.8297487907,-0.16239999,1.7142222,-0.35851579359893043
4,1,585635.8299426809,-0.16239999,1.7141839,-0.3587415609130052
4,1,585640.8301365711,-0.16239999,1.7142222,-0.35896733069825376
4,1,585645.8303304613,-0.16239999,1.7141458,-0.3591931021925943
4,1,585650.8305243514,-0.16239999,1.7138404,-0.35941887129989053
4,1,585655.8307182416,-0.16239999,1.7138404,-0.35964463991107415
4,1,585660.8309121318,-0.16239999,1.7139549,-0.3598704057587662
4,1,585665.831106022,-0.16239999,1.7138976,-0.36009617161962343
4,1,585670.8312999122,-0.16239999,1.7136494,-0.36032193708171895
4,1,585675.8314938024,-0.16239999,1.7137067,-0.3605477032514797
4,1,585680.8316876926,-0.16239999,1.7136112,-0.3607734736835496
4,1,585685.8318815827,-0.16239999,1.7135922,-0.36099924044522014
4,1,585690.8320754729,-0.16239999,1.7134776,-0.3612250106935579
4,1,585695.8322693631,-0.16239999,1.7133058,-0.3614507799501348
4,1,585700.8324632533,-0.16239999,1.713363,-0.3616765467100321
4,1,585705.8326571435,-0.16239999,1.7130958,-0.3619023144012246
4,1,585710.8328510337,-0.16239999,1.7131913,-0.3621280813982341
4,1,585715.8330449238,-0.16239999,1.7129622,-0.36235384934181175
4,1,585720.833238814,-0.16239999,1.7129049,-0.3625796152034223
4,1,585725.8334327042,-0.16239999,1.7130386,-0.3628053806732416
4,1,585730.8336265944,-0.16239999,1.7129622,-0.3630311452691144
4,1,585735.8338204846,-0.16239999,1.7128668,-0.3632569091499161
4,1,585740.8340143748,-0.16239999,1.7128094,-0.36348267297510417
4,1,585745.834208265,-0.16239999,1.7127141,-0.3637084367401561
4,1,585750.8344021551,-0.16239999,1.7126377,-0.363934199873499
4,1,585755.8345960453,-0.16239999,1.7124659,-0.3641599616301584
4,1,585760.8347899355,-0.16239999,1.712504,-0.3643857220756646
4,1,585765.8349838257,-0.16239999,1.7124468,-0.36461148629851997
4,1,585770.8351777159,-0.16239999,1.7123322,-0.3648372497288513
4,1,585775.835371606,-0.16239999,1.712294,-0.36506301428197846
4,1,585780.8355654962,-0.16239999,1.7122749,-0.36528878137057713
4,1,585785.8357593864,-0.16239999,1.7121986,-0.36551454938302874
4,1,585790.8359532766,-0.16239999,1.7120076,-0.3657403200789833
4,1,585795.8361471668,-0.16239999,1.7120459,-0.36596608866757013
4,1,585800.836341057,-0.16239999,1.7118549,-0.36619185824218664
4,1,585805.8365349472,-0.16239999,1.7119886,-0.36641762656031157
4,1,585810.8367288373,-0.16239999,1.7117594,-0.3666433951537479
4,1,585815.8369227275,-0.16239999,1.7117977,-0.36686916387334323
4,1,585820.8371166177,-0.16239999,1.7117213,-0.36709493375978147
4,1,585825.8373105079,-0.16239999,1.711645,-0.36732070293570085
4,1,585830.8375043981,-0.16239999,1.7115304,-0.36754647172762805
4,1,585835.8376982883,-0.16239999,1.7115686,-0.36777224203828746
4,1,585840.8378921784,-0.16239999,1.7114922,-0.36799801423483197
4,1,585845.8380860686,-0.16239999,1.7113587,-0.3682237861742321
4,1,585850.8382799588,-0.16239999,1.7114731,-0.3684495563384967
4,1,585855.838473849,-0.16239999,1.7111486,-0.36867532634273603
4,1,585860.8386677392,-0.16239999,1.7113013,-0.36890109514430763
4,1,585865.8388616294,-0.16239999,1.7112058,-0.3691268610613505
4,1,585870.8390555196,-0.16239999,1.7111295,-0.3693526277795237
4,1,585875.8392494097,-0.16239999,1.7111677,-0.36957839617625393
4,1,585880.8394432999,-0.16239999,1.711034,-0.3698041625960943
4,1,585885.8396371901,-0.16239999,1.7108814,-0.3700299272517522
4,1,585890.8398310803,-0.16239999,1.7108814,-0.37025569553989435
4,1,585895.8400249705,-0.16239999,1.7108049,-0.3704814654362841
4,1,585900.8402188607,-0.16239999,1.710595,-0.37070723723300397
4,1,585905.8404127508,-0.16239999,1.7105186,-0.3709330064629831
4,1,585910.840606641,-0.16239999,1.7106141,-0.3711587751817382
4,1,585915.8408005312,-0.16239999,1.7105569,-0.3713845418588371
4,1,585920.8409944214,-0.16239999,1.7105759,-0.371610306389192
4,1,585925.8411883116,-0.16239999,1.710385,-0.3718360760080526
4,1,585930.8413822018,-0.16239999,1.7103468,-0.37206184451988517
4,1,585935.841576092,-0.16239999,1.7102132,-0.372287611539114
4,1,585940.8417699821,-0.16239999,1.7102323,-0.3725133763061995
4,1,585945.8419638723,-0.16239999,1.7100414,-0.3727391409423485
4,1,585950.8421577625,-0.16239999,1.7098696,-0.3729649061872182
4,1,585955.8423516527,-0.16239999,1.7099268,-0.3731906733332154
4,1,585960.8425455429,-0.16239999,1.7097932,-0.37341643905908795
4,1,585965.842739433,-0.16239999,1.7098504,-0.37364220575645746
4,1,585970.8429333232,-0.16239999,1.7097168,-0.3738679715815709
4,1,585975.8431272134,-0.16239999,1.7095641,-0.37409373781676103
4,1,585980.8433211036,-0.16239999,1.7096405,-0.3743195034121218
4,1,585985.8435149938,-0.16239999,1.7096214,-0.37454527042967667
4,1,585990.843708884,-0.16239999,1.709526,-0.3747710410602002
4,1,585995.8439027742,-0.16239999,1.7094114,-0.3749968091190383
4,1,586000.8440966643,-0.16239999,1.7094114,-0.3752225783668161
4,1,586005.8442905545,-0.16239999,1.7092015,-0.37544834672407895
4,1,586010.8444844447,-0.16239999,1.7091632,-0.3756741155128339
4,1,586015.8446783349,-0.16239999,1.709106,-0.3758998808421651
4,1,586020.8448722251,-0.16239999,1.7090296,-0.3761256443592294
4,1,586025.8450661153,-0.16239999,1.708915,-0.3763514066845999
4,1,586030.8452600054,-0.16239999,1.709125,-0.3765771719888284
4,1,586035.8454538956,-0.16239999,1.7088959,-0.3768029405013158
4,1,586040.8456477858,-0.16239999,1.7088196,-0.3770287076939428
4,1,586045.845841676,-0.16239999,1.7089533,-0.3772544758451218
4,1,586050.8460355662,-0.16239999,1.7086096,-0.37748024231380317
4,1,586055.8462294564,-0.16239999,1.7085714,-0.3777060074389876
4,1,586060.8464233465,-0.16239999,1.7085714,-0.3779317706064045
4,1,586065.8466172367,-0.16239999,1.7083614,-0.37815753388851725
4,1,586070.8468111269,-0.16239999,1.7084569,-0.3783832991354897
4,1,586075.8470050171,-0.16239999,1.7083232,-0.3786090644149268
4,1,586080.8471989073,-0.16239999,1.708247,-0.37883482861520446
4,1,586085.8473927975,-0.16239999,1.7081515,-0.3790605938639137
4,1,586090.8475866877,-0.16239999,1.7083806,-0.37928636184320363
4,1,586095.8477805778,-0.16239999,1.7080178,-0.37951213069461714
4,1,586100.847974468,-0.16239999,1.7079605,-0.379737898687939
4,1,586105.8481683582,-0.16239999,1.7080178,-0.37996366741664805
4,1,586110.8483622484,-0.16239999,1.7079414,-0.3801894337816952
4,1,586115.8485561386,-0.16239999,1.7076169,-0.3804151979451148
4,1,586120.8487500288,-0.16239999,1.7076932,-0.3806409623034582
4,1,586125.848943919,-0.16239999,1.7076551,-0.380866726373469
4,1,586130.8491378091,-0.16239999,1.7075788,-0.3810924899107079
4,1,586135.8493316993,-0.16239999,1.7075405,-0.3813182527928503
4,1,586140.8495255895,-0.16239999,1.7075214,-0.3815440162418983
4,1,586145.8497194797,-0.16239999,1.7075596,-0.38176977920157396
4,1,586150.8499133699,-0.16239999,1.7073687,-0.3819955428409437
4,1,586155.85010726,-0.16239999,1.707216,-0.3822213065777373
4,1,586160.8503011502,-0.16239999,1.7072351,-0.38244707036439013
4,1,586165.8504950404,-0.16239999,1.7070824,-0.382672833279306
4,1,586170.8506889306,-0.16239999,1.7070442,-0.3828985989480078
4,1,586175.8508828208,-0.16239999,1.7069488,-0.38312436377556225
4,1,586180.851076711,-0.16239999,1.706777,-0.3833501297276651
4,1,586185.8512706012,-0.16239999,1.7067387,-0.38357589374849216
4,1,586190.8514644913,-0.16239999,1.7066815,-0.38380166008940436
4,1,586195.8516583815,-0.16239999,1.7066243,-0.38402742707153426
4,1,586200.8518522717,-0.16239999,1.706586,-0.38425319433170074
4,1,586205.8520461619,-0.16239999,1.7064142,-0.3844789579873401
4,1,586210.8522400521,-0.16239999,1.7065479,-0.3847047217410953
4,1,586215.8524339423,-0.16239999,1.7062806,-0.3849304853020957
4,1,586220.8526278324,-0.16239999,1.7062615,-0.38515624771043505
4,1,586225.8528217226,-0.16239999,1.7061851,-0.3853820093896829
4,1,586230.8530156128,-0.16239999,1.706166,-0.3856077723091461
4,1,586235.853209503,-0.16239999,1.7061088,-0.38583353666991754
4,1,586240.8534033932,-0.16239999,1.7058988,-0.3860593020572564
4,1,586245.8535972834,-0.16239999,1.7058988,-0.38628506407298824
4,1,586250.8537911735,-0.16239999,1.7057651,-0.3865108247961602
4,1,586255.8539850637,-0.16239999,1.705727,-0.3867365861208366
4,1,586260.8541789539,-0.16239999,1.7055933,-0.38696234651165967
4,1,586265.8543728441,-0.16239999,1.7055743,-0.3871881085082832
4,1,586270.8545667343,-0.16239999,1.7055552,-0.3874138750638334
4,1,586275.8547606245,-0.16239999,1.7055743,-0.38763964008674373
4,1,586280.8549545147,-0.16239999,1.7054025,-0.3878654036123448
4,1,586285.8551484048,-0.16239999,1.7054216,-0.3880911662454309
4,1,586290.855342295,-0.16239999,1.7053261,-0.3883169282066476
4,1,586295.8555361852,-0.16239999,1.7052689,-0.38854269210870246
4,1,586300.8557300754,-0.16239999,1.7051924,-0.3887684582544401
4,1,586305.8559239656,-0.16239999,1.7052689,-0.38899422477610923
4,1,586310.8561178558,-0.16239999,1.7051352,-0.3892199930776649
4,1,586315.8563117459,-0.16239999,1.7048488,-0.38944576005017445
4,1,586320.8565056361,-0.16239999,1.7048297,-0.38967152699465657
4,1,586325.8566995263,-0.16239999,1.7049443,-0.38989729397286577
4,1,586330.8568934165,-0.16239999,1.7045624,-0.39012305930248914
4,1,586335.8570873067,-0.16239999,1.7046007,-0.39034882725417713
4,1,586340.8572811969,-0.16239999,1.7046007,-0.3905745920162583
4,1,586345.857475087,-0.16239999,1.7044288,-0.39080035506772265
4,1,586350.8576689772,-0.16239999,1.7045243,-0.39102612070373877
4,1,586355.8578628674,-0.16239999,1.7042952,-0.3912518883786195
4,1,586360.8580567576,-0.16239999,1.7043142,-0.3914776540607688
4,1,586365.8582506478,-0.16239999,1.7041998,-0.3917034190691339
4,1,586370.858444538,-0.16239999,1.7041234,-0.39192918652075387
4,1,586375.8586384282,-0.16239999,1.7041234,-0.3921549543574695
4,1,586380.8588323183,-0.16239999,1.704047,-0.39238072089993814
4,1,586385.8590262085,-0.16239999,1.7040662,-0.3926064892323914
4,1,586390.8592200987,-0.16239999,1.703818,-0.3928322560391139
4,1,586395.8594139889,-0.16239999,1.7037989,-0.3930580238630642
4,1,586400.8596078791,-0.16239999,1.7037034,-0.393283794460253
4,1,586405.8598017693,-0.16239999,1.7035316,-0.3935095634457546
4,1,586410.8599956594,-0.16239999,1.7034361,-0.3937353313114778
4,1,586415.8601895496,-0.16239999,1.7034743,-0.39396109885576225
4,1,586420.8603834398,-0.16239999,1.703398,-0.3941868684063473
4,1,586425.86057733,-0.16239999,1.7033216,-0.3944126344797034
4,1,586430.8607712202,-0.16239999,1.703188,-0.3946383998872764
4,1,586435.8609651104,-0.16239999,1.7029588,-0.3948641656401093
4,1,586440.8611590005,-0.16239999,1.7030543,-0.39508993337949466
4,1,586445.8613528907,-0.16239999,1.702978,-0.39531570114071934
4,1,586450.8615467809,-0.16239999,1.702978,-0.39554146854636424
4,1,586455.8617406711,-0.16239999,1.7028825,-0.3957672331630441
4,1,586460.8619345613,-0.16239999,1.7027298,-0.3959929979262586
4,1,586465.8621284515,-0.16239999,1.7027107,-0.3962187613259183
4,1,586470.8623223417,-0.16239999,1.7025579,-0.3964445267759613
4,1,586475.8625162318,-0.16239999,1.7025198,-0.3966702933391558
4,1,586480.862710122,-0.16239999,1.7024244,-0.39689605954248564
4,1,586485.8629040122,-0.16239999,1.7023289,-0.39712182492385995
4,1,586490.8630979024,-0.16239999,1.7020617,-0.39734758710454343
4,1,586495.8632917926,-0.16239999,1.7021189,-0.39757334768718006
4,1,586500.8634856828,-0.16239999,1.7020807,-0.3977991118539491
4,1,586505.8636795729,-0.16239999,1.7018325,-0.3980248778765096
4,1,586510.8638734631,-0.16239999,1.7018516,-0.39825064108738406
4,1,586515.8640673533,-0.16239999,1.7017753,-0.39847640712898164
4,1,586520.8642612435,-0.16239999,1.7015843,-0.3987021723513746
4,1,586525.8644551337,-0.16239999,1.7017562,-0.3989279388777897
4,1,586530.8646490239,-0.16239999,1.7016608,-0.3991537048857222
4,1,586535.864842914,-0.16239999,1.7016226,-0.39937946892672216
4,1,586540.8650368042,-0.16239999,1.701489,-0.39960523267308723
4,1,586545.8652306944,-0.16239999,1.7013553,-0.3998309949580921
4,1,586550.8654245846,-0.16239999,1.7012789,-0.4000567594895215
4,1,586555.8656184748,-0.16239999,1.7012025,-0.4002825241767385
4,1,586560.865812365,-0.16239999,1.7011453,-0.40050828816436745
4,1,586565.8660062551,-0.16239999,1.7011453,-0.40073405561247405
4,1,586570.8662001453,-0.16239999,1.7011262,-0.4009598226597344
4,1,586575.8663940355,-0.16239999,1.7009735,-0.4011855884958251
4,1,586580.8665879257,-0.16239999,1.7008017,-0.4014113523372844
4,1,586585.8667818159,-0.16239999,1.7007253,-0.4016371172484352
4,1,586590.8669757061,-0.16239999,1.7007444,-0.401862881118489
4,1,586595.8671695963,-0.16239999,1.7007253,-0.4020886440520512
4,1,586600.8673634869,-0.16239999,1.7007635,-0.4023144068836853
4,1,586605.8675573776,-0.16239999,1.7007825,-0.402540169677136
4,1,586610.8677512682,-0.16239999,1.7005535,-0.40276593339200584
4,1,586615.8679451589,-0.16239999,1.7006681,-0.40299169860844747
4,1,586620.8681390495,-0.16239999,1.7004771,-0.40321746553428905
4,1,586625.8683329402,-0.16239999,1.7002672,-0.4034432303597482
4,1,586630.8685268308,-0.16239999,1.7001336,-0.4036689958243728
4,1,586635.8687207215,-0.16239999,1.7001336,-0.40389475979494655
4,1,586640.8689146121,-0.16239999,1.6999999,-0.40412052272489274
4,1,586645.8691085028,-0.16239999,1.6999807,-0.4043462830849466
4,1,586650.8693023934,-0.16239999,1.6999426,-0.40457204437304306
4,1,586655.869496284,-0.16239999,1.6999807,-0.40479780668912596
4,1,586660.8696901747,-0.16239999,1.6996753,-0.40502356633498204
4,1,586665.8698840654,-0.16239999,1.6995417,-0.40524932636713584
4,1,586670.870077956,-0.16239999,1.6994463,-0.4054750868493039
4,1,586675.8702718467,-0.16239999,1.6995035,-0.4057008484003951
4,1,586680.8704657373,-0.16239999,1.6995798,-0.40592660783651735
4,1,586685.870659628,-0.16239999,1.6993508,-0.406152370583565
4,1,586690.8708535186,-0.16239999,1.699389,-0.4063781361985117
4,1,586695.8710474093,-0.16239999,1.6994654,-0.40660390383913797
4,1,586700.8712412997,-0.16239999,1.6993318,-0.40682966870745785
4,1,586705.8714351901,-0.16239999,1.6992553,-0.40705543390566706
4,1,586710.8716290805,-0.16239999,1.6992172,-0.4072812034965838
4,1,586715.8718229709,-0.16239999,1.6990454,-0.40750697334130126
4,1,586720.8720168613,-0.16239999,1.6990072,-0.4077327453816096
4,1,586725.8722107518,-0.16239999,1.6989118,-0.40795851498014823
4,1,586730.8724046422,-0.16239999,1.6986827,-0.4081842844709722
4,1,586735.8725985326,-0.16239999,1.6988544,-0.40841005346936
4,1,586740.872792423,-0.16239999,1.6987399,-0.40863582162054224
4,1,586745.872986313,-0.16239999,1.698549,-0.4088615878557564
4,1,586750.8731802035,-0.16239999,1.6986636,-0.40908735434215693
4,1,586755.873374094,-0.16239999,1.6983199,-0.40931312023090416
4,1,586760.8735679846,-0.16239999,1.6984345,-0.40953888457596727
4,1,586765.8737618751,-0.16239999,1.6984535,-0.40976464594476847
4,1,586770.8739557656,-0.16239999,1.6981672,-0.40999040857746133
4,1,586775.8741496562,-0.16239999,1.6980908,-0.4102161743856711
4,1,586780.8743435467,-0.16239999,1.6979764,-0.4104419373842868
4,1,586785.8745374372,-0.16239999,1.6979573,-0.41066770054712987
4,1,586790.8747313278,-0.16239999,1.6979764,-0.41089346200279986
4,1,586795.8749252183,-0.16239999,1.6978045,-0.4111192236424189
4,1,586800.8751191088,-0.16239999,1.6978236,-0.4113449858441503
4,1,586805.8753129994,-0.16239999,1.6977282,-0.4115707467686692
4,1,586810.8755068898,-0.16239999,1.6976136,-0.4117965107255132
4,1,586815.8757007804,-0.16239999,1.6975945,-0.41202227962717675
4,1,586820.8758946708,-0.16239999,1.6974227,-0.41224804858050096
4,1,586825.8760885616,-0.16239999,1.6973082,-0.4124738165704179
4,1,586830.8762824521,-0.16239999,1.6973463,-0.4126995841193846
4,1,586835.8764763427,-0.16239999,1.6972699,-0.4129253528116678
4,1,586840.8766702332,-0.16239999,1.6970791,-0.41315112015706484
4,1,586845.8768641237,-0.16239999,1.6971172,-0.4133768898842328
4,1,586850.8770580143,-0.16239999,1.6969836,-0.41360265967298565
4,1,586855.8772519047,-0.16239999,1.696869,-0.41382843025430394
4,1,586860.8774457949,-0.16239999,1.6966591,-0.4140542009474993
4,1,586865.8776396853,-0.16239999,1.6966972,-0.41427996923838656
4,1,586870.8778335757,-0.16239999,1.6966591,-0.41450573895524295
4,1,586875.8780274661,-0.16239999,1.6965445,-0.414731510216228
4,1,586880.8782213565,-0.16239999,1.6963727,-0.41495728002298804
4,1,586885.878415247,-0.16239999,1.6963346,-0.41518304729455974
4,1,586890.8786091374,-0.16239999,1.6963537,-0.4154088147440902
4,1,586895.8788030278,-0.16239999,1.6963154,-0.4156345817464724
4,1,586900.8789969184,-0.16239999,1.6961627,-0.4158603498962589
4,1,586905.8791908091,-0.16239999,1.6961436,-0.41608611404588003
4,1,586910.8793846993,-0.16239999,1.6961818,-0.4163118807901435
4,1,586915.8795785899,-0.16239999,1.6959337,-0.4165376501616944
4,1,586920.8797724806,-0.16239999,1.6958764,-0.41676341866958894
4,1,586925.8799663712,-0.16239999,1.6958382,-0.41698918831891907
4,1,586930.8801602619,-0.16239999,1.6957618,-0.41721495911647305
4,1,586935.8803541525,-0.16239999,1.6956472,-0.41744072905164636
4,1,586940.8805480432,-0.16239999,1.6954564,-0.41766650162195756
4,1,586945.8807419338,-0.16239999,1.6956282,-0.41789227196795503
4,1,586950.8809358245,-0.16239999,1.6954182,-0.4181180449243578
4,1,586955.8811297151,-0.16239999,1.6953037,-0.41834381678371635
4,1,586960.8813236058,-0.16239999,1.6952273,-0.4185695888387677
4,1,586965.8815174964,-0.16239999,1.6951319,-0.41879536145828666
4,1,586970.8817113871,-0.16239999,1.69517,-0.419021133924202
4,1,586975.8819052777,-0.16239999,1.6949409,-0.41924690426671424
4,1,586980.8820991684,-0.16239999,1.6948837,-0.4194726762629988
4,1,586985.882293059,-0.16239999,1.6947501,-0.41969844716563826
4,1,586990.8824869497,-0.16239999,1.694731,-0.4199242169320534
4,1,586995.8826808403,-0.16239999,1.6945974,-0.42014998721448255
4,1,587000.882874731,-0.16239999,1.6944828,-0.4203757565743568
4,1,587005.8830686212,-0.16239999,1.6945591,-0.42060152532031225
4,1,587010.8832625113,-0.16239999,1.6945783,-0.4208272951890901
4,1,587015.8834564015,-0.16239999,1.6944255,-0.42105306534648773
4,1,587020.8836502917,-0.16239999,1.69412,-0.4212788371881446
4,1,587025.8838441819,-0.16239999,1.6942346,-0.4215046076788522
4,1,587030.8840380721,-0.16239999,1.6939483,-0.42173037786320433
4,1,587035.8842319623,-0.16239999,1.6940438,-0.42195614816781796
4,1,587040.8844258524,-0.16239999,1.6938146,-0.4221819199961507
4,1,587045.8846197426,-0.16239999,1.6938337,-0.4224076897184609
4,1,587050.8848136328,-0.16239999,1.693681,-0.4226334580487559
4,1,587055.885007523,-0.16239999,1.6936619,-0.4228592251940626
4,1,587060.8852014132,-0.16239999,1.6936429,-0.4230849946665532
4,1,587065.8853953034,-0.16239999,1.693471,-0.4233107657220678
4,1,587070.8855891936,-0.16239999,1.6933756,-0.423536536033041
4,1,587075.8857830837,-0.16239999,1.693471,-0.4237623040815783
4,1,587080.8859769739,-0.16239999,1.6933373,-0.4239880720236617
4,1,587085.8861708641,-0.16239999,1.6932229,-0.42421383855863254
4,1,587090.8863647543,-0.16239999,1.6930892,-0.42443960663617
4,1,587095.8865586445,-0.16239999,1.6929364,-0.42466537518861486
4,1,587100.8867525347,-0.16239999,1.6930128,-0.42489114327677596
4,1,587105.8869464248,-0.16239999,1.6928028,-0.42511691040072763
4,1,587110.887140315,-0.16239999,1.6926692,-0.4253426777189813
4,1,587115.8873342052,-0.16239999,1.6927074,-0.42556844384194586
4,1,587120.8875280954,-0.16239999,1.6925355,-0.425794210486148
4,1,587125.8877219856,-0.16239999,1.6925547,-0.4260199806262702
4,1,587130.8879158758,-0.16239999,1.6924402,-0.4262457513704474
4,1,587135.888109766,-0.16239999,1.6923637,-0.4264715196165534
4,1,587140.8883036561,-0.16239999,1.6922683,-0.4266972850845291
4,1,587145.8884975463,-0.16239999,1.6922301,-0.42692304933853287
4,1,587150.8886914365,-0.16239999,1.6919819,-0.4271488138561597
4,1,587155.8888853267,-0.16239999,1.6920011,-0.4273745791508316
4,1,587160.8890792169,-0.16239999,1.6920011,-0.42760034573729344
4,1,587165.889273107,-0.16239999,1.6918483,-0.4278261122569451
4,1,587170.8894669972,-0.16239999,1.6917146,-0.4280518801529996
4,1,587175.8896608874,-0.16239999,1.691772,-0.42827764821678493
4,1,587180.8898547776,-0.16239999,1.691581,-0.42850341804275177
4,1,587185.8900486678,-0.16239999,1.6914474,-0.4287291843424002
4,1,587190.890242558,-0.16239999,1.6914474,-0.42895494982852966
4,1,587195.8904364482,-0.16239999,1.6913711,-0.4291807159465826
4,1,587200.8906303383,-0.16239999,1.6912756,-0.42940648392040215
4,1,587205.8908242285,-0.16239999,1.6911993,-0.429632251511136
4,1,587210.8910181187,-0.16239999,1.6910465,-0.42985801967255455
4,1,587215.8912120089,-0.16239999,1.690932,-0.4300837873772641
4,1,587220.8914058991,-0.16239999,1.6908365,-0.4303095539256684
4,1,587225.8915997893,-0.16239999,1.6906456,-0.43053532131931455
4,1,587230.8917936794,-0.16239999,1.6907792,-0.43076108744089325
4,1,587235.8919875696,-0.16239999,1.6906648,-0.4309868570429453
4,1,587240.8921814598,-0.16239999,1.6905121,-0.43121262719402237
4,1,587245.89237535,-0.16239999,1.6903975,-0.4314383984116186
4,1,587250.8925692402,-0.16239999,1.6903402,-0.43166416961882537
4,1,587255.8927631304,-0.16239999,1.6902639,-0.4318899378364875
4,1,587260.8929570206,-0.16239999,1.6902448,-0.4321157076443875
4,1,587265.8931509107,-0.16239999,1.6901875,-0.4323414776660049
4,1,587270.8933448009,-0.16239999,1.6900157,-0.4325672464214367
4,1,587275.8935386911,-0.16239999,1.6899393,-0.4327930158214199
4,1,587280.8937325813,-0.16239999,1.689863,-0.4330187872388605
4,1,587285.8939264715,-0.16239999,1.689882,-0.4332445585694067
4,1,587290.8941203617,-0.16239999,1.6897293,-0.43347033109376104
4,1,587295.8943142518,-0.16239999,1.6896911,-0.4336961023456581
4,1,587300.894508142,-0.16239999,1.6897103,-0.4339218735344843
4,1,587305.8947020322,-0.16239999,1.6895574,-0.4341476455626764
4,1,587310.8948959224,-0.16239999,1.6893475,-0.43437341564432724
4,1,587315.8950898126,-0.16239999,1.6893094,-0.4345991858194481
4,1,587320.8952837028,-0.16239999,1.6891375,-0.434824957075592
4,1,587325.895477593,-0.16239999,1.6892711,-0.4350507298900703
4,1,587330.8956714831,-0.16239999,1.6890802,-0.4352765023817075
4,1,587335.8958653733,-0.16239999,1.6890612,-0.4355022730656302
4,1,587340.8960592635,-0.16239999,1.6889085,-0.4357280425239788
4,1,587345.8962531537,-0.16239999,1.6888894,-0.435953811872192
4,1,587350.8964470439,-0.16239999,1.6885839,-0.43617958195181883
4,1,587355.896640934,-0.16239999,1.6885076,-0.4364053486848808
4,1,587360.8968348242,-0.16239999,1.6885648,-0.43663111863051224
4,1,587365.8970287144,-0.16239999,1.6884693,-0.43685688679302104
4,1,587370.8972226046,-0.16239999,1.6882212,-0.43708265224765774
4,1,587375.8974164948,-0.16239999,1.6882594,-0.4373084171442261
4,1,587380.897610385,-0.16239999,1.688183,-0.4375341815836897
4,1,587385.8978042752,-0.16239999,1.6881257,-0.4377599478421819
4,1,587390.8979981653,-0.16239999,1.687954,-0.43798571392119795
4,1,587395.8981920555,-0.16239999,1.6878011,-0.43821148229382473
4,1,587400.8983859457,-0.16239999,1.687763,-0.43843724876186535
4,1,587405.8985798359,-0.16239999,1.6878011,-0.438663016940407
4,1,587410.8987737261,-0.16239999,1.6876867,-0.43888878572790196
4,1,587415.8989676163,-0.16239999,1.687534,-0.4391145525252906
4,1,587420.8991615064,-0.16239999,1.6874385,-0.4393403186734041
4,1,587425.8993553966,-0.16239999,1.6874194,-0.4395660873902858
4,1,587430.8995492868,-0.16239999,1.6873049,-0.4397918546684438
4,1,587435.899743177,-0.16239999,1.6872667,-0.44001762546725115
4,1,587440.8999370672,-0.16239999,1.6872284,-0.4402433980733152
4,1,587445.9001309574,-0.16239999,1.6871139,-0.44046917094652477
4,1,587450.9003248475,-0.16239999,1.6871331,-0.4406949457497957
4,1,587455.9005187377,-0.16239999,1.6870757,-0.44092071826698837
4,1,587460.9007126279,-0.16239999,1.6869421,-0.4411464873937331
4,1,587465.9009065181,-0.16239999,1.6868658,-0.44137225807589164
4,1,587470.9011004083,-0.16239999,1.6867703,-0.4415980272545934
4,1,587475.9012942985,-0.16239999,1.6865985,-0.44182379919247944
4,1,587480.9014881887,-0.16239999,1.686713,-0.4420495695746371
4,1,587485.9016820788,-0.16239999,1.6865221,-0.44227534061911244
4,1,587490.901875969,-0.16239999,1.6864649,-0.4425011116678106
4,1,587495.9020698592,-0.16239999,1.6863885,-0.4427268819636872
4,1,587500.9022637494,-0.16239999,1.6863885,-0.44295265205985096
4,1,587505.9024576396,-0.16239999,1.6862739,-0.4431784208618083
4,1,587510.9026515298,-0.16239999,1.6862167,-0.44340419012833837
4,1,587515.90284542,-0.16239999,1.6861403,-0.44362995954411844
4,1,587520.9030393101,-0.16239999,1.6859876,-0.4438557262969145
4,1,587525.9032332003,-0.16239999,1.6857777,-0.4440814923724925
4,1,587530.9034270905,-0.16239999,1.6858158,-0.4443072592036157
4,1,587535.9036209807,-0.16239999,1.685644,-0.4445330271421435
4,1,587540.9038148709,-0.16239999,1.6857013,-0.4447587990545742
4,1,587545.904008761,-0.16239999,1.6855867,-0.4449845685684561
4,1,587550.9042026512,-0.16239999,1.6853576,-0.4452103410682939
4,1,587555.9043965414,-0.16239999,1.6852813,-0.44543611262872856
4,1,587560.9045904316,-0.16239999,1.6853004,-0.4456618808652084
4,1,587565.9047843218,-0.16239999,1.6852431,-0.4458876493981816
4,1,587570.904978212,-0.16239999,1.6851286,-0.4461134172974208
4,1,587575.9051721022,-0.16239999,1.6850903,-0.4463391862327891
4,1,587580.9053659923,-0.16239999,1.6848422,-0.44656495131305646
4,1,587585.9055598825,-0.16239999,1.6846894,-0.4467907164871382
4,1,587590.9057537727,-0.16239999,1.6846894,-0.4470164822439621
4,1,587595.9059476629,-0.16239999,1.6845176,-0.4472422467435726
4,1,587600.9061415531,-0.16239999,1.6844223,-0.4474680138219441
4,1,587605.9063354433,-0.16239999,1.6842122,-0.4476937800065332
4,1,587610.9065293334,-0.16239999,1.6842313,-0.4479195453779883
4,1,587615.9067232236,-0.16239999,1.6839831,-0.44814530996788987
4,1,587620.9069171138,-0.16239999,1.683964,-0.44837107530987297
4,1,587625.907111004,-0.16239999,1.6839831,-0.4485968403288626
4,1,587630.9073048942,-0.16239999,1.6837922,-0.4488226068329947
4,1,587635.9074987844,-0.16239999,1.6837158,-0.44904837261540476
4,1,587640.9076926745,-0.16239999,1.6836967,-0.4492741441092875
4,1,587645.9078865647,-0.16239999,1.6836777,-0.449499915482124
4,1,587650.9080804549,-0.16239999,1.6835631,-0.44972568621279246
4,1,587655.9082743451,-0.16239999,1.6833913,-0.44995146065988006
4,1,587660.9084682353,-0.16239999,1.6833913,-0.45017723558062345
4,1,587665.9086621255,-0.16239999,1.683334,-0.45040301000680305
4,1,587670.9088560157,-0.16239999,1.6831813,-0.4506287837280352
4,1,587675.9090499058,-0.16239999,1.683105,-0.45085455635073063
4,1,587680.909243796,-0.16239999,1.6830286,-0.4510803315596517
4,1,587685.9094376862,-0.16239999,1.6827996,-0.45130610658558157
4,1,587690.9096315764,-0.16239999,1.6827804,-0.4515318790253677
4,1,587695.9098254666,-0.16239999,1.682666,-0.4517576512145419
4,1,587700.9100193568,-0.16239999,1.6826086,-0.4519834259887696
4,1,587705.9102132469,-0.16239999,1.6826277,-0.4522091966720209
4,1,587710.9104071371,-0.16239999,1.6825705,-0.45243496791045223
4,1,587715.9106010273,-0.16239999,1.6824368,-0.4526607403385385
4,1,587720.9107949175,-0.16239999,1.6823604,-0.45288651222477544
4,1,587725.9109888077,-0.16239999,1.6822077,-0.4531122834292967
4,1,587730.9111826979,-0.16239999,1.6821696,-0.4533380547480933
4,1,587735.911376588,-0.16239999,1.6819404,-0.4535638244229301
4,1,587740.9115704782,-0.16239999,1.6819214,-0.45378959164109434
4,1,587745.9117643684,-0.16239999,1.6818641,-0.45401536124055525
4,1,587750.9119582586,-0.16239999,1.6817687,-0.4542411316552769
4,1,587755.9121521488,-0.16239999,1.6815395,-0.4544669001122219
4,1,587760.912346039,-0.16239999,1.6815395,-0.45469266898242827
4,1,587765.9125399292,-0.16239999,1.6814632,-0.45491843676289284
4,1,587770.9127338193,-0.16239999,1.6813868,-0.4551442037870746
4,1,587775.9129277095,-0.16239999,1.6814059,-0.4553699716878453
4,1,587780.9131215997,-0.16239999,1.6811577,-0.45559574048619084
4,1,587785.9133154899,-0.16239999,1.6811577,-0.45582150900104673
4,1,587790.9135093801,-0.16239999,1.6810241,-0.456047274667645
4,1,587795.9137032703,-0.16239999,1.6810623,-0.4562730416529662
4,1,587800.9138971604,-0.16239999,1.6809096,-0.4564988080615115
4,1,587805.9140910506,-0.16239999,1.6810433,-0.45672457437628705
4,1,587810.9142849408,-0.16239999,1.6809096,-0.45695034065559126
4,1,587815.914478831,-0.16239999,1.6809096,-0.45717611007982445
4,1,587820.9146727212,-0.16239999,1.6806614,-0.45740188146226557
4,1,587825.9148666114,-0.16239999,1.6805087,-0.45762765028465324
4,1,587830.9150605015,-0.16239999,1.6804132,-0.4578534177518085
4,1,587835.9152543917,-0.16239999,1.6805278,-0.45807918539164333
4,1,587840.9154482819,-0.16239999,1.6803178,-0.45830495306047747
4,1,587845.9156421721,-0.16239999,1.6802224,-0.4585307231616009
4,1,587850.9158360623,-0.16239999,1.6799169,-0.458756493568588
4,1,587855.9160299525,-0.16239999,1.6796879,-0.45898226350848825
4,1,587860.9162238427,-0.16239999,1.6797832,-0.45920803316737
4,1,587865.9164177328,-0.16239999,1.6796879,-0.45943380179975796
4,1,587870.916611623,-0.16239999,1.6794587,-0.4596595689175099
4,1,587875.9168055132,-0.16239999,1.6795733,-0.459885334457012
4,1,587880.9169994034,-0.16239999,1.6794778,-0.46011110130215055
4,1,587885.9171932936,-0.16239999,1.6791341,-0.46033686600267837
4,1,587890.9173871838,-0.16239999,1.6791724,-0.46056263363931776
4,1,587895.9175810739,-0.16239999,1.6791341,-0.4607884019964713
4,1,587900.9177749641,-0.16239999,1.6787715,-0.4610141685079116
4,1,587905.9179688543,-0.16239999,1.678886,-0.4612399361149366
4,1,587910.9181627445,-0.16239999,1.678676,-0.46146570490065664
4,1,587915.9183566347,-0.16239999,1.6786188,-0.4616914705986599
4,1,587920.9185505249,-0.16239999,1.6787715,-0.46191723775699517
4,1,587925.918744415,-0.16239999,1.6784852,-0.4621430040657631
4,1,587930.9189383052,-0.16239999,1.6783324,-0.4623687698023496
4,1,587935.9191321954,-0.16239999,1.6783515,-0.4625945365661278
4,1,587940.9193260856,-0.16239999,1.6782942,-0.462820303929263
4,1,587945.9195199758,-0.16239999,1.6780843,-0.4630460716236882
4,1,587950.919713866,-0.16239999,1.6779697,-0.4632718406272517
4,1,587955.9199077561,-0.16239999,1.6779315,-0.4634976114081727
4,1,587960.9201016463,-0.16239999,1.6777979,-0.46372338403224644
4,1,587965.9202955365,-0.16239999,1.6777979,-0.46394915682231336
4,1,587970.9204894267,-0.16239999,1.6777406,-0.4641749291119852
4,1,587975.9206833169,-0.16239999,1.677397,-0.46440069869330475
4,1,587980.9208772071,-0.16239999,1.6776069,-0.4646264672331159
4,1,587985.9210710973,-0.16239999,1.6773587,-0.46485223829107514
4,1,587990.9212649874,-0.16239999,1.6773397,-0.4650780111819227
4,1,587995.9214588776,-0.16239999,1.6771679,-0.46530378243272863
4,1,588000.9216527678,-0.16239999,1.677206,-0.4655295520589379
4,1,588005.921846658,-0.16239999,1.6771297,-0.4657553239526602
4,1,588010.9220405482,-0.16239999,1.6769388,-0.4659810960109609
4,1,588015.9222344384,-0.16239999,1.6767288,-0.4662068678901769
4,1,588020.9224283285,-0.16239999,1.676767,-0.4664326401575061
4,1,588025.9226222187,-0.16239999,1.6766334,-0.4666584123477085
4,1,588030.9228161089,-0.16239999,1.6765952,-0.4668841838932089
4,1,588035.9230099991,-0.16239999,1.6766524,-0.4671099576537603
4,1,588040.9232038893,-0.16239999,1.6764042,-0.46733573211519935
4,1,588045.9233977795,-0.16239999,1.6764233,-0.46756150462188756
4,1,588050.9235916696,-0.16239999,1.676328,-0.46778727817233506
4,1,588055.9237855598,-0.16239999,1.6760988,-0.4680130511933617
4,1,588060.92397945,-0.16239999,1.6758506,-0.46823882229982006
4,1,588065.9241733402,-0.16239999,1.6758506,-0.4684645925980709
4,1,588070.9243672304,-0.16239999,1.6757934,-0.4686903627073949
4,1,588075.9245611206,-0.16239999,1.6756598,-0.46891613271450355
4,1,588080.9247550108,-0.16239999,1.6756788,-0.4691419022099088
4,1,588085.9249489009,-0.16239999,1.6755452,-0.46936767095584775
4,1,588090.9251427911,-0.16239999,1.675278,-0.469593436893816
4,1,588095.9253366813,-0.16239999,1.6752207,-0.46981920234956615
4,1,588100.9255305715,-0.16239999,1.6752589,-0.47004496979345567
4,1,588105.9257244617,-0.16239999,1.6751634,-0.4702707372023995
4,1,588110.9259183519,-0.16239999,1.6749916,-0.4704965039452805
4,1,588115.926112242,-0.16239999,1.6748389,-0.47072227096907315
4,1,588120.9263061322,-0.16239999,1.6748389,-0.4709480405798995
4,1,588125.9265000224,-0.16239999,1.6747053,-0.4711738084639238
4,1,588130.9266939126,-0.16239999,1.6745334,-0.471399577907983
4,1,588135.9268878028,-0.16239999,1.6745334,-0.47162534882731755
4,1,588140.927081693,-0.16239999,1.6744952,-0.4718511205541154
4,1,588145.9272755831,-0.16239999,1.6741517,-0.47207689044197415
4,1,588150.9274694733,-0.16239999,1.6742089,-0.4723026602919509
4,1,588155.9276633635,-0.16239999,1.6741898,-0.47252843250447857
4,1,588160.9278572537,-0.16239999,1.6740943,-0.4727542051233038
4,1,588165.9280511439,-0.16239999,1.6738653,-0.47297997800025277
4,1,588170.9282450341,-0.16239999,1.6739035,-0.47320575161654765
4,1,588175.9284389243,-0.16239999,1.6738653,-0.47343152296042046
4,1,588180.9286328144,-0.16239999,1.6736553,-0.47365729354597974
4,1,588185.9288267046,-0.16239999,1.6736362,-0.47388306393269963
4,1,588190.9290205948,-0.16239999,1.673598,-0.4741088357680102
4,1,588195.929214485,-0.16239999,1.6733689,-0.47433460533136806
4,1,588200.9294083752,-0.16239999,1.6733308,-0.474560373436187
4,1,588205.9296022654,-0.16239999,1.6733499,-0.47478614106023986
4,1,588210.929796156,-0.16239999,1.6731972,-0.475011907886338
4,1,588215.9299900467,-0.16239999,1.6730062,-0.47523767248865145
4,1,588220.9301839373,-0.16239999,1.6728535,-0.4754634353270623
4,1,588225.930377828,-0.16239999,1.6727962,-0.47568920032167117
4,1,588230.9305717186,-0.16239999,1.6724907,-0.47591496503995784
4,1,588235.9307656093,-0.16239999,1.6725862,-0.47614072819682635
4,1,588240.9309594999,-0.16239999,1.6724907,-0.4763664911610634
4,1,588245.9311533906,-0.16239999,1.6723571,-0.4765922540404574
4,1,588250.9313472812,-0.16239999,1.672338,-0.4768180179641016
4,1,588255.9315411719,-0.16239999,1.6722999,-0.4770437844642882
4,1,588260.9317350625,-0.16239999,1.6721281,-0.47726955061679593
4,1,588265.9319289532,-0.16239999,1.6720517,-0.4774953177171367
4,1,588270.9321228438,-0.16239999,1.6717463,-0.47772108223258053
4,1,588275.9323167345,-0.16239999,1.6717272,-0.47794684757146
4,1,588280.9325106251,-0.16239999,1.6716126,-0.4781726119616935
4,1,588285.9327045158,-0.16239999,1.6716508,-0.47839837535705176
4,1,588290.9328984064,-0.16239999,1.6716126,-0.47862413764448225
4,1,588295.933092297,-0.16239999,1.6714216,-0.47884989968589536
4,1,588300.9332861872,-0.16239999,1.6714599,-0.4790756621671643
4,1,588305.9334800779,-0.16239999,1.6714216,-0.4793014230105547
4,1,588310.9336739683,-0.16239999,1.6712308,-0.47952718584573695
4,1,588315.9338678587,-0.16239999,1.6709635,-0.479752949517679
4,1,588320.9340617491,-0.16239999,1.6708872,-0.4799787100873202
4,1,588325.9342556396,-0.16239999,1.6709826,-0.48020447212211803
4,1,588330.93444953,-0.16239999,1.6706963,-0.4804302354912362
4,1,588335.9346434204,-0.16239999,1.6707344,-0.48065599931742514
4,1,588340.9348373108,-0.16239999,1.6706963,-0.4808817647705146
4,1,588345.9350312012,-0.16239999,1.6704481,-0.48110753068904427
4,1,588350.9352250916,-0.16239999,1.6703908,-0.4813332961216264
4,1,588355.9354189821,-0.16239999,1.6703527,-0.48155906028871087
4,1,588360.9356128726,-0.16239999,1.6701045,-0.48178482795441163
4,1,588365.9358067631,-0.16239999,1.6699709,-0.4820105982215182
4,1,588370.9360006537,-0.16239999,1.6699135,-0.48223636661189145
4,1,588375.9361945442,-0.16239999,1.6699518,-0.48246213699800783
4,1,588380.936388435,-0.16239999,1.6698563,-0.48268790337960354
4,1,588385.9365823255,-0.16239999,1.6696655,-0.48291366788801815
4,1,588390.936776216,-0.16239999,1.6697227,-0.48313942948302474
4,1,588395.9369701066,-0.16239999,1.669589,-0.48336519344721335
4,1,588400.9371639971,-0.16239999,1.6695126,-0.48359095768189775
4,1,588405.9373578876,-0.16239999,1.6693218,-0.4838167222370465
4,1,588410.9375517782,-0.16239999,1.6691881,-0.4840424864677871
4,1,588415.9377456686,-0.16239999,1.6690927,-0.48426825271183593
4,1,588420.9379395591,-0.16239999,1.6690736,-0.4844940198673516
4,1,588425.9381334495,-0.16239999,1.6690164,-0.48471978342223343
4,1,588430.9383273402,-0.16239999,1.6688254,-0.4849455508612536
4,1,588435.9385212306,-0.16239999,1.6687108,-0.48517131802785823
4,1,588440.9387151211,-0.16239999,1.6686155,-0.48539708497683715
4,1,588445.9389090117,-0.16239999,1.6686536,-0.48562285137793265
4,1,588450.9391029022,-0.16239999,1.6685772,-0.48584861695639386
4,1,588455.9392967927,-0.16239999,1.66831,-0.4860743818579334
4,1,588460.9394906831,-0.16239999,1.6682336,-0.4863001470507095
4,1,588465.9396845731,-0.16239999,1.6682146,-0.4865259138027779
4,1,588470.9398784635,-0.16239999,1.6679854,-0.4867516806972326
4,1,588475.9400723539,-0.16239999,1.6680428,-0.48697744711531465
4,1,588480.9402662443,-0.16239999,1.66789,-0.48720321435613034
4,1,588485.9404601348,-0.16239999,1.6678137,-0.48742898074985225
4,1,588490.9406540252,-0.16239999,1.6677563,-0.48765474756951227
4,1,588495.9408479158,-0.16239999,1.6675845,-0.4878805143335562
4,1,588500.9410418062,-0.16239999,1.667489,-0.48810628044807264
4,1,588505.9412356967,-0.16239999,1.66747,-0.48833204670866265
4,1,588510.9414295871,-0.16239999,1.6673363,-0.4885578105795385
4,1,588515.9416234777,-0.16239999,1.6673173,-0.4887835750849207
4,1,588520.9418173684,-0.16239999,1.6670691,-0.4890093383669979
4,1,588525.942011259,-0.16239999,1.6670691,-0.4892351042727349
4,1,588530.9422051497,-0.16239999,1.6668782,-0.48946086883311735
4,1,588535.9423990403,-0.16239999,1.6666874,-0.48968663326586387
4,1,588540.942592931,-0.16239999,1.6668782,-0.48991240119297985
4,1,588545.9427868216,-0.16239999,1.6665537,-0.490138167584585
4,1,588550.9429807123,-0.16239999,1.666611,-0.4903639339528011
4,1,588555.9431746029,-0.16239999,1.6664964,-0.4905897013081446
4,1,588560.9433684936,-0.16239999,1.6661528,-0.4908154685267344
4,1,588565.9435623842,-0.16239999,1.6660955,-0.49104123540512984
4,1,588570.9437562749,-0.16239999,1.6661146,-0.4912670039816459
4,1,588575.9439501655,-0.16239999,1.6659619,-0.4914927738740893
4,1,588580.9441440562,-0.16239999,1.6659809,-0.49171854315820684
4,1,588585.9443379468,-0.16239999,1.6657901,-0.49194431174256587
4,1,588590.9445318375,-0.16239999,1.6657327,-0.49217007938641905
4,1,588595.9447257281,-0.16239999,1.6657327,-0.49239584648206763
4,1,588600.9449196188,-0.16239999,1.6655991,-0.4926216179759893
4,1,588605.9451135094,-0.16239999,1.6655991,-0.4928473881291426
4,1,588610.9453074001,-0.16239999,1.6652365,-0.49307315629169196
4,1,588615.9455012903,-0.16239999,1.6654273,-0.4932989244160099
4,1,588620.9456951804,-0.16239999,1.6650074,-0.49352469291226087
4,1,588625.9458890706,-0.16239999,1.6650838,-0.49375046055534916
4,1,588630.9460829608,-0.16239999,1.6650074,-0.49397622711536887
4,1,588635.946276851,-0.16239999,1.6649501,-0.4942019951593141
4,1,588640.9464707412,-0.16239999,1.6649119,-0.49442775964691593
4,1,588645.9466646314,-0.16239999,1.6646446,-0.49465352513019184
4,1,588650.9468585216,-0.16239999,1.6645683,-0.4948792893796723
4,1,588655.9470524117,-0.16239999,1.6644537,-0.4951050512503479
4,1,588660.9472463019,-0.16239999,1.6644156,-0.49533081621880193
4,1,588665.9474401921,-0.16239999,1.6641865,-0.4955565783764044
4,1,588670.9476340823,-0.16239999,1.6639764,-0.4957823447230229
4,1,588675.9478279725,-0.16239999,1.6639764,-0.4960081120893494
4,1,588680.9480218627,-0.16239999,1.6640338,-0.49623387928901636
4,1,588685.9482157528,-0.16239999,1.6637856,-0.49645964495238437
4,1,588690.948409643,-0.16239999,1.6636901,-0.49668541186266746
4,1,588695.9486035332,-0.16239999,1.6635947,-0.4969111756804381
4,1,588700.9487974234,-0.16239999,1.6634802,-0.49713693687977584
4,1,588705.9489913136,-0.16239999,1.6633465,-0.4973626978469866
4,1,588710.9491852038,-0.16239999,1.663251,-0.49758846009360364
4,1,588715.949379094,-0.16239999,1.6629456,-0.49781422367472394
4,1,588720.9495729841,-0.16239999,1.6629266,-0.49803998717659576
4,1,588725.9497668743,-0.16239999,1.662812,-0.49826574923403094
4,1,588730.9499607645,-0.16239999,1.6629456,-0.49849151011109216
4,1,588735.9501546547,-0.16239999,1.6628311,-0.4987172678843044
4,1,588740.9503485449,-0.16239999,1.662812,-0.49894302826423476
4,1,588745.950542435,-0.16239999,1.6624492,-0.49916879068362574
4,1,588750.9507363252,-0.16239999,1.6622965,-0.4993945515681044
4,1,588755.9509302154,-0.16239999,1.6622775,-0.4996203139040125
4,1,588760.9511241056,-0.16239999,1.6622393,-0.4998460771563693
4,1,588765.9513179958,-0.16239999,1.6621057,-0.5000718401273698
4,1,588770.951511886,-0.16239999,1.6618766,-0.5002976036375987
4,1,588775.9517057762,-0.16239999,1.6617239,-0.5005233714335083
4,1,588780.9518996663,-0.16239999,1.6617429,-0.5007491397439575
4,1,588785.9520935565,-0.16239999,1.6617429,-0.5009749057594416
4,1,588790.9522874467,-0.16239999,1.6614184,-0.5012006735142861
4,1,588795.9524813369,-0.16239999,1.6614947,-0.5014264429994866
4,1,588800.9526752271,-0.16239999,1.661323,-0.5016522099206748
4,1,588805.9528691173,-0.16239999,1.6611512,-0.5018779765578651
4,1,588810.9530630074,-0.16239999,1.6610938,-0.502103746219218
4,1,588815.9532568976,-0.16239999,1.6608266,-0.5023295161725368
4,1,588820.9534507878,-0.16239999,1.6608648,-0.5025552864715269
4,1,588825.953644678,-0.16239999,1.6608075,-0.5027810580513877
4,1,588830.9538385682,-0.16239999,1.6608456,-0.5030068295317999
4,1,588835.9540324584,-0.16239999,1.6606739,-0.5032325999878333
4,1,588840.9542263485,-0.16239999,1.6604447,-0.503458369586882
4,1,588845.9544202387,-0.16239999,1.6604066,-0.5036841397609093
4,1,588850.9546141289,-0.16239999,1.6602348,-0.5039099089379157
4,1,588855.9548080191,-0.16239999,1.6601967,-0.5041356793806424
4,1,588860.9550019093,-0.16239999,1.6600248,-0.5043614467551986
4,1,588865.9551957995,-0.16239999,1.6600438,-0.5045872148469409
4,1,588870.9553896897,-0.16239999,1.659853,-0.5048129853602975
4,1,588875.9555835798,-0.16239999,1.6597003,-0.5050387567171583
4,1,588880.95577747,-0.16239999,1.6594712,-0.505264526744429
4,1,588885.9559713602,-0.16239999,1.6594712,-0.5054902971061058
4,1,588890.9561652504,-0.16239999,1.6595857,-0.5057160650361168
4,1,588895.9563591406,-0.16239999,1.659433,-0.5059418328858982
4,1,588900.9565530308,-0.16239999,1.6593184,-0.5061676034788783
4,1,588905.956746921,-0.16239999,1.6592612,-0.5063933718412689
4,1,588910.9569408111,-0.16239999,1.6591276,-0.5066191430082069
4,1,588915.9571347013,-0.16239999,1.6588985,-0.5068449137349456
4,1,588920.9573285915,-0.16239999,1.6587839,-0.5070706851231204
4,1,588925.9575224817,-0.16239999,1.6586884,-0.5072964543638127
4,1,588930.9577163719,-0.16239999,1.6586694,-0.5075222230216642
4,1,588935.957910262,-0.16239999,1.6586503,-0.5077479907828979
4,1,588940.9581041522,-0.16239999,1.6584212,-0.5079737610104477
4,1,588945.9582980424,-0.16239999,1.6584404,-0.5081995330142234
4,1,588950.9584919326,-0.16239999,1.6583449,-0.5084253049924626
4,1,588955.9586858228,-0.16239999,1.657944,-0.5086510746806525
4,1,588960.958879713,-0.16239999,1.6579821,-0.5088768450061468
4,1,588965.9590736032,-0.16239999,1.6579058,-0.5091026142099943
4,1,588970.9592674933,-0.16239999,1.6576767,-0.5093283843935517
4,1,588975.9594613835,-0.16239999,1.6576958,-0.5095541525299321
4,1,588980.9596552737,-0.16239999,1.6575431,-0.5097799250899359
4,1,588985.9598491639,-0.16239999,1.6574667,-0.5100056962020558
4,1,588990.9600430541,-0.16239999,1.657333,-0.51023146755476
4,1,588995.9602369443,-0.16239999,1.6573904,-0.5104572406376927
4,1,589000.9604308344,-0.16239999,1.6572567,-0.5106830126354417
4,1,589005.9606247246,-0.16239999,1.6569321,-0.5109087837807648
4,1,589010.9608186148,-0.16239999,1.6568367,-0.511134554551029
4,1,589015.961012505,-0.16239999,1.6568177,-0.5113603267975504
4,1,589020.9612063952,-0.16239999,1.6569704,-0.5115860964709955
4,1,589025.9614002854,-0.16239999,1.6567222,-0.5118118682313317
4,1,589030.9615941755,-0.16239999,1.6564358,-0.5120376407178562
4,1,589035.9617880657,-0.16239999,1.6563977,-0.5122634130500692
4,1,589040.9619819559,-0.16239999,1.6562641,-0.5124891883841716
4,1,589045.9621758461,-0.16239999,1.6561495,-0.5127149649109993
4,1,589050.9623697363,-0.16239999,1.6562449,-0.512940743665895
4,1,589055.9625636265,-0.16239999,1.656054,-0.5131665217711904
4,1,589060.9627575167,-0.16239999,1.6560922,-0.513392299680586
4,1,589065.9629514068,-0.16239999,1.6559204,-0.5136180729733485
4,1,589070.963145297,-0.16239999,1.6558822,-0.5138438460622309
4,1,589075.9633391872,-0.16239999,1.6557295,-0.5140696218994437
4,1,589080.9635330774,-0.16239999,1.6555959,-0.5142954017927344
4,1,589085.9637269676,-0.16239999,1.6554431,-0.5145211826265358
4,1,589090.9639208578,-0.16239999,1.6552141,-0.5147469613723021
4,1,589095.9641147479,-0.16239999,1.655195,-0.5149727395286026
4,1,589100.9643086381,-0.16239999,1.6550422,-0.5151985176664586
4,1,589105.9645025283,-0.16239999,1.6550422,-0.5154242926545255
4,1,589110.9646964185,-0.16239999,1.6548704,-0.5156500676580945
4,1,589115.9648903087,-0.16239999,1.6547941,-0.5158758423141013
4,1,589120.9650841989,-0.16239999,1.6547368,-0.5161016152278983
4,1,589125.965278089,-0.16239999,1.6545078,-0.5163273890702231
4,1,589130.9654719792,-0.16239999,1.6543741,-0.5165531627189156
4,1,589135.9656658694,-0.16239999,1.6542405,-0.5167789344792693
4,1,589140.9658597596,-0.16239999,1.6542213,-0.5170047051172202
4,1,589145.9660536498,-0.16239999,1.6543168,-0.5172304799201815
4,1,589150.96624754,-0.16239999,1.6540114,-0.517456256342533
4,1,589155.9664414302,-0.16239999,1.6538777,-0.5176820314914107
4,1,589160.9666353203,-0.16239999,1.6537441,-0.5179078059143319
4,1,589165.9668292105,-0.16239999,1.6537441,-0.5181335812916055
4,1,589170.9670231007,-0.16239999,1.6536868,-0.5183593564738087
4,1,589175.9672169909,-0.16239999,1.6535723,-0.5185851298868923
4,1,589180.9674108811,-0.16239999,1.653515,-0.5188109027218606
4,1,589185.9676047713,-0.16239999,1.6534768,-0.5190366760089888
4,1,589190.9677986614,-0.16239999,1.6532477,-0.5192624504683724
4,1,589195.9679925516,-0.16239999,1.6532096,-0.5194882259443298
4,1,589200.9681864418,-0.16239999,1.6529995,-0.5197139999840485
4,1,589205.968380332,-0.16239999,1.6528659,-0.5199397741841005
4,1,589210.9685742222,-0.16239999,1.6527896,-0.5201655470731799
4,1,589215.9687681124,-0.16239999,1.652656,-0.5203913184106782
4,1,589220.9689620025,-0.16239999,1.6525605,-0.5206170891470373
4,1,589225.9691558927,-0.16239999,1.6523123,-0.5208428623563252
4,1,589230.9693497829,-0.16239999,1.6524078,-0.5210686338241185
4,1,589235.9695436731,-0.16239999,1.6522169,-0.5212944037455902
4,1,589240.9697375633,-0.16239999,1.652045,-0.5215201746931145
4,1,589245.9699314535,-0.16239999,1.6519306,-0.5217459453777251
4,1,589250.9701253437,-0.16239999,1.6518351,-0.5219717197850631
4,1,589255.9703192338,-0.16239999,1.6518732,-0.5221974939309303
4,1,589260.970513124,-0.16239999,1.6516441,-0.5224232665889879
4,1,589265.9707070142,-0.16239999,1.6515105,-0.5226490399146017
4,1,589270.9709009044,-0.16239999,1.6514723,-0.5228748131146806
4,1,589275.9710947946,-0.16239999,1.6513196,-0.5231005863448301
4,1,589280.9712886848,-0.16239999,1.6511288,-0.5233263598629521
4,1,589285.9714825749,-0.16239999,1.6511288,-0.52355213395896
4,1,589290.9716764651,-0.16239999,1.6508423,-0.523777910990765
4,1,589295.9718703553,-0.16239999,1.650766,-0.5240036871422358
4,1,589300.9720642455,-0.16239999,1.6507087,-0.5242294637023313
4,1,589305.9722581357,-0.16239999,1.6505178,-0.5244552412407997
4,1,589310.9724520259,-0.16239999,1.6504797,-0.5246810196653731
4,1,589315.972645916,-0.16239999,1.6502506,-0.5249067946658749
4,1,589320.9728398062,-0.16239999,1.6500978,-0.5251325706785662
4,1,589325.9730336964,-0.16239999,1.6501551,-0.5253583450017664
4,1,589330.9732275866,-0.16239999,1.6501551,-0.5255841171629736
4,1,589335.9734214768,-0.16239999,1.6498687,-0.5258098897378628
4,1,589340.973615367,-0.16239999,1.649697,-0.5260356600148381
4,1,589345.9738092571,-0.16239999,1.6496015,-0.5262614323654143
4,1,589350.9740031473,-0.16239999,1.6494678,-0.526487203619049
4,1,589355.9741970375,-0.16239999,1.6492196,-0.5267129771515572
4,1,589360.9743909277,-0.16239999,1.6492196,-0.5269387503615984
4,1,589365.9745848179,-0.16239999,1.6490097,-0.5271645225854502
4,1,589370.9747787081,-0.16239999,1.6489142,-0.5273902977271604
4,1,589375.9749725983,-0.16239999,1.6488951,-0.5276160743351449
4,1,589380.9751664884,-0.16239999,1.6486852,-0.5278418505339502
4,1,589385.9753603786,-0.16239999,1.648647,-0.5280676259649996
4,1,589390.9755542688,-0.16239999,1.6483415,-0.5282934004169184
4,1,589395.975748159,-0.16239999,1.6482843,-0.5285191734383267
4,1,589400.9759420492,-0.16239999,1.6483606,-0.5287449450528501
4,1,589405.9761359394,-0.16239999,1.6482079,-0.5289707159965439
4,1,589410.9763298295,-0.16239999,1.6480933,-0.5291964857842346
4,1,589415.9765237197,-0.16239999,1.6477689,-0.5294222532889755
4,1,589420.9767176099,-0.16239999,1.6478261,-0.5296480224230765
4,1,589425.9769115001,-0.16239999,1.6476734,-0.5298737903240957
4,1,589430.9771053903,-0.16239999,1.6475016,-0.5300995566742938
4,1,589435.9772992805,-0.16239999,1.647387,-0.5303253244728509
4,1,589440.9774931706,-0.16239999,1.6474061,-0.53055109437874
4,1,589445.9776870608,-0.16239999,1.6471579,-0.5307768633118963
4,1,589450.977880951,-0.16239999,1.6471007,-0.5310026309691953
4,1,589455.9780748412,-0.16239999,1.6469861,-0.5312283994996693
4,1,589460.9782687314,-0.16239999,1.6466998,-0.5314541683195685
4,1,589465.9784626216,-0.16239999,1.6466807,-0.5316799384529239
4,1,589470.9786565118,-0.16239999,1.6466234,-0.531905707639409
4,1,589475.9788504019,-0.16239999,1.6464516,-0.5321314747130734
4,1,589480.9790442921,-0.16239999,1.6464325,-0.5323572416718871
4,1,589485.9792381823,-0.16239999,1.6461843,-0.5325830097753492
4,1,589490.9794320725,-0.16239999,1.6461843,-0.5328087778812254
4,1,589495.9796259627,-0.16239999,1.6461079,-0.5330345497013459
4,1,589500.9798198529,-0.16239999,1.6459361,-0.5332603237052498
4,1,589505.980013743,-0.16239999,1.6457071,-0.5334860989575664
4,1,589510.9802076332,-0.16239999,1.6455926,-0.5337118724583085
4,1,589515.9804015234,-0.16239999,1.6455162,-0.5339376441945836
4,1,589520.9805954136,-0.16239999,1.6453253,-0.5341634147971517
4,1,589525.9807893038,-0.16239999,1.6453062,-0.5343891836375052
4,1,589530.980983194,-0.16239999,1.6451917,-0.5346149494273211
4,1,589535.9811770841,-0.16239999,1.6449816,-0.5348407129134184
4,1,589540.9813709743,-0.16239999,1.6447908,-0.5350664754683504
4,1,589545.9815648645,-0.16239999,1.6446953,-0.5352922409112947
4,1,589550.9817587547,-0.16239999,1.6447525,-0.5355180071911394
4,1,589555.9819526449,-0.16239999,1.6446762,-0.5357437745242082
4,1,589560.9821465351,-0.16239999,1.6445044,-0.5359695421928271
4,1,589565.9823404253,-0.16239999,1.6443135,-0.5361953071220323
4,1,589570.9825343154,-0.16239999,1.6441035,-0.5364210740075224
4,1,589575.9827282056,-0.16239999,1.6440462,-0.5366468424462507
4,1,589580.9829220958,-0.16239999,1.6439126,-0.5368726104884716
4,1,589585.983115986,-0.16239999,1.6437598,-0.5370983779694078
4,1,589590.9833098762,-0.16239999,1.6436071,-0.5373241459691488
4,1,589595.9835037664,-0.16239999,1.6435881,-0.5375499133129182
4,1,589600.9836976565,-0.16239999,1.643569,-0.5377756854355406
4,1,589605.9838915467,-0.16239999,1.6433017,-0.5380014576838384
4,1,589610.9840854369,-0.16239999,1.6432253,-0.5382272307905492
4,1,589615.9842793271,-0.16239999,1.6430917,-0.5384529998453735
4,1,589620.9844732173,-0.16239999,1.6428627,-0.5386787697074186
4,1,589625.9846671075,-0.16239999,1.642958,-0.5389045380850298
4,1,589630.9848609976,-0.16239999,1.6426526,-0.5391303065667861
4,1,589635.9850548878,-0.16239999,1.6426526,-0.5393560763580837
4,1,589640.985248778,-0.16239999,1.642309,-0.5395818471531956
4,1,589645.9854426682,-0.16239999,1.6422708,-0.5398076203264202
4,1,589650.9856365584,-0.16239999,1.642099,-0.5400333944843135
4,1,589655.9858304486,-0.16239999,1.64208,-0.5402591663971797
4,1,589660.9860243388,-0.16239999,1.6417363,-0.5404849385986806
4,1,589665.9862182289,-0.16239999,1.6417744,-0.5407107083209701
4,1,589670.9864121191,-0.16239999,1.6416408,-0.5409364784482897
4,1,589675.9866060093,-0.16239999,1.64166,-0.5411622499728962
4,1,589680.9867998995,-0.16239999,1.6414118,-0.5413880221695243
4,1,589685.9869937897,-0.16239999,1.6413544,-0.5416137952924857
4,1,589690.9871876799,-0.16239999,1.6411636,-0.5418395673464202
4,1,589695.98738157,-0.16239999,1.641049,-0.5420653379904906
4,1,589700.9875754602,-0.16239999,1.6407818,-0.5422911122785663
4,1,589705.9877693504,-0.16239999,1.6408391,-0.5425168878695167
4,1,589710.9879632406,-0.16239999,1.6407245,-0.5427426583369264
4,1,589715.9881571308,-0.16239999,1.6405526,-0.542968428638775
4,1,589720.988351021,-0.16239999,1.6403809,-0.5431942017133092
4,1,589725.9885449111,-0.16239999,1.6401327,-0.5434199732446593
4,1,589730.9887388013,-0.16239999,1.6401709,-0.5436457423760623
4,1,589735.9889326915,-0.16239999,1.6399418,-0.5438715080638459
4,1,589740.9891265817,-0.16239999,1.6399418,-0.5440972739798333
4,1,589745.9893204719,-0.16239999,1.6397127,-0.5443230381674259
4,1,589750.9895143621,-0.16239999,1.639579,-0.5445488024987468
4,1,589755.9897082523,-0.16239999,1.6395409,-0.5447745662659214
4,1,589760.9899021424,-0.16239999,1.6392164,-0.545000330381654
4,1,589765.9900960326,-0.16239999,1.6392355,-0.5452260934463894
4,1,589770.9902899228,-0.16239999,1.6389873,-0.5454518561022147
4,1,589775.990483813,-0.16239999,1.6390445,-0.5456776190300996
4,1,589780.9906777032,-0.16239999,1.6389109,-0.545903379577644
4,1,589785.9908715934,-0.16239999,1.6388155,-0.546129145464036
4,1,589790.9910654835,-0.16239999,1.6386627,-0.5463549141367183
4,1,589795.9912593737,-0.16239999,1.6385864,-0.546580681357982
4,1,589800.9914532639,-0.16239999,1.6384337,-0.5468064501974191
4,1,589805.9916471541,-0.16239999,1.6383955,-0.5470322213063992
4,1,589810.9918410443,-0.16239999,1.6382236,-0.5472579937339597
4,1,589815.9920349345,-0.16239999,1.6381664,-0.5474837677309669
4,1,589820.9922288251,-0.16239999,1.6380519,-0.5477095440759524
4,1,589825.9924227158,-0.16239999,1.6378801,-0.5479353197766242
4,1,589830.9926166064,-0.16239999,1.6378227,-0.5481610937172711
4,1,589835.9928104971,-0.16239999,1.6374983,-0.5483868669049498
4,1,589840.9930043877,-0.16239999,1.6375173,-0.5486126360981785
4,1,589845.9931982784,-0.16239999,1.6373456,-0.5488384041085613
4,1,589850.993392169,-0.16239999,1.637231,-0.5490641718425997
4,1,589855.9935860592,-0.16239999,1.6370974,-0.549289938537436
4,1,589860.9937799498,-0.16239999,1.6368873,-0.5495157055411519
4,1,589865.9939738405,-0.16239999,1.636811,-0.5497414743291875
4,1,589870.9941677311,-0.16239999,1.636601,-0.5499672448794344
4,1,589875.9943616218,-0.16239999,1.6365438,-0.5501930156055224
4,1,589880.9945555124,-0.16239999,1.6365056,-0.5504187875777423
4,1,589885.9947494031,-0.16239999,1.6362956,-0.5506445583164881
4,1,589890.9949432937,-0.16239999,1.6362191,-0.550870326524337
4,1,589895.9951371844,-0.16239999,1.6360664,-0.5510960960225213
4,1,589900.995331075,-0.16239999,1.6360092,-0.5513218650278522
4,1,589905.9955249657,-0.16239999,1.6358182,-0.551547637730681
4,1,589910.9957188563,-0.16239999,1.635761,-0.5517734097019209
4,1,589915.995912747,-0.16239999,1.6356655,-0.5519991791570491
4,1,589920.9961066374,-0.16239999,1.6355702,-0.5522249513335052
4,1,589925.9963005278,-0.16239999,1.6353601,-0.5524507236829829
4,1,589930.9964944182,-0.16239999,1.6352456,-0.5526764958608638
4,1,589935.9966883089,-0.16239999,1.6349592,-0.5529022661598713
4,1,589940.9968821993,-0.16239999,1.6350356,-0.5531280359496672
4,1,589945.9970760897,-0.16239999,1.6348065,-0.553353806824641
4,1,589950.9972699801,-0.16239999,1.6347493,-0.5535795780694914
4,1,589955.9974638706,-0.16239999,1.6345583,-0.5538053483251655
4,1,589960.997657761,-0.16239999,1.634482,-0.5540311175399745
4,1,589965.9978516514,-0.16239999,1.634272,-0.55425689033163
4,1,589970.9980455418,-0.16239999,1.6341193,-0.554482660496152
4,1,589975.9982394323,-0.16239999,1.6339666,-0.5547084303139935
4,1,589980.9984333229,-0.16239999,1.633852,-0.5549341998642706
4,1,589985.9986272134,-0.16239999,1.6337184,-0.5551599700570411
4,1,589990.998821104,-0.16239999,1.6337948,-0.5553857378289218
4,1,589995.9990149945,-0.16239999,1.6335847,-0.555611506096098
4,1,590000.999208885,-0.16239999,1.6334702,-0.5558372761414314
4,1,590005.9994027755,-0.16239999,1.6333556,-0.5560630453314565
4,1,590010.9995966661,-0.16239999,1.633222,-0.5562888156731393
4,1,590015.9997905566,-0.16239999,1.633241,-0.5565145869122867
4,1,590020.9999844467,-0.16239999,1.6331074,-0.5567403591233375
4,1,590026.0001783372,-0.16239999,1.6327448,-0.5569661320315326
4,1,590031.0003722277,-0.16239999,1.6326493,-0.5571919034398396
4,1,590036.0005661182,-0.16239999,1.6325921,-0.5574176731610355
4,1,590041.0007600088,-0.16239999,1.6324394,-0.5576434459295437
4,1,590046.0009538992,-0.16239999,1.632382,-0.5578692192945182
4,1,590051.0011477898,-0.16239999,1.6322103,-0.5580949931848685
4,1,590056.0013416803,-0.16239999,1.6320385,-0.5583207662742451
4,1,590061.0015355708,-0.16239999,1.6319048,-0.5585465407958857
4,1,590066.0017294614,-0.16239999,1.631752,-0.5587723117235831
4,1,590071.0019233519,-0.16239999,1.6315612,-0.5589980823247787
4,1,590076.0021172424,-0.16239999,1.6315039,-0.5592238534619913
4,1,590081.0023111328,-0.16239999,1.6313703,-0.5594496244509988
4,1,590086.0025050233,-0.16239999,1.6312557,-0.559675396138797
4,1,590091.0026989137,-0.16239999,1.6314085,-0.5599011699732995
4,1,590096.0028928043,-0.16239999,1.631084,-0.5601269442890044
4,1,590101.0030866947,-0.16239999,1.6310076,-0.5603527170258982
4,1,590106.0032805852,-0.16239999,1.6308358,-0.5605784906513093
4,1,590111.0034744756,-0.16239999,1.6306067,-0.5608042658049139
4,1,590116.003668366,-0.16239999,1.6306067,-0.5610300408411115
4,1,590121.0038622564,-0.16239999,1.6306257,-0.5612558165322036
4,1,590126.0040561468,-0.16239999,1.630473,-0.5614815930360968
4,1,590131.0042500375,-0.16239999,1.6301867,-0.5617073698251196
4,1,590136.0044439281,-0.16239999,1.6302058,-0.5619331466552274
4,1,590141.0046378188,-0.16239999,1.6299766,-0.5621589203298074
4,1,590146.0048317094,-0.16239999,1.6299576,-0.5623846934629827
4,1,590151.0050256001,-0.16239999,1.6296903,-0.5626104678183421
4,1,590156.0052194907,-0.16239999,1.6294994,-0.5628362415570203
4,1,590161.0054133814,-0.16239999,1.6294421,-0.5630620146283011
4,1,590166.005607272,-0.16239999,1.6292322,-0.5632877884422077
4,1,590171.0058011627,-0.16239999,1.6292322,-0.5635135631834914
4,1,590176.0059950533,-0.16239999,1.6290795,-0.5637393413698044
4,1,590181.006188944,-0.16239999,1.6290221,-0.5639651191378542
4,1,590186.0063828342,-0.16239999,1.6287549,-0.5641908953256921
4,1,590191.0065767248,-0.16239999,1.6285259,-0.5644166693736645
4,1,590196.0067706155,-0.16239999,1.6284876,-0.564642443372343
4,1,590201.0069645061,-0.16239999,1.6286021,-0.5648682193861752
4,1,590206.0071583968,-0.16239999,1.6284113,-0.5650939959961315
4,1,590211.0073522874,-0.16239999,1.6280867,-0.5653197722278542
4,1,590216.0075461781,-0.16239999,1.628144,-0.5655455502237527
4,1,590221.0077400687,-0.16239999,1.6279913,-0.5657713282448491
4,1,590226.0079339594,-0.16239999,1.6278386,-0.5659971060016428
4,1,590231.0081278495,-0.16239999,1.627724,-0.5662228836337972
4,1,590236.0083217397,-0.16239999,1.627514,-0.5664486606333925
4,1,590241.0085156299,-0.16239999,1.6274185,-0.5666744367764309
4,1,590246.0087095201,-0.16239999,1.6272467,-0.5669002101495711
4,1,590251.0089034103,-0.16239999,1.6269795,-0.5671259860417676
4,1,590256.0090973005,-0.16239999,1.6269604,-0.5673517605057498
4,1,590261.0092911907,-0.16239999,1.6268458,-0.5675775335147983
4,1,590266.0094850808,-0.16239999,1.626655,-0.5678033083247549
4,1,590271.009678971,-0.16239999,1.6265595,-0.5680290832007302
4,1,590276.0098728612,-0.16239999,1.6265023,-0.5682548578215215
4,1,590281.0100667514,-0.16239999,1.626464,-0.5684806337606392
4,1,590286.0102606416,-0.16239999,1.6261967,-0.5687064094057827
4,1,590291.0104545318,-0.16239999,1.6261204,-0.5689321842073548
4,1,590296.010648422,-0.16239999,1.625815,-0.5691579603205802
4,1,590301.0108423121,-0.16239999,1.6257386,-0.5693837354789217
4,1,590306.0110362023,-0.16239999,1.6255478,-0.5696095084698977
4,1,590311.0112300925,-0.16239999,1.6254523,-0.5698352801308945
4,1,590316.0114239827,-0.16239999,1.6251469,-0.5700610510129869
4,1,590321.0116178729,-0.16239999,1.6249942,-0.5702868236854928
4,1,590326.011811763,-0.16239999,1.6248796,-0.570512600140093
4,1,590331.0120056532,-0.16239999,1.6248032,-0.570738375772097
4,1,590336.0121995434,-0.16239999,1.6246123,-0.5709641519798164
4,1,590341.0123934336,-0.16239999,1.6245168,-0.5711899269236417
4,1,590346.0125873238,-0.16239999,1.6244023,-0.57141569616292
4,1,590351.012781214,-0.16239999,1.6242687,-0.5716414658485576
4,1,590356.0129751042,-0.16239999,1.6241924,-0.5718672364490106
4,1,590361.0131689943,-0.16239999,1.6239251,-0.5720930068231324
4,1,590366.0133628845,-0.16239999,1.6238487,-0.5723187765517681
4,1,590371.0135567747,-0.16239999,1.6236578,-0.5725445470847073
4,1,590376.0137506649,-0.16239999,1.6236005,-0.5727703155621803
4,1,590381.0139445551,-0.16239999,1.6235433,-0.5729960853480465
4,1,590386.0141384453,-0.16239999,1.6233141,-0.5732218540700078
4,1,590391.0143323354,-0.16239999,1.6232378,-0.5734476234730425
4,1,590396.0145262256,-0.16239999,1.6231614,-0.5736733931460241
4,1,590401.0147201158,-0.16239999,1.6231042,-0.5738991650033296
4,1,590406.014914006,-0.16239999,1.6229132,-0.5741249380699679
4,1,590411.0151078962,-0.16239999,1.6227033,-0.5743507109109338
4,1,590416.0153017864,-0.16239999,1.622646,-0.5745764816370235
4,1,590421.0154956765,-0.16239999,1.6224551,-0.5748022546237931
4,1,590426.0156895667,-0.16239999,1.6222832,-0.5750280290120791
4,1,590431.0158834569,-0.16239999,1.6221879,-0.5752538033985338
4,1,590436.0160773471,-0.16239999,1.6220351,-0.5754795795181982
4,1,590441.0162712373,-0.16239999,1.6218442,-0.5757053541085646
4,1,590446.0164651275,-0.16239999,1.6216342,-0.575931129903343
4,1,590451.0166590177,-0.16239999,1.6215388,-0.5761569068538017
4,1,590456.0168529078,-0.16239999,1.6213096,-0.5763826845515826
4,1,590461.017046798,-0.16239999,1.6211951,-0.576608463247445
4,1,590466.0172406882,-0.16239999,1.6210042,-0.576834239338764
4,1,590471.0174345784,-0.16239999,1.6206988,-0.5770600125547442
4,1,590476.0176284686,-0.16239999,1.6206033,-0.5772857867682105
4,1,590481.0178223588,-0.16239999,1.6204506,-0.5775115621305953
4,1,590486.0180162489,-0.16239999,1.6202788,-0.5777373379200607
4,1,590491.0182101391,-0.16239999,1.6200879,-0.5779631147321008
4,1,590496.0184040293,-0.16239999,1.6198589,-0.5781888893978067
4,1,590501.0185979195,-0.16239999,1.6197443,-0.5784146630303438
4,1,590506.0187918097,-0.16239999,1.6197634,-0.5786404357609245
4,1,590511.0189856999,-0.16239999,1.6196488,-0.5788662090070273
4,1,590516.01917959,-0.16239999,1.6195343,-0.5790919796736416
4,1,590521.0193734802,-0.16239999,1.6192861,-0.5793177504726683
4,1,590526.0195673704,-0.16239999,1.6192479,-0.5795435224031452
4,1,590531.0197612606,-0.16239999,1.6192098,-0.5797692946021841
4,1,590536.0199551508,-0.16239999,1.6191334,-0.5799950683404251
4,1,590541.020149041,-0.16239999,1.6188852,-0.5802208412177805
4,1,590546.0203429312,-0.16239999,1.6189044,-0.5804466141223306
4,1,590551.0205368213,-0.16239999,1.6187325,-0.5806723872127187
4,1,590556.0207307115,-0.16239999,1.6185607,-0.5808981604799465
4,1,590561.0209246017,-0.16239999,1.6183316,-0.5811239321918473
4,1,590566.0211184919,-0.16239999,1.6181788,-0.581349703911178
4,1,590571.0213123821,-0.16239999,1.6180261,-0.5815754773531914
4,1,590576.0215062723,-0.16239999,1.6178734,-0.5818012507061439
4,1,590581.0217001624,-0.16239999,1.6180071,-0.5820270212219956
4,1,590586.0218940526,-0.16239999,1.6177016,-0.5822527933963705
4,1,590591.0220879428,-0.16239999,1.6177016,-0.5824785677192412
4,1,590596.022281833,-0.16239999,1.6174153,-0.5827043413365295
4,1,590601.0224757232,-0.16239999,1.6172053,-0.5829301132245968
4,1,590606.0226696134,-0.16239999,1.6170335,-0.5831558851762929
4,1,590611.0228635035,-0.16239999,1.6169189,-0.5833816579917878
4,1,590616.0230573937,-0.16239999,1.6168425,-0.5836074318553799
4,1,590621.0232512839,-0.16239999,1.6166517,-0.5838332059496544
4,1,590626.0234451741,-0.16239999,1.6166135,-0.5840589805304004
4,1,590631.0236390643,-0.16239999,1.6164799,-0.584284758522562
4,1,590636.0238329545,-0.16239999,1.6162317,-0.5845105367728796
4,1,590641.0240268447,-0.16239999,1.6162126,-0.5847363148046617
4,1,590646.0242207348,-0.16239999,1.6159453,-0.5849620917919254
4,1,590651.024414625,-0.16239999,1.6157353,-0.5851878700409375
4,1,590656.0246085152,-0.16239999,1.6155635,-0.5854136440470402
4,1,590661.0248024054,-0.16239999,1.615468,-0.5856394172335947
4,1,590666.0249962956,-0.16239999,1.6154299,-0.5858651904368898
4,1,590671.0251901858,-0.16239999,1.6152962,-0.5860909629484333
4,1,590676.0253840759,-0.16239999,1.6151817,-0.5863167353636863
4,1,590681.0255779661,-0.16239999,1.615029,-0.5865425086915146
4,1,590686.0257718563,-0.16239999,1.6147808,-0.5867682831095433
4,1,590691.0259657465,-0.16239999,1.614609,-0.5869940571295371
4,1,590696.0261596367,-0.16239999,1.614399,-0.5872198310917558
4,1,590701.0263535269,-0.16239999,1.6142844,-0.5874456058321703
4,1,590706.026547417,-0.16239999,1.6140363,-0.5876713812348686
4,1,590711.0267413072,-0.16239999,1.613979,-0.5878971568682666
4,1,590716.0269351974,-0.16239999,1.6138072,-0.5881229309019869
4,1,590721.0271290876,-0.16239999,1.6136736,-0.5883487047092816
4,1,590726.0273229778,-0.16239999,1.6135018,-0.5885744820371354
4,1,590731.027516868,-0.16239999,1.6135018,-0.5888002600217743
4,1,590736.0277107581,-0.16239999,1.6132345,-0.5890260396988094
4,1,590741.0279046483,-0.16239999,1.6130435,-0.5892518155685903
4,1,590746.0280985385,-0.16239999,1.6128718,-0.5894775937015215
4,1,590751.0282924287,-0.16239999,1.6126617,-0.5897033704318809
4,1,590756.0284863189,-0.16239999,1.6127,-0.5899291450342908
4,1,590761.0286802091,-0.16239999,1.6124136,-0.5901549184598699
4,1,590766.0288740993,-0.16239999,1.6123754,-0.590380692505391
4,1,590771.0290679894,-0.16239999,1.6122417,-0.5906064651651879
4,1,590776.0292618796,-0.16239999,1.6121081,-0.5908322392116246
4,1,590781.0294557698,-0.16239999,1.6121081,-0.5910580154062294
4,1,590786.02964966,-0.16239999,1.61186,-0.5912837939750882
4,1,590791.0298435502,-0.16239999,1.6117072,-0.5915095690175592
4,1,590796.0300374404,-0.16239999,1.6115928,-0.5917353469251195
4,1,590801.0302313305,-0.16239999,1.6112682,-0.5919611225473045
4,1,590806.0304252207,-0.16239999,1.6111345,-0.5921868982787455
4,1,590811.0306191109,-0.16239999,1.6109818,-0.5924126765320599
4,1,590816.0308130011,-0.16239999,1.6110009,-0.5926384554739106
4,1,590821.0310068913,-0.16239999,1.6107718,-0.5928642323967814
4,1,590826.0312007815,-0.16239999,1.6105237,-0.5930900077951551
4,1,590831.0313946716,-0.16239999,1.6104854,-0.5933157832901594
4,1,590836.0315885618,-0.16239999,1.6102182,-0.5935415612359685
4,1,590841.031782452,-0.16239999,1.6100464,-0.5937673397708444
4,1,590846.0319763422,-0.16239999,1.6100464,-0.5939931175066779
4,1,590851.0321702324,-0.16239999,1.60976,-0.5942188958252611
4,1,590856.0323641226,-0.16239999,1.6095309,-0.5944446720552817
4,1,590861.0325580128,-0.16239999,1.6093401,-0.594670447905538
4,1,590866.0327519029,-0.16239999,1.6093019,-0.5948962257447905
4,1,590871.0329457931,-0.16239999,1.6090919,-0.5951220052421317
4,1,590876.0331396833,-0.16239999,1.60913,-0.5953477823100669
4,1,590881.0333335735,-0.16239999,1.6087483,-0.5955735606449213
4,1,590886.0335274637,-0.16239999,1.6087483,-0.5957993374160023
4,1,590891.0337213539,-0.16239999,1.6085573,-0.5960251145680986
4,1,590896.033915244,-0.16239999,1.608481,-0.5962508896427494
4,1,590901.0341091342,-0.16239999,1.6084046,-0.5964766619192751
4,1,590906.0343030244,-0.16239999,1.6083474,-0.5967024347988383
4,1,590911.0344969146,-0.16239999,1.6079847,-0.5969282082657723
4,1,590916.0346908048,-0.16239999,1.6078892,-0.5971539838390648
4,1,590921.034884695,-0.16239999,1.6077746,-0.5973797579481461
4,1,590926.0350785851,-0.16239999,1.6075073,-0.5976055311221505
4,1,590931.0352724753,-0.16239999,1.6074692,-0.5978313010672571
4,1,590936.0354663655,-0.16239999,1.6072593,-0.5980570722951766
4,1,590941.0356602557,-0.16239999,1.6070683,-0.5982828437168748
4,1,590946.0358541459,-0.16239999,1.6068774,-0.5985086147642525
4,1,590951.0360480361,-0.16239999,1.6067055,-0.598734384632595
4,1,590956.0362419263,-0.16239999,1.6066674,-0.5989601563079987
4,1,590961.0364358164,-0.16239999,1.6064383,-0.5991859265273851
4,1,590966.0366297066,-0.16239999,1.6064765,-0.5994116945915396
4,1,590971.0368235968,-0.16239999,1.6063238,-0.5996374618595731
4,1,590976.037017487,-0.16239999,1.6060566,-0.599863229674658
4,1,590981.0372113772,-0.16239999,1.6059802,-0.6000889985282652
4,1,590986.0374052674,-0.16239999,1.6058656,-0.6003147654056482
4,1,590991.0375991575,-0.16239999,1.6056938,-0.6005405326166533
4,1,590996.0377930477,-0.16239999,1.6053884,-0.6007663001872275
4,1,591001.0379869379,-0.16239999,1.6052548,-0.6009920702588615
4,1,591006.0381808281,-0.16239999,1.6051593,-0.6012178415227142
4,1,591011.0383747183,-0.16239999,1.6049492,-0.6014436122746549
4,1,591016.0385686085,-0.16239999,1.6046247,-0.6016693805596157
4,1,591021.0387624986,-0.16239999,1.6046438,-0.6018951514382229
4,1,591026.0389563888,-0.16239999,1.604453,-0.602120925455624
4,1,591031.039150279,-0.16239999,1.6042048,-0.6023466996683544
4,1,591036.0393441692,-0.16239999,1.6042429,-0.6025724717096032
4,1,591041.0395380594,-0.16239999,1.6039947,-0.6027982445947511
4,1,591046.0397319496,-0.16239999,1.6038611,-0.6030240201244801
4,1,591051.0399258398,-0.16239999,1.6035938,-0.60324979317568
4,1,591056.0401197299,-0.16239999,1.6035938,-0.6034755668778544
4,1,591061.0403136201,-0.16239999,1.6033839,-0.6037013400022305
4,1,591066.0405075103,-0.16239999,1.6031357,-0.6039271147390629
4,1,591071.0407014005,-0.16239999,1.6031739,-0.6041528880213102
4,1,591076.0408952907,-0.16239999,1.6028494,-0.6043786607073397
4,1,591081.0410891809,-0.16239999,1.6026393,-0.604604435337315
4,1,591086.041283071,-0.16239999,1.6025249,-0.604830208589265
4,1,591091.0414769612,-0.16239999,1.6023912,-0.6050559817649159
4,1,591096.0416708514,-0.16239999,1.6022576,-0.6052817557419613
4,1,591101.0418647416,-0.16239999,1.6019903,-0.6055075295877341
4,1,591106.0420586318,-0.16239999,1.6018375,-0.605733302521714
4,1,591111.042252522,-0.16239999,1.6017803,-0.6059590791490567
4,1,591116.0424464121,-0.16239999,1.6015702,-0.606184855003241
4,1,591121.0426403023,-0.16239999,1.6015321,-0.6064106298078994
4,1,591126.0428341925,-0.16239999,1.6014175,-0.6066364024716144
4,1,591131.0430280827,-0.16239999,1.6012076,-0.6068621732437504
4,1,591136.0432219729,-0.16239999,1.6010549,-0.6070879436941975
4,1,591141.0434158631,-0.16239999,1.6007303,-0.6073137156799312
4,1,591146.0436097533,-0.16239999,1.6009022,-0.6075394901159853
4,1,591151.0438036434,-0.16239999,1.6003294,-0.6077652659252626
4,1,591156.0439975336,-0.16239999,1.6003867,-0.6079910430805378
4,1,591161.0441914238,-0.16239999,1.6001958,-0.6082168169366279
4,1,591166.044385314,-0.16239999,1.600024,-0.6084425925374677
4,1,591171.0445792042,-0.16239999,1.5997567,-0.608668366455483
4,1,591176.0447730944,-0.16239999,1.599604,-0.6088941386340326
4,1,591181.0449669845,-0.16239999,1.5994895,-0.6091199129296152
4,1,591186.0451608747,-0.16239999,1.5992795,-0.6093456853842322
4,1,591191.0453547649,-0.16239999,1.5990313,-0.6095714568870391
4,1,591196.0455486551,-0.16239999,1.5989931,-0.6097972293800827
4,1,591201.0457425453,-0.16239999,1.5988213,-0.6100230043135997
4,1,591206.0459364355,-0.16239999,1.5985922,-0.6102487765955023
4,1,591211.0461303256,-0.16239999,1.5985159,-0.6104745477978273
4,1,591216.0463242158,-0.16239999,1.5983441,-0.6107003184372403
4,1,591221.046518106,-0.16239999,1.5980577,-0.6109260871004016
4,1,591226.0467119962,-0.16239999,1.5978477,-0.6111518548127621
4,1,591231.0469058864,-0.16239999,1.5976759,-0.6113776229801652
4,1,591236.0470997766,-0.16239999,1.5977522,-0.6116033918393331
4,1,591241.0472936668,-0.16239999,1.5975614,-0.6118291627342646
4,1,591246.0474875569,-0.16239999,1.5972177,-0.6120549370177706
4,1,591251.0476814471,-0.16239999,1.597065,-0.6122807107846533
4,1,591256.0478753373,-0.16239999,1.5969504,-0.6125064834741879
4,1,591261.0480692275,-0.16239999,1.596836,-0.6127322583960572
4,1,591266.0482631177,-0.16239999,1.5967596,-0.6129580333731236
4,1,591271.0484570079,-0.16239999,1.5965114,-0.6131838051751508
4,1,591276.048650898,-0.16239999,1.5963777,-0.6134095778868948
4,1,591281.0488447882,-0.16239999,1.5962441,-0.6136353542896803
4,1,591286.0490386784,-0.16239999,1.5960342,-0.6138611278008931
4,1,591291.0492325686,-0.16239999,1.5958813,-0.6140869016142062
4,1,591296.0494264588,-0.16239999,1.595595,-0.6143126766716636
4,1,591301.049620349,-0.16239999,1.5954996,-0.6145384511787888
4,1,591306.0498142391,-0.16239999,1.5954996,-0.6147642271756344
4,1,591311.0500081293,-0.16239999,1.5953469,-0.614990001924848
4,1,591316.0502020195,-0.16239999,1.5952133,-0.6152157759570541
4,1,591321.0503959097,-0.16239999,1.5953087,-0.6154415496055107
4,1,591326.0505897999,-0.16239999,1.5949268,-0.6156673239420333
4,1,591331.0507836901,-0.16239999,1.5945833,-0.6158930979529995
4,1,591336.0509775802,-0.16239999,1.594736,-0.6161188723228329
4,1,591341.0511714704,-0.16239999,1.5945451,-0.6163446477334065
4,1,591346.0513653606,-0.16239999,1.5943923,-0.6165704223294519
4,1,591351.0515592508,-0.16239999,1.5942396,-0.6167961978662556
4,1,591356.051753141,-0.16239999,1.5939915,-0.6170219687258051
4,1,591361.0519470312,-0.16239999,1.593896,-0.6172477399850301
4,1,591366.0521409214,-0.16239999,1.5936097,-0.6174735118037127
4,1,591371.0523348115,-0.16239999,1.5935524,-0.6176992855291619
4,1,591376.0525287017,-0.16239999,1.5934187,-0.6179250557659851
4,1,591381.0527225919,-0.16239999,1.5932469,-0.6181508236589501
4,1,591386.0529164821,-0.16239999,1.5930178,-0.6183765897486867
4,1,591391.0531103723,-0.16239999,1.5927696,-0.6186023571791495
4,1,591396.0533042625,-0.16239999,1.5926169,-0.6188281249241079
4,1,591401.0534981526,-0.16239999,1.5924451,-0.6190538944262841
4,1,591406.0536920428,-0.16239999,1.5923496,-0.6192796636549379
4,1,591411.053885933,-0.16239999,1.5918534,-0.6195054303684586
4,1,591416.0540798232,-0.16239999,1.5919106,-0.6197311969834057
4,1,591421.0542737134,-0.16239999,1.5915288,-0.619956964619031
4,1,591426.0544676036,-0.16239999,1.5914906,-0.6201827333060798
4,1,591431.0546614937,-0.16239999,1.5912043,-0.6204085014310865
4,1,591436.0548553844,-0.16239999,1.591147,-0.6206342711589499
4,1,591441.055049275,-0.16239999,1.5908606,-0.620860040494291
4,1,591446.0552431657,-0.16239999,1.5907462,-0.6210858091256863
4,1,591451.0554370563,-0.16239999,1.5906507,-0.6213115774715018
4,1,591456.055630947,-0.16239999,1.5902307,-0.6215373464446139
4,1,591461.0558248376,-0.16239999,1.5900971,-0.6217631152960531
4,1,591466.0560187283,-0.16239999,1.5898489,-0.6219888848762576
4,1,591471.056212619,-0.16239999,1.5896198,-0.6222146557572457
4,1,591476.0564065096,-0.16239999,1.5896388,-0.6224404275054838
4,1,591481.0566004002,-0.16239999,1.5895435,-0.622666196860054
4,1,591486.0567942909,-0.16239999,1.5892379,-0.6228919656751177
4,1,591491.0569881815,-0.16239999,1.5891616,-0.6231177356468262
4,1,591496.0571820722,-0.16239999,1.588818,-0.6233435061495689
4,1,591501.0573759628,-0.16239999,1.5887417,-0.6235692768076422
4,1,591506.0575698535,-0.16239999,1.5885125,-0.6237950457684385
4,1,591511.0577637441,-0.16239999,1.5883598,-0.6240208136294959
4,1,591516.0579576348,-0.16239999,1.588188,-0.6242465816961497
4,1,591521.0581515254,-0.16239999,1.5880162,-0.6244723494793527
4,1,591526.0583454161,-0.16239999,1.5878062,-0.6246981199322321
4,1,591531.0585393067,-0.16239999,1.5876917,-0.624923891930669
4,1,591536.0587331972,-0.16239999,1.5876153,-0.6251496652075179
4,1,591541.0589270876,-0.16239999,1.5874435,-0.6253754381129049
4,1,591546.059120978,-0.16239999,1.5872526,-0.6256012106916311
4,1,591551.0593148684,-0.16239999,1.5870426,-0.6258269822961459
4,1,591556.0595087588,-0.16239999,1.5868517,-0.6260527566574914
4,1,591561.0597026492,-0.16239999,1.5866035,-0.6262785305203037
4,1,591566.0598965397,-0.16239999,1.586489,-0.6265043048611518
4,1,591571.0600904301,-0.16239999,1.5863744,-0.626730076452648
4,1,591576.06028432,-0.16239999,1.5860118,-0.6269558502401399
4,1,591581.0604782104,-0.16239999,1.5859926,-0.627181625334793
4,1,591586.060672101,-0.16239999,1.5855345,-0.6274073987493312
4,1,591591.0608659915,-0.16239999,1.5853053,-0.6276331733574225
4,1,591596.061059882,-0.16239999,1.5852481,-0.6278589492370531
4,1,591601.0612537726,-0.16239999,1.5849044,-0.6280847236524816
4,1,591606.0614476631,-0.16239999,1.58479,-0.6283104974475954
4,1,591611.0616415536,-0.16239999,1.5846181,-0.6285362672126065
4,1,591616.0618354442,-0.16239999,1.5843127,-0.628762038273829
4,1,591621.0620293347,-0.16239999,1.5841409,-0.6289878090327575
4,1,591626.0622232252,-0.16239999,1.5841218,-0.6292135802736053
4,1,591631.0624171158,-0.16239999,1.5838163,-0.6294393528732768
4,1,591636.0626110063,-0.16239999,1.5838354,-0.6296651258748664
4,1,591641.0628048969,-0.16239999,1.583549,-0.6298908979578857
4,1,591646.0629987873,-0.16239999,1.5832818,-0.6301166682817806
4,1,591651.0631926781,-0.16239999,1.5830909,-0.6303424360529957
4,1,591656.0633865686,-0.16239999,1.5829573,-0.6305682067680551
4,1,591661.0635804591,-0.16239999,1.5829,-0.6307939800283199
4,1,591666.0637743496,-0.16239999,1.5825373,-0.6310197547339286
4,1,591671.0639682402,-0.16239999,1.5825373,-0.6312455295100661
4,1,591676.0641621307,-0.16239999,1.58227,-0.6314713053076534
4,1,591681.0643560212,-0.16239999,1.5821745,-0.6316970840821847
4,1,591686.0645499118,-0.16239999,1.5819837,-0.6319228595828573
4,1,591691.064743802,-0.16239999,1.5817164,-0.6321486343002015
4,1,591696.0649376924,-0.16239999,1.5814301,-0.6323744074468888
4,1,591701.0651315828,-0.16239999,1.5813346,-0.6326001791370737
4,1,591706.0653254732,-0.16239999,1.5811628,-0.6328259494333766
4,1,591711.0655193636,-0.16239999,1.5808382,-0.6330517215128543
4,1,591716.065713254,-0.16239999,1.5805901,-0.6332774926627975
4,1,591721.0659071445,-0.16239999,1.5804565,-0.6335032626468375
4,1,591726.0661010349,-0.16239999,1.5804565,-0.6337290305525141
4,1,591731.0662949253,-0.16239999,1.58017,-0.6339547972983728
4,1,591736.0664888159,-0.16239999,1.5800173,-0.6341805607489109
4,1,591741.0666827061,-0.16239999,1.5797691,-0.6344063262322704
4,1,591746.0668765968,-0.16239999,1.5796164,-0.6346320928385939
4,1,591751.0670704874,-0.16239999,1.5795592,-0.6348578587577122
4,1,591756.0672643781,-0.16239999,1.5793492,-0.6350836246341527
4,1,591761.0674582687,-0.16239999,1.5790819,-0.635309393027406
4,1,591766.0676521594,-0.16239999,1.5790056,-0.6355351632750715
4,1,591771.06784605,-0.16239999,1.5787574,-0.6357609343648034
4,1,591776.0680399407,-0.16239999,1.5785856,-0.6359867041711594
4,1,591781.0682338313,-0.16239999,1.5782993,-0.6362124728368316
4,1,591786.068427722,-0.16239999,1.5780702,-0.636438243324092
4,1,591791.0686216126,-0.16239999,1.5779365,-0.6366640118924339
4,1,591796.0688155033,-0.16239999,1.5778029,-0.6368897812775126
4,1,591801.0690093939,-0.16239999,1.5776883,-0.6371155502007191
4,1,591806.0692032846,-0.16239999,1.5774401,-0.6373413181961577
4,1,591811.0693971752,-0.16239999,1.5773256,-0.6375670898400563
4,1,591816.0695910659,-0.16239999,1.5771347,-0.6377928617546113
4,1,591821.0697849565,-0.16239999,1.5769056,-0.6380186361410495
4,1,591826.0699788472,-0.16239999,1.5767148,-0.6382444094129843
4,1,591831.0701727378,-0.16239999,1.5764666,-0.6384701824747697
4,1,591836.0703666285,-0.16239999,1.5762948,-0.6386959572773427
4,1,591841.0705605187,-0.16239999,1.5762757,-0.6389217315843155
4,1,591846.0707544088,-0.16239999,1.5761993,-0.6391475031974821
4,1,591851.070948299,-0.16239999,1.5757412,-0.6393732776309774
4,1,591856.0711421892,-0.16239999,1.5755885,-0.6395990530280016
4,1,591861.0713360794,-0.16239999,1.5754739,-0.6398248289176475
4,1,591866.0715299696,-0.16239999,1.5752829,-0.6400506074914503
4,1,591871.0717238598,-0.16239999,1.5750539,-0.6402763831829976
4,1,591876.0719177499,-0.16239999,1.5748057,-0.640502158421509
4,1,591881.0721116401,-0.16239999,1.5746912,-0.6407279360120537
4,1,591886.0723055303,-0.16239999,1.574462,-0.640953710087931
4,1,591891.0724994205,-0.16239999,1.574233,-0.6411794788958811
4,1,591896.0726933107,-0.16239999,1.5740994,-0.6414052487503927
4,1,591901.0728872009,-0.16239999,1.5739084,-0.6416310213411177
4,1,591906.073081091,-0.16239999,1.5736603,-0.6418567950004463
4,1,591911.0732749812,-0.16239999,1.5734885,-0.6420825670065863
4,1,591916.0734688714,-0.16239999,1.5732976,-0.6423083378802819
4,1,591921.0736627616,-0.16239999,1.5730876,-0.6425341086467198
4,1,591926.0738566518,-0.16239999,1.5728776,-0.6427598790797988
4,1,591931.074050542,-0.16239999,1.5728394,-0.6429856501912143
4,1,591936.0742444322,-0.16239999,1.572534,-0.6432114209324751
4,1,591941.0744383223,-0.16239999,1.5723813,-0.6434371912532482
4,1,591946.0746322125,-0.16239999,1.5721331,-0.6436629645619343
4,1,591951.0748261027,-0.16239999,1.5720185,-0.6438887356181326
4,1,591956.0750199929,-0.16239999,1.571675,-0.6441145073108192
4,1,591961.0752138831,-0.16239999,1.5715222,-0.6443402788181428
4,1,591966.0754077733,-0.16239999,1.5711786,-0.6445660507568542
4,1,591971.0756016634,-0.16239999,1.5710449,-0.6447918257063767
4,1,591976.0757955536,-0.16239999,1.5707967,-0.6450176015245127
4,1,591981.0759894438,-0.16239999,1.5706631,-0.6452433769686925
4,1,591986.076183334,-0.16239999,1.5705676,-0.6454691488681434
4,1,591991.0763772242,-0.16239999,1.5703003,-0.6456949203442499
4,1,591996.0765711144,-0.16239999,1.5700713,-0.645920687996971
4,1,592001.0767650045,-0.16239999,1.570014,-0.6461464554323653
4,1,592006.0769588947,-0.16239999,1.5696514,-0.6463722233405328
4,1,592011.0771527849,-0.16239999,1.5695559,-0.6465979865706455
4,1,592016.0773466751,-0.16239999,1.5693841,-0.6468237517488565
4,1,592021.0775405653,-0.16239999,1.5690404,-0.6470495172505139
4,1,592026.0777344555,-0.16239999,1.5689641,-0.6472752849817077
4,1,592031.0779283457,-0.16239999,1.5688113,-0.6475010525873105
4,1,592036.0781222358,-0.16239999,1.5686395,-0.6477268216319101
4,1,592041.078316126,-0.16239999,1.5684487,-0.6479525893079581
4,1,592046.0785100162,-0.16239999,1.568315,-0.6481783541953837
4,1,592051.0787039064,-0.16239999,1.5681623,-0.6484041194487222
4,1,592056.0788977966,-0.16239999,1.5680668,-0.648629887333744
4,1,592061.0790916868,-0.16239999,1.5676469,-0.6488556548296155
4,1,592066.0792855769,-0.16239999,1.5675132,-0.649081424171408
4,1,592071.0794794671,-0.16239999,1.5674177,-0.6493071967034919
4,1,592076.0796733573,-0.16239999,1.5671887,-0.6495329676545618
4,1,592081.0798672475,-0.16239999,1.5669596,-0.6497587407386096
4,1,592086.0800611377,-0.16239999,1.566826,-0.649984515571346
4,1,592091.0802550279,-0.16239999,1.5665014,-0.6502102901553446
4,1,592096.080448918,-0.16239999,1.5663869,-0.6504360634187286
4,1,592101.0806428082,-0.16239999,1.5662533,-0.6506618338521504
4,1,592106.0808366984,-0.16239999,1.5659287,-0.650887603704287
4,1,592111.0810305886,-0.16239999,1.5659478,-0.651113372572009
4,1,592116.0812244788,-0.16239999,1.5656424,-0.6513391428950603
4,1,592121.081418369,-0.16239999,1.5653942,-0.6515649155308464
4,1,592126.0816122591,-0.16239999,1.5652033,-0.6517906846709864
4,1,592131.0818061493,-0.16239999,1.5652224,-0.6520164556712451
4,1,592136.0820000395,-0.16239999,1.5648979,-0.6522422284530692
4,1,592141.0821939297,-0.16239999,1.5646878,-0.6524679998315657
4,1,592146.0823878199,-0.16239999,1.5645924,-0.6526937709504682
4,1,592151.0825817101,-0.16239999,1.564077,-0.6529195418859953
4,1,592156.0827756003,-0.16239999,1.5639625,-0.6531453139682786
4,1,592161.0829694904,-0.16239999,1.5638479,-0.6533710857617467
4,1,592166.0831633806,-0.16239999,1.5635616,-0.6535968552436879
4,1,592171.0833572708,-0.16239999,1.5634279,-0.6538226276217071
4,1,592176.083551161,-0.16239999,1.5631224,-0.6540484009194631
4,1,592181.0837450512,-0.16239999,1.562817,-0.6542741778554064
4,1,592186.0839389414,-0.16239999,1.5626261,-0.6544999531395304
4,1,592191.0841328315,-0.16239999,1.5623589,-0.6547257248588387
4,1,592196.0843267217,-0.16239999,1.5622634,-0.6549515007922468
4,1,592201.0845206119,-0.16239999,1.561958,-0.6551772709546686
4,1,592206.0847145021,-0.16239999,1.5617862,-0.6554030416574197
4,1,592211.0849083923,-0.16239999,1.5617288,-0.6556288116279253
4,1,592216.0851022825,-0.16239999,1.5614616,-0.6558545811597888
4,1,592221.0852961726,-0.16239999,1.5612898,-0.656080353341991
4,1,592226.0854900628,-0.16239999,1.5610797,-0.6563061288370425
4,1,592231.085683953,-0.16239999,1.5608889,-0.656531900762992
4,1,592236.0858778432,-0.16239999,1.5606407,-0.6567576723259383
4,1,592241.0860717334,-0.16239999,1.5605261,-0.6569834439323372
4,1,592246.0862656236,-0.16239999,1.5603925,-0.6572092167687054
4,1,592251.0864595138,-0.16239999,1.5600299,-0.6574349936663328
4,1,592256.0866534039,-0.16239999,1.5599153,-0.6576607677988122
4,1,592261.0868472941,-0.16239999,1.559629,-0.6578865410583294
4,1,592266.0870411843,-0.16239999,1.5593808,-0.6581123144438319
4,1,592271.0872350745,-0.16239999,1.5590371,-0.6583380891973337
4,1,592276.0874289647,-0.16239999,1.5589417,-0.65856386660698
4,1,592281.0876228549,-0.16239999,1.5588844,-0.658789644762234
4,1,592286.087816745,-0.16239999,1.558598,-0.6590154226336954
4,1,592291.0880106352,-0.16239999,1.5583881,-0.6592412008391034
4,1,592296.0882045254,-0.16239999,1.5582353,-0.6594669780627277
4,1,592301.0883984156,-0.16239999,1.5581208,-0.6596927564316495
4,1,592306.0885923058,-0.16239999,1.5578917,-0.6599185317717049
4,1,592311.088786196,-0.16239999,1.5577008,-0.6601443108680443
4,1,592316.0889800861,-0.16239999,1.5573763,-0.6603700869773936
4,1,592321.0891739763,-0.16239999,1.5572236,-0.6605958609410246
4,1,592326.0893678665,-0.16239999,1.5569754,-0.6608216343006321
4,1,592331.0895617567,-0.16239999,1.5567272,-0.6610474063200432
4,1,592336.0897556469,-0.16239999,1.5563836,-0.6612731783888517
4,1,592341.0899495371,-0.16239999,1.5561736,-0.6614989523044075
4,1,592346.0901434273,-0.16239999,1.556059,-0.6617247276440432
4,1,592351.0903373174,-0.16239999,1.5556964,-0.661950502380581
4,1,592356.0905312076,-0.16239999,1.5555818,-0.6621762772030263
4,1,592361.0907250978,-0.16239999,1.5553145,-0.6624020506969106
4,1,592366.090918988,-0.16239999,1.5551809,-0.6626278242125846
4,1,592371.0911128782,-0.16239999,1.5547991,-0.6628535981372359
4,1,592376.0913067684,-0.16239999,1.55457,-0.6630793734836931
4,1,592381.0915006585,-0.16239999,1.5542836,-0.6633051493449555
4,1,592386.0916945487,-0.16239999,1.5541118,-0.6635309238521271
4,1,592391.0918884389,-0.16239999,1.5541118,-0.6637567010431161
4,1,592396.0920823291,-0.16239999,1.5538064,-0.6639824779535296
4,1,592401.0922762193,-0.16239999,1.5535392,-0.6642082539313009
4,1,592406.0924701095,-0.16239999,1.553291,-0.6644340286248462
4,1,592411.0926639996,-0.16239999,1.5531955,-0.6646598015435831
4,1,592416.0928578898,-0.16239999,1.552871,-0.6648855770156917
4,1,592421.09305178,-0.16239999,1.5526037,-0.6651113532396327
4,1,592426.0932456702,-0.16239999,1.552451,-0.6653371310265167
4,1,592431.0934395604,-0.16239999,1.5522219,-0.6655629076117595
4,1,592436.0936334506,-0.16239999,1.5519928,-0.665788681840728
4,1,592441.0938273408,-0.16239999,1.5519737,-0.6660144574043886
4,1,592446.0940212309,-0.16239999,1.5517064,-0.6662402327674762
4,1,592451.0942151211,-0.16239999,1.5513629,-0.666466004517976
4,1,592456.0944090113,-0.16239999,1.5512865,-0.6666917793906764
4,1,592461.0946029015,-0.16239999,1.5510764,-0.6669175540075569
4,1,592466.0947967917,-0.16239999,1.5509046,-0.6671433291544767
4,1,592471.0949906819,-0.16239999,1.5506947,-0.667369104253563
4,1,592476.095184572,-0.16239999,1.5504656,-0.6675948767851858
4,1,592481.0953784622,-0.16239999,1.5501983,-0.6678206481035411
4,1,592486.0955723524,-0.16239999,1.5500838,-0.6680464217599574
4,1,592491.0957662426,-0.16239999,1.5498929,-0.6682721953981686
4,1,592496.0959601328,-0.16239999,1.5496256,-0.6684979688548331
4,1,592501.096154023,-0.16239999,1.5494156,-0.6687237432481118
4,1,592506.0963479131,-0.16239999,1.5491866,-0.6689495142782431
4,1,592511.0965418033,-0.16239999,1.5490338,-0.6691752850732731
4,1,592516.0967356935,-0.16239999,1.5487283,-0.6694010572143455
4,1,592521.0969295837,-0.16239999,1.5485375,-0.6696268278416803
4,1,592526.0971234739,-0.16239999,1.5483656,-0.6698525962335063
4,1,592531.0973173641,-0.16239999,1.5481747,-0.6700783650442206
4,1,592536.0975112543,-0.16239999,1.5479648,-0.6703041334470529
4,1,592541.0977051444,-0.16239999,1.5478693,-0.6705299051490436
4,1,592546.0978990346,-0.16239999,1.5474875,-0.670755674763462
4,1,592551.0980929248,-0.16239999,1.5474875,-0.670981445014775
4,1,592556.098286815,-0.16239999,1.547163,-0.6712072150324924
4,1,592561.0984807052,-0.16239999,1.5470484,-0.6714329876965914
4,1,592566.0986745954,-0.16239999,1.5466857,-0.6716587567355543
4,1,592571.0988684855,-0.16239999,1.5463612,-0.6718845274689149
4,1,592576.0990623757,-0.16239999,1.5461512,-0.6721102985379093
4,1,592581.0992562659,-0.16239999,1.545922,-0.6723360730959717
4,1,592586.0994501561,-0.16239999,1.5457884,-0.6725618496305729
4,1,592591.0996440463,-0.16239999,1.5456357,-0.6727876245492408
4,1,592596.0998379365,-0.16239999,1.5453684,-0.6730133985338005
4,1,592601.1000318266,-0.16239999,1.5452157,-0.6732391721138093
4,1,592606.1002257168,-0.16239999,1.5449485,-0.6734649488189817
4,1,592611.100419607,-0.16239999,1.5446049,-0.6736907242669413
4,1,592616.1006134972,-0.16239999,1.5444522,-0.6739165014615563
4,1,592621.1008073874,-0.16239999,1.5443186,-0.6741422752806213
4,1,592626.1010012776,-0.16239999,1.5441849,-0.6743680495308538
4,1,592631.1011951678,-0.16239999,1.5437076,-0.6745938221669139
4,1,592636.1013890579,-0.16239999,1.5434594,-0.6748195940928384
4,1,592641.1015829481,-0.16239999,1.5434594,-0.6750453662748618
4,1,592646.1017768383,-0.16239999,1.5430585,-0.675271139226151
4,1,592651.1019707285,-0.16239999,1.5428677,-0.6754969106372744
4,1,592656.1021646187,-0.16239999,1.5425813,-0.6757226837234348
4,1,592661.1023585089,-0.16239999,1.5423903,-0.6759484551463624
4,1,592666.102552399,-0.16239999,1.5422376,-0.6761742249878413
4,1,592671.1027462892,-0.16239999,1.5418558,-0.676399995839542
4,1,592676.1029401794,-0.16239999,1.5418177,-0.676625767511011
4,1,592681.1031340696,-0.16239999,1.5416268,-0.6768515354933415
4,1,592686.1033279598,-0.16239999,1.5413595,-0.6770773042609509
4,1,592691.10352185,-0.16239999,1.5413405,-0.6773030748299997
4,1,592696.1037157401,-0.16239999,1.5410923,-0.677528846434267
4,1,592701.1039096303,-0.16239999,1.540825,-0.6777546170548424
4,1,592706.1041035205,-0.16239999,1.5405196,-0.6779803868619559
4,1,592711.1042974107,-0.16239999,1.5402523,-0.6782061589067545
4,1,592716.1044913009,-0.16239999,1.5402331,-0.6784319297902353
4,1,592721.1046851911,-0.16239999,1.5399468,-0.6786576982298601
4,1,592726.1048790812,-0.16239999,1.5397941,-0.6788834702937669
4,1,592731.1050729714,-0.16239999,1.5396986,-0.6791092436432036
4,1,592736.1052668616,-0.16239999,1.5393932,-0.6793350166256535
4,1,592741.1054607518,-0.16239999,1.5391641,-0.6795607894942206
4,1,592746.105654642,-0.16239999,1.5389351,-0.6797865632059136
4,1,592751.1058485322,-0.16239999,1.5389351,-0.6800123346814191
4,1,592756.1060424224,-0.16239999,1.5388396,-0.6802381091401346
4,1,592761.1062363125,-0.16239999,1.538496,-0.6804638829735734
4,1,592766.1064302027,-0.16239999,1.5381905,-0.6806896558226555
4,1,592771.1066240929,-0.16239999,1.5379423,-0.6809154288621165
4,1,592776.1068179831,-0.16239999,1.537656,-0.6811412000032598
4,1,592781.1070118733,-0.16239999,1.5375223,-0.681366972192377
4,1,592786.1072057635,-0.16239999,1.5373315,-0.6815927415501684
4,1,592791.1073996536,-0.16239999,1.5373124,-0.6818185133116644
4,1,592796.1075935438,-0.16239999,1.537026,-0.6820442857978222
4,1,592801.107787434,-0.16239999,1.5367397,-0.6822700584455366
4,1,592806.1079813242,-0.16239999,1.536396,-0.6824958323104656
4,1,592811.1081752144,-0.16239999,1.5362815,-0.6827216054465292
4,1,592816.1083691046,-0.16239999,1.535957,-0.6829473747161718
4,1,592821.1085629947,-0.16239999,1.5356706,-0.6831731420619588
4,1,592826.1087568849,-0.16239999,1.5354797,-0.6833989095433173
4,1,592831.1089507751,-0.16239999,1.5352697,-0.6836246765760391
4,1,592836.1091446653,-0.16239999,1.5351361,-0.6838504441943103
4,1,592841.1093385555,-0.16239999,1.5348115,-0.6840762121232243
4,1,592846.1095324457,-0.16239999,1.5346206,-0.6843019798888051
4,1,592851.1097263359,-0.16239999,1.5343724,-0.6845277475997881
4,1,592856.109920226,-0.16239999,1.534067,-0.6847535145898312
4,1,592861.1101141162,-0.16239999,1.5339715,-0.6849792826940185
4,1,592866.1103080064,-0.16239999,1.5337043,-0.6852050494864517
4,1,592871.1105018966,-0.16239999,1.5334752,-0.6854308158928835
4,1,592876.1106957868,-0.16239999,1.5331316,-0.6856565833621613
4,1,592881.110889677,-0.16239999,1.532998,-0.685882349811352
4,1,592886.1110835671,-0.16239999,1.5326352,-0.6861081182523188
4,1,592891.1112774573,-0.16239999,1.5324444,-0.6863338879879821
4,1,592896.1114713475,-0.16239999,1.5320816,-0.6865596582526714
4,1,592901.1116652377,-0.16239999,1.5319289,-0.6867854271905315
4,1,592906.1118591279,-0.16239999,1.5316235,-0.687011192961466
4,1,592911.1120530181,-0.16239999,1.5313944,-0.6872369586721658
4,1,592916.1122469082,-0.16239999,1.5312226,-0.6874627247662097
4,1,592921.1124407984,-0.16239999,1.5308598,-0.6876884897297165
4,1,592926.1126346886,-0.16239999,1.5306499,-0.6879142558548988
4,1,592931.1128285788,-0.16239999,1.5303253,-0.6881400222453508
4,1,592936.113022469,-0.16239999,1.5301535,-0.6883657888003704
4,1,592941.1132163592,-0.16239999,1.5298098,-0.6885915567343575
4,1,592946.1134102494,-0.16239999,1.5297335,-0.6888173268260236
4,1,592951.1136041395,-0.16239999,1.529619,-0.6890430958402596
4,1,592956.1137980297,-0.16239999,1.5292753,-0.6892688654658207
4,1,592961.1139919199,-0.16239999,1.5290654,-0.6894946355391119
4,1,592966.1141858101,-0.16239999,1.5288553,-0.689720407565193
4,1,592971.1143797003,-0.16239999,1.5284927,-0.6899461772289558
4,1,592976.1145735905,-0.16239999,1.5282445,-0.6901719452241369
4,1,592981.1147674806,-0.16239999,1.528149,-0.6903977128827646
4,1,592986.1149613708,-0.16239999,1.5279391,-0.6906234823997948
4,1,592991.115155261,-0.16239999,1.5278436,-0.6908492497191007
4,1,592996.1153491512,-0.16239999,1.5276335,-0.691075018609475
4,1,593001.1155430414,-0.16239999,1.52729,-0.6913007896869356
4,1,593006.1157369316,-0.16239999,1.5271373,-0.6915265623694633
4,1,593011.1159308217,-0.16239999,1.5266027,-0.691752333810596
4,1,593016.1161247119,-0.16239999,1.5268127,-0.6919781028520962
4,1,593021.1163186021,-0.16239999,1.526679,-0.6922038741503607
4,1,593026.1165124923,-0.16239999,1.5261445,-0.6924296430297362
4,1,593031.1167063825,-0.16239999,1.52603,-0.6926554080002275
4,1,593036.1169002727,-0.16239999,1.5258391,-0.6928811725494101
4,1,593041.1170941629,-0.16239999,1.5254763,-0.6931069405346232
4,1,593046.1172880535,-0.16239999,1.5253427,-0.6933327105512089
4,1,593051.1174819442,-0.16239999,1.5250373,-0.6935584789688364
4,1,593056.1176758348,-0.16239999,1.5249227,-0.6937842457432019
4,1,593061.1178697255,-0.16239999,1.5245982,-0.694010014423733
4,1,593066.1180636161,-0.16239999,1.5243119,-0.694235784505749
4,1,593071.1182575068,-0.16239999,1.5240637,-0.6944615535383167
4,1,593076.1184513974,-0.16239999,1.5240446,-0.6946873226795139
4,1,593081.118645288,-0.16239999,1.5237392,-0.6949130924276421
4,1,593086.1188391787,-0.16239999,1.523491,-0.6951388641381083
4,1,593091.1190330693,-0.16239999,1.5233383,-0.6953646360120005
4,1,593096.11922696,-0.16239999,1.5231664,-0.6955904065784176
4,1,593101.1194208506,-0.16239999,1.5228992,-0.695816179919296
4,1,593106.1196147413,-0.16239999,1.5225747,-0.6960419547382056
4,1,593111.119808632,-0.16239999,1.5224983,-0.6962677277779555
4,1,593116.1200025226,-0.16239999,1.5219829,-0.6964935038720428
4,1,593121.1201964132,-0.16239999,1.5219065,-0.6967192781217281
4,1,593126.1203903039,-0.16239999,1.5215437,-0.6969450485190593
4,1,593131.1205841941,-0.16239999,1.5213147,-0.6971708187107651
4,1,593136.1207780847,-0.16239999,1.5211047,-0.697396591963129
4,1,593141.1209719754,-0.16239999,1.5207802,-0.6976223635910692
4,1,593146.1211658658,-0.16239999,1.5204939,-0.6978481340761425
4,1,593151.1213597562,-0.16239999,1.5202266,-0.6980739030968001
4,1,593156.1215536466,-0.16239999,1.5199975,-0.6982996702286577
4,1,593161.121747537,-0.16239999,1.5198257,-0.6985254392884912
4,1,593166.1219414275,-0.16239999,1.519673,-0.698751208257441
4,1,593171.1221353179,-0.16239999,1.5192912,-0.6989769759454918
4,1,593176.1223292083,-0.16239999,1.519043,-0.6992027449635598
4,1,593181.1225230987,-0.16239999,1.5187184,-0.6994285121873973
4,1,593186.1227169891,-0.16239999,1.518432,-0.6996542781538955
4,1,593191.1229108796,-0.16239999,1.5184511,-0.6998800441577434
4,1,593196.1231047701,-0.16239999,1.5181266,-0.7001058097826076
4,1,593201.1232986606,-0.16239999,1.5178975,-0.7003315755279891
4,1,593206.1234925514,-0.16239999,1.5174775,-0.7005573448999829
4,1,593211.1236864419,-0.16239999,1.5173248,-0.7007831154016528
4,1,593216.1238803325,-0.16239999,1.5170766,-0.7010088836024593
4,1,593221.124074223,-0.16239999,1.5168858,-0.7012346512455293
4,1,593226.1242681135,-0.16239999,1.5166185,-0.7014604226434444
4,1,593231.124462004,-0.16239999,1.5164467,-0.7016861923519239
4,1,593236.1246558946,-0.16239999,1.5161412,-0.7019119615224921
4,1,593241.1248497851,-0.16239999,1.5160267,-0.7021377332545029
4,1,593246.1250436755,-0.16239999,1.5155876,-0.7023635055807116
4,1,593251.1252375661,-0.16239999,1.5153203,-0.7025892795391248
4,1,593256.1254314566,-0.16239999,1.5152059,-0.7028150547915506
4,1,593261.125625347,-0.16239999,1.5149958,-0.7030408283278693
4,1,593266.1258192377,-0.16239999,1.5146904,-0.7032666019027183
4,1,593271.1260131281,-0.16239999,1.514194,-0.7034923749758327
4,1,593276.1262070186,-0.16239999,1.5141559,-0.7037181486519839
4,1,593281.1264009092,-0.16239999,1.5138122,-0.7039439196724253
4,1,593286.1265947997,-0.16239999,1.5136023,-0.7041696902463882
4,1,593291.1267886902,-0.16239999,1.5132967,-0.7043954632366233
4,1,593296.1269825802,-0.16239999,1.5129532,-0.7046212365750396
4,1,593301.1271764706,-0.16239999,1.5128577,-0.7048470083714276
4,1,593306.127370361,-0.16239999,1.5125904,-0.7050727826531835
4,1,593311.1275642514,-0.16239999,1.5123996,-0.7052985617418479
4,1,593316.1277581418,-0.16239999,1.512075,-0.7055243378426747
4,1,593321.1279520325,-0.16239999,1.511865,-0.7057501123703113
4,1,593326.1281459229,-0.16239999,1.5115213,-0.7059758894184504
4,1,593331.1283398133,-0.16239999,1.5110823,-0.7062016638162996
4,1,593336.1285337037,-0.16239999,1.5108722,-0.7064274374195038
4,1,593341.1287275942,-0.16239999,1.5104715,-0.7066532102849183
4,1,593346.1289214846,-0.16239999,1.5102996,-0.7068789843305496
4,1,593351.1291153752,-0.16239999,1.5101469,-0.7071047566711106
4,1,593356.1293092659,-0.16239999,1.5098605,-0.7073305318881213
4,1,593361.1295031565,-0.16239999,1.5095932,-0.7075563065509661
4,1,593366.1296970472,-0.16239999,1.5092305,-0.7077820803197447
4,1,593371.1298909378,-0.16239999,1.5090396,-0.7080078558349873
4,1,593376.1300848285,-0.16239999,1.5087533,-0.708233632900795
4,1,593381.1302787191,-0.16239999,1.5085815,-0.7084594077327241
4,1,593386.1304726098,-0.16239999,1.5081042,-0.7086851804529426
4,1,593391.1306665004,-0.16239999,1.507856,-0.7089109520335145
4,1,593396.1308603911,-0.16239999,1.5077033,-0.7091367265569366
4,1,593401.1310542817,-0.16239999,1.507436,-0.7093625015512578
4,1,593406.1312481724,-0.16239999,1.5070733,-0.7095882751015703
4,1,593411.131442063,-0.16239999,1.5067679,-0.7098140524333936
4,1,593416.1316359537,-0.16239999,1.506558,-0.7100398295079483
4,1,593421.1318298443,-0.16239999,1.5062143,-0.7102656048909166
4,1,593426.132023735,-0.16239999,1.5060616,-0.7104913809142714
4,1,593431.1322176256,-0.16239999,1.5058324,-0.7107171568629259
4,1,593436.1324115163,-0.16239999,1.505527,-0.7109429318945132
4,1,593441.1326054069,-0.16239999,1.5052407,-0.7111687061274893
4,1,593446.1327992976,-0.16239999,1.5049543,-0.7113944812482145
4,1,593451.1329931878,-0.16239999,1.5048207,-0.7116202549175211
4,1,593456.1331870779,-0.16239999,1.5043817,-0.7118460277810433
4,1,593461.1333809681,-0.16239999,1.5042671,-0.7120717993464276
4,1,593466.1335748583,-0.16239999,1.5039998,-0.7122975701570027
4,1,593471.1337687485,-0.16239999,1.5036371,-0.7125233411633303
4,1,593476.1339626387,-0.16239999,1.5034653,-0.7127491130542222
4,1,593481.1341565289,-0.16239999,1.5033126,-0.7129748850226316
4,1,593486.134350419,-0.16239999,1.502988,-0.7132006568204551
4,1,593491.1345443092,-0.16239999,1.502759,-0.7134264270898002
4,1,593496.1347381994,-0.16239999,1.5023962,-0.7136521981169562
4,1,593501.1349320896,-0.16239999,1.5021862,-0.7138779680401904
4,1,593506.1351259798,-0.16239999,1.5018998,-0.7141037369391047
4,1,593511.13531987,-0.16239999,1.5016516,-0.7143295051667663
4,1,593516.1355137601,-0.16239999,1.501289,-0.7145552776347752
4,1,593521.1357076503,-0.16239999,1.5010027,-0.7147810510378386
4,1,593526.1359015405,-0.16239999,1.500869,-0.7150068253078334
4,1,593531.1360954307,-0.16239999,1.5005254,-0.7152325989049323
4,1,593536.1362893209,-0.16239999,1.5003154,-0.715458368332106
4,1,593541.1364832111,-0.16239999,1.4999527,-0.7156841376998215
4,1,593546.1366771013,-0.16239999,1.499819,-0.7159099070996549
4,1,593551.1368709914,-0.16239999,1.4996281,-0.7161356769503998
4,1,593556.1370648816,-0.16239999,1.4992464,-0.7163614480504631
4,1,593561.1372587718,-0.16239999,1.4989408,-0.7165872187383064
4,1,593566.137452662,-0.16239999,1.4988455,-0.7168129889724989
4,1,593571.1376465522,-0.16239999,1.4984446,-0.717038758181917
4,1,593576.1378404424,-0.16239999,1.4981964,-0.717264530076347
4,1,593581.1380343325,-0.16239999,1.4980246,-0.7174903024661654
4,1,593586.1382282227,-0.16239999,1.4975854,-0.7177160733213116
4,1,593591.1384221129,-0.16239999,1.4974327,-0.7179418464166255
4,1,593596.1386160031,-0.16239999,1.4970891,-0.718167617919742
4,1,593601.1388098933,-0.16239999,1.4967836,-0.7183933894218022
4,1,593606.1390037835,-0.16239999,1.4964019,-0.7186191607346317
4,1,593611.1391976736,-0.16239999,1.4963446,-0.7188449328290288
4,1,593616.1393915638,-0.16239999,1.496001,-0.7190707048196956
4,1,593621.139585454,-0.16239999,1.4956955,-0.7192964768857987
4,1,593626.1397793442,-0.16239999,1.4954282,-0.7195222498583683
4,1,593631.1399732344,-0.16239999,1.4952755,-0.7197480243998365
4,1,593636.1401671246,-0.16239999,1.4949319,-0.7199737973016224
4,1,593641.1403610148,-0.16239999,1.4948937,-0.7201995696886742
4,1,593646.1405549049,-0.16239999,1.4944355,-0.7204253406999978
4,1,593651.1407487951,-0.16239999,1.4940728,-0.7206511122324605
4,1,593656.1409426853,-0.16239999,1.4937292,-0.7208768869507989
4,1,593661.1411365755,-0.16239999,1.4936337,-0.7211026617704701
4,1,593666.1413304657,-0.16239999,1.4932519,-0.7213284361099275
4,1,593671.1415243559,-0.16239999,1.493042,-0.7215542113643948
4,1,593676.141718246,-0.16239999,1.4927747,-0.7217799868750867
4,1,593681.1419121362,-0.16239999,1.4925838,-0.7220057623892854
4,1,593686.1421060264,-0.16239999,1.492202,-0.7222315357882998
4,1,593691.1422999166,-0.16239999,1.4919348,-0.7224573087484999
4,1,593696.1424938068,-0.16239999,1.4917057,-0.7226830799902012
4,1,593701.142687697,-0.16239999,1.4914193,-0.722908849874795
4,1,593706.1428815871,-0.16239999,1.4912857,-0.723134622931192
4,1,593711.1430754773,-0.16239999,1.4909993,-0.7233603955731828
4,1,593716.1432693675,-0.16239999,1.4906938,-0.7235861666969903
4,1,593721.1434632577,-0.16239999,1.4902929,-0.7238119408503048
4,1,593726.1436571479,-0.16239999,1.4900258,-0.7240377187967422
4,1,593731.1438510381,-0.16239999,1.4897776,-0.7242634966101801
4,1,593736.1440449283,-0.16239999,1.489453,-0.7244892692060261
4,1,593741.1442388184,-0.16239999,1.489224,-0.7247150436491037
4,1,593746.1444327086,-0.16239999,1.4887848,-0.7249408164829875
4,1,593751.1446265988,-0.16239999,1.4885558,-0.7251665883877151
4,1,593756.144820489,-0.16239999,1.4882885,-0.7253923606589417
4,1,593761.1450143792,-0.16239999,1.4877921,-0.7256181318655666
4,1,593766.1452082694,-0.16239999,1.4876585,-0.7258438994873876
4,1,593771.1454021595,-0.16239999,1.4873148,-0.7260696643026693
4,1,593776.1455960497,-0.16239999,1.4870477,-0.7262954296115287
4,1,593781.1457899399,-0.16239999,1.4866468,-0.7265211930651514
4,1,593786.1459838301,-0.16239999,1.4865894,-0.7267469587179255
4,1,593791.1461777203,-0.16239999,1.4863031,-0.7269727271918611
4,1,593796.1463716105,-0.16239999,1.4860358,-0.7271984964357033
4,1,593801.1465655006,-0.16239999,1.4859213,-0.7274242655493417
4,1,593806.1467593908,-0.16239999,1.4857113,-0.7276500329947048
4,1,593811.146953281,-0.16239999,1.4852722,-0.7278758004708024
4,1,593816.1471471712,-0.16239999,1.4849477,-0.7281015689011471
4,1,593821.1473410614,-0.16239999,1.4846232,-0.7283273396056144
4,1,593826.1475349516,-0.16239999,1.484375,-0.7285531102276749
4,1,593831.1477288418,-0.16239999,1.4842414,-0.7287788811409744
4,1,593836.1479227319,-0.16239999,1.4838214,-0.7290046518443017
4,1,593841.1481166221,-0.16239999,1.4835923,-0.7292304231612274
4,1,593846.1483105123,-0.16239999,1.4834205,-0.729456193228781
4,1,593851.1485044025,-0.16239999,1.4830387,-0.7296819615013522
4,1,593856.1486982927,-0.16239999,1.482466,-0.729907729151526
4,1,593861.1488921829,-0.16239999,1.4823133,-0.7301334968586164
4,1,593866.149086073,-0.16239999,1.4820842,-0.730359267090769
4,1,593871.1492799632,-0.16239999,1.4816833,-0.7305850349992478
4,1,593876.1494738534,-0.16239999,1.4814923,-0.7308108020710901
4,1,593881.1496677436,-0.16239999,1.4812824,-0.7310365690698422
4,1,593886.1498616338,-0.16239999,1.4810532,-0.7312623367490731
4,1,593891.150055524,-0.16239999,1.4807478,-0.7314881039098878
4,1,593896.1502494141,-0.16239999,1.4803278,-0.7317138712663316
4,1,593901.1504433043,-0.16239999,1.4799842,-0.7319396365440178
4,1,593906.1506371945,-0.16239999,1.4797552,-0.7321654018539461
4,1,593911.1508310847,-0.16239999,1.4795451,-0.7323911670579973
4,1,593916.1510249749,-0.16239999,1.4792397,-0.7326169321003694
4,1,593921.1512188651,-0.16239999,1.479087,-0.732842696231989
4,1,593926.1514127553,-0.16239999,1.4786288,-0.7330684620372592
4,1,593931.1516066454,-0.16239999,1.4783043,-0.7332942297096596
4,1,593936.1518005356,-0.16239999,1.4779606,-0.7335199955850008
4,1,593941.1519944258,-0.16239999,1.4777507,-0.7337457647850236
4,1,593946.152188316,-0.16239999,1.4774452,-0.7339715345341079
4,1,593951.1523822062,-0.16239999,1.4771397,-0.7341973028377821
4,1,593956.1525760964,-0.16239999,1.476987,-0.7344230682577023
4,1,593961.1527699865,-0.16239999,1.4767771,-0.7346488348913321
4,1,593966.1529638767,-0.16239999,1.4763379,-0.7348746008845092
4,1,593971.1531577669,-0.16239999,1.4759562,-0.73510036665299
4,1,593976.1533516571,-0.16239999,1.4758226,-0.73532613238364
4,1,593981.1535455473,-0.16239999,1.4754598,-0.7355518954707528
4,1,593986.1537394375,-0.16239999,1.4752116,-0.7357776621118473
4,1,593991.1539333276,-0.16239999,1.474868,-0.7360034288215881
4,1,593996.1541272178,-0.16239999,1.4745244,-0.7362291943352375
4,1,594001.154321108,-0.16239999,1.4744098,-0.7364549612769496
4,1,594006.1545149982,-0.16239999,1.4741999,-0.7366807306209657
4,1,594011.1547088884,-0.16239999,1.4737798,-0.73690649913845
4,1,594016.1549027786,-0.16239999,1.4734935,-0.7371322663307458
4,1,594021.1550966688,-0.16239999,1.4732835,-0.7373580329402597
4,1,594026.1552905589,-0.16239999,1.4728826,-0.7375838025225752
4,1,594031.1554844491,-0.16239999,1.4728826,-0.7378095745575158
4,1,594036.1556783393,-0.16239999,1.472539,-0.7380353471950792
4,1,594041.1558722295,-0.16239999,1.4720808,-0.7382611187363518
4,1,594046.1560661197,-0.16239999,1.4717945,-0.7384868904704628
4,1,594051.1562600099,-0.16239999,1.4714891,-0.7387126631710739
4,1,594056.1564539,-0.16239999,1.4709736,-0.7389384354397913
4,1,594061.1566477902,-0.16239999,1.4707254,-0.7391642083846995
4,1,594066.1568416804,-0.16239999,1.4703627,-0.739389978432187
4,1,594071.1570355706,-0.16239999,1.4703436,-0.7396157501599576
4,1,594076.1572294608,-0.16239999,1.4698855,-0.7398415225133145
4,1,594081.157423351,-0.16239999,1.4695609,-0.7400672941476771
4,1,594086.1576172411,-0.16239999,1.4692554,-0.7402930648875488
4,1,594091.1578111313,-0.16239999,1.4690073,-0.740518835460803
4,1,594096.1580050215,-0.16239999,1.4687018,-0.7407446076962619
4,1,594101.1581989117,-0.16239999,1.4683582,-0.740970378947784
4,1,594106.1583928019,-0.16239999,1.4681101,-0.7411961484481935
4,1,594111.1585866921,-0.16239999,1.4677283,-0.7414219192161173
4,1,594116.1587805822,-0.16239999,1.4674419,-0.741647690040582
4,1,594121.1589744724,-0.16239999,1.467041,-0.7418734622032818
4,1,594126.1591683626,-0.16239999,1.467022,-0.7420992325549988
4,1,594131.1593622528,-0.16239999,1.4665637,-0.7423250040031855
4,1,594136.159556143,-0.16239999,1.4662964,-0.7425507731128965
4,1,594141.1597500332,-0.16239999,1.4658383,-0.7427765414410259
4,1,594146.1599439234,-0.16239999,1.4656856,-0.7430023105132382
4,1,594151.1601378135,-0.16239999,1.4652464,-0.7432280835385074
4,1,594156.1603317037,-0.16239999,1.4650747,-0.7434538541439565
4,1,594161.1605255939,-0.16239999,1.464712,-0.7436796207577528
4,1,594166.1607194841,-0.16239999,1.4644065,-0.743905384570106
4,1,594171.1609133743,-0.16239999,1.4641775,-0.7441311516013791
4,1,594176.1611072645,-0.16239999,1.463891,-0.7443569165339892
4,1,594181.1613011546,-0.16239999,1.4634901,-0.7445826808461571
4,1,594186.1614950448,-0.16239999,1.4632993,-0.7448084423544405
4,1,594191.161688935,-0.16239999,1.463032,-0.7450342064634188
4,1,594196.1618828252,-0.16239999,1.4626884,-0.7452599728602352
4,1,594201.1620767154,-0.16239999,1.4624212,-0.7454857394927374
4,1,594206.1622706056,-0.16239999,1.4622302,-0.7457115045581211
4,1,594211.1624644957,-0.16239999,1.461753,-0.7459372686943403
4,1,594216.1626583859,-0.16239999,1.4614284,-0.7461630343418767
4,1,594221.1628522761,-0.16239999,1.4611611,-0.7463888010306573
4,1,594226.1630461663,-0.16239999,1.4608748,-0.7466145697323349
4,1,594231.1632400565,-0.16239999,1.460512,-0.7468403403897468
4,1,594236.1634339467,-0.16239999,1.4601113,-0.7470661142200091
4,1,594241.1636278369,-0.16239999,1.4599203,-0.7472918856258443
4,1,594246.163821727,-0.16239999,1.4594048,-0.7475176535048519
4,1,594251.1640156172,-0.16239999,1.4591376,-0.7477434235345946
4,1,594256.1642095074,-0.16239999,1.4589276,-0.7479691919015928
4,1,594261.1644033976,-0.16239999,1.458603,-0.7481949576959271
4,1,594266.1645972878,-0.16239999,1.458183,-0.7484207241770526
4,1,594271.164791178,-0.16239999,1.4579349,-0.7486464903499327
4,1,594276.1649850681,-0.16239999,1.4576485,-0.7488722555018134
4,1,594281.1651789583,-0.16239999,1.457305,-0.7490980223569182
4,1,594286.1653728485,-0.16239999,1.4571904,-0.7493237870684679
4,1,594291.1655667387,-0.16239999,1.4569613,-0.749549554490062
4,1,594296.1657606289,-0.16239999,1.4565986,-0.7497753209862683
4,1,594301.1659545191,-0.16239999,1.4561213,-0.7500010892212787
4,1,594306.1661484092,-0.16239999,1.4557395,-0.7502268574153516
4,1,594311.1663422994,-0.16239999,1.4553386,-0.7504526263273142
4,1,594316.1665361896,-0.16239999,1.4551477,-0.7506783935104748
4,1,594321.1667300798,-0.16239999,1.4548995,-0.7509041612313355
4,1,594326.16692397,-0.16239999,1.4544414,-0.7511299270797693
4,1,594331.1671178602,-0.16239999,1.4541168,-0.7513556921156916
4,1,594336.1673117504,-0.16239999,1.4538878,-0.7515814607130652
4,1,594341.1675056405,-0.16239999,1.4533724,-0.7518072296334247
4,1,594346.1676995307,-0.16239999,1.4529332,-0.752032997746734
4,1,594351.1678934209,-0.16239999,1.4527805,-0.7522587673779974
4,1,594356.1680873111,-0.16239999,1.4523796,-0.7524845374186659
4,1,594361.1682812013,-0.16239999,1.4523224,-0.7527103028691411
4,1,594366.1684750915,-0.16239999,1.4519215,-0.7529360672789183
4,1,594371.1686689816,-0.16239999,1.4516351,-0.7531618324549894
4,1,594376.1688628718,-0.16239999,1.4513106,-0.7533875962468841
4,1,594381.169056762,-0.16239999,1.4506997,-0.7536133594475289
4,1,594386.1692506522,-0.16239999,1.4504706,-0.7538391228758072
4,1,594391.1694445424,-0.16239999,1.4500697,-0.7540648877242315
4,1,594396.1696384326,-0.16239999,1.4496688,-0.7542906511736132
4,1,594401.1698323227,-0.16239999,1.4492488,-0.7545164183460797
4,1,594406.1700262129,-0.16239999,1.4490006,-0.7547421857838739
4,1,594411.1702201031,-0.16239999,1.4486189,-0.7549679538742048
4,1,594416.1704139933,-0.16239999,1.4483516,-0.7551937219847036
4,1,594421.1706078835,-0.16239999,1.4481989,-0.7554194910770126
4,1,594426.1708017737,-0.16239999,1.4477216,-0.7556452591861131
4,1,594431.1709956639,-0.16239999,1.4475498,-0.7558710244730108
4,1,594436.171189554,-0.16239999,1.4470916,-0.7560967899372587
4,1,594441.1713834442,-0.16239999,1.4467862,-0.7563225567832101
4,1,594446.1715773344,-0.16239999,1.4464617,-0.7565483253806549
4,1,594451.1717712246,-0.16239999,1.4460608,-0.7567740937971787
4,1,594456.1719651148,-0.16239999,1.4457935,-0.7569998635247176
4,1,594461.172159005,-0.16239999,1.4456408,-0.757225633313078
4,1,594466.1723528951,-0.16239999,1.4451063,-0.7574514040398879
4,1,594471.1725467853,-0.16239999,1.4448962,-0.757677174557959
4,1,594476.1727406755,-0.16239999,1.4445527,-0.7579029436489716
4,1,594481.1729345657,-0.16239999,1.4441518,-0.7581287100211141
4,1,594486.1731284559,-0.16239999,1.4438272,-0.7583544775584299
4,1,594491.1733223461,-0.16239999,1.4437126,-0.7585802460624576
4,1,594496.1735162362,-0.16239999,1.4435217,-0.758806011663643
4,1,594501.1737101264,-0.16239999,1.44293,-0.7590317826087657
4,1,594506.1739040166,-0.16239999,1.4426818,-0.7592575495699752
4,1,594511.1740979068,-0.16239999,1.4422235,-0.7594833186117717
4,1,594516.174291797,-0.16239999,1.4419945,-0.7597090881283448
4,1,594521.1744856872,-0.16239999,1.4416509,-0.759934857606002
4,1,594526.1746795774,-0.16239999,1.4412118,-0.7601606260395687
4,1,594531.1748734675,-0.16239999,1.4411163,-0.7603863962937022
4,1,594536.1750673577,-0.16239999,1.4406773,-0.7606121655561974
4,1,594541.1752612479,-0.16239999,1.4402573,-0.7608379349574447
4,1,594546.1754551381,-0.16239999,1.4399519,-0.7610637056697309
4,1,594551.1756490283,-0.16239999,1.4396464,-0.7612894750898266
4,1,594556.1758429185,-0.16239999,1.4391692,-0.7615152438199422
4,1,594561.1760368086,-0.16239999,1.4388255,-0.7617410151534413
4,1,594566.1762306988,-0.16239999,1.4385201,-0.7619667852305316
4,1,594571.176424589,-0.16239999,1.4381192,-0.7621925577232905
4,1,594576.1766184792,-0.16239999,1.437871,-0.7624183298665866
4,1,594581.1768123694,-0.16239999,1.4375083,-0.7626441007033812
4,1,594586.1770062596,-0.16239999,1.4372028,-0.7628698716972869
4,1,594591.1772001497,-0.16239999,1.4369738,-0.7630956416130449
4,1,594596.1773940399,-0.16239999,1.4364965,-0.7633214093371922
4,1,594601.1775879301,-0.16239999,1.4361337,-0.7635471762245208
4,1,594606.1777818203,-0.16239999,1.4360384,-0.7637729448427137
4,1,594611.1779757105,-0.16239999,1.4354274,-0.7639987140787801
4,1,594616.1781696007,-0.16239999,1.4352556,-0.7642244811659118
4,1,594621.1783634908,-0.16239999,1.4348738,-0.764450251134741
4,1,594626.178557381,-0.16239999,1.4345111,-0.7646760227499838
4,1,594631.1787512712,-0.16239999,1.4341294,-0.7649017946101015
4,1,594636.1789451614,-0.16239999,1.4339193,-0.7651275674899678
4,1,594641.1791390516,-0.16239999,1.4336139,-0.7653533407250529
4,1,594646.1793329418,-0.16239999,1.4331748,-0.7655791147112907
4,1,594651.179526832,-0.16239999,1.4330603,-0.765804888734302
4,1,594656.1797207226,-0.16239999,1.4325639,-0.766030661163332
4,1,594661.1799146133,-0.16239999,1.4322394,-0.7662564345998502
4,1,594666.1801085039,-0.16239999,1.4319339,-0.7664822064440443
4,1,594671.1803023946,-0.16239999,1.431533,-0.7667079779539301
4,1,594676.1804962852,-0.16239999,1.431113,-0.7669337487423554
4,1,594681.1806901759,-0.16239999,1.4307885,-0.7671595193576839
4,1,594686.180884066,-0.16239999,1.4304067,-0.7673852931918602
4,1,594691.1810779567,-0.16239999,1.4301585,-0.7676110659422519
4,1,594696.1812718473,-0.16239999,1.4298149,-0.7678368367450528
4,1,594701.181465738,-0.16239999,1.4292421,-0.7680626058246196
4,1,594706.1816596286,-0.16239999,1.428975,-0.7682883771363481
4,1,594711.1818535193,-0.16239999,1.4285741,-0.768514147856272
4,1,594716.1820474099,-0.16239999,1.4281923,-0.7687399175254761
4,1,594721.1822413006,-0.16239999,1.4278104,-0.768965689945635
4,1,594726.1824351912,-0.16239999,1.4273523,-0.7691914624294747
4,1,594731.1826290819,-0.16239999,1.4271804,-0.7694172360457282
4,1,594736.1828229725,-0.16239999,1.4267032,-0.7696430109476373
4,1,594741.1830168632,-0.16239999,1.4263595,-0.7698687864826174
4,1,594746.1832107538,-0.16239999,1.426016,-0.7700945643543048
4,1,594751.1834046445,-0.16239999,1.4257678,-0.7703203414477608
4,1,594756.1835985349,-0.16239999,1.4253095,-0.7705461200827727
4,1,594761.1837924256,-0.16239999,1.424985,-0.7707718958774062
4,1,594766.183986316,-0.16239999,1.4246796,-0.7709976687954088
4,1,594771.1841802064,-0.16239999,1.4243742,-0.7712234420794086
4,1,594776.1843740968,-0.16239999,1.4240305,-0.7714492157274438
4,1,594781.1845679872,-0.16239999,1.4236678,-0.7716749895499965
4,1,594786.1847618776,-0.16239999,1.423496,-0.7719007617958076
4,1,594791.184955768,-0.16239999,1.4229615,-0.772126533278017
4,1,594796.1851496585,-0.16239999,1.4226942,-0.7723523054717816
4,1,594801.1853435489,-0.16239999,1.4224079,-0.7725780779835884
4,1,594806.1855374393,-0.16239999,1.422026,-0.7728038487011173
4,1,594811.1857313298,-0.16239999,1.4215679,-0.7730296179658277
4,1,594816.1859252204,-0.16239999,1.421148,-0.7732553872500346
4,1,594821.1861191109,-0.16239999,1.4208616,-0.7734811550722638
4,1,594826.1863130014,-0.16239999,1.4204224,-0.7737069213223419
4,1,594831.186506892,-0.16239999,1.4199643,-0.7739326887962713
4,1,594836.1867007825,-0.16239999,1.4195443,-0.7741584550562959
4,1,594841.186894673,-0.16239999,1.4193726,-0.7743842211870835
4,1,594846.1870885636,-0.16239999,1.4191625,-0.7746099866986137
4,1,594851.1872824536,-0.16239999,1.4185517,-0.7748357555344306
4,1,594856.1874763442,-0.16239999,1.4182462,-0.7750615257317509
4,1,594861.1876702347,-0.16239999,1.4178071,-0.7752872925846803
4,1,594866.1878641252,-0.16239999,1.4174634,-0.7755130620128036
4,1,594871.1880580157,-0.16239999,1.4170434,-0.7757388338050158
4,1,594876.1882519063,-0.16239999,1.4169672,-0.7759646042649766
4,1,594881.1884457967,-0.16239999,1.4163562,-0.7761903729809584
4,1,594886.1886396873,-0.16239999,1.4160699,-0.7764161440354009
4,1,594891.1888335778,-0.16239999,1.4158407,-0.7766419144627736
4,1,594896.1890274683,-0.16239999,1.4155353,-0.7768676863852767
4,1,594901.1892213589,-0.16239999,1.4151535,-0.7770934568866651
4,1,594906.1894152494,-0.16239999,1.4150199,-0.7773192265617254
4,1,594911.1896091399,-0.16239999,1.4143517,-0.7775449962040412
4,1,594916.1898030303,-0.16239999,1.4141227,-0.777770765525713
4,1,594921.1899969208,-0.16239999,1.4136645,-0.7779965332512097
4,1,594926.1901908114,-0.16239999,1.4131873,-0.7782223010435927
4,1,594931.1903847018,-0.16239999,1.4131873,-0.7784480677841085
4,1,594936.1905785922,-0.16239999,1.4125,-0.7786738347049358
4,1,594941.1907724827,-0.16239999,1.4122328,-0.7788996021459866
4,1,594946.1909663731,-0.16239999,1.4118128,-0.7791253703120701
4,1,594951.1911602635,-0.16239999,1.4115072,-0.7793511404298753
4,1,594956.1913541539,-0.16239999,1.4110873,-0.7795769160895076
4,1,594961.1915480443,-0.16239999,1.4108583,-0.7798026928354587
4,1,594966.191741935,-0.16239999,1.4105146,-0.7800284656743244
4,1,594971.1919358256,-0.16239999,1.4099419,-0.7802542374662801
4,1,594976.1921297163,-0.16239999,1.4098274,-0.7804800080848248
4,1,594981.1923236069,-0.16239999,1.4093692,-0.7807057747948354
4,1,594986.1925174976,-0.16239999,1.4088156,-0.7809315407596853
4,1,594991.1927113882,-0.16239999,1.4084338,-0.7811573101907556
4,1,594996.1929052789,-0.16239999,1.4081665,-0.7813830817836996
4,1,595001.1930991695,-0.16239999,1.4077466,-0.7816088528681391
4,1,595006.1932930602,-0.16239999,1.407193,-0.7818346260292408
4,1,595011.1934869504,-0.16239999,1.4067347,-0.7820604006743922
4,1,595016.193680841,-0.16239999,1.4066011,-0.7822861720568598
4,1,595021.1938747317,-0.16239999,1.4060665,-0.7825119448486635
4,1,595026.1940686223,-0.16239999,1.4058757,-0.7827377150372145
4,1,595031.194262513,-0.16239999,1.4053221,-0.7829634835224435
4,1,595036.1944564036,-0.16239999,1.4048448,-0.7831892525996261
4,1,595041.1946502943,-0.16239999,1.404673,-0.7834150245634808
4,1,595046.1948441849,-0.16239999,1.4042149,-0.7836407962003527
4,1,595051.1950380756,-0.16239999,1.4037757,-0.7838665683315796
4,1,595056.1952319662,-0.16239999,1.4035658,-0.7840923422092592
4,1,595061.1954258569,-0.16239999,1.4031075,-0.7843181139356472
4,1,595066.195619747,-0.16239999,1.4026113,-0.7845438891681601
4,1,595071.1958136372,-0.16239999,1.4023058,-0.7847696631018389
4,1,595076.1960075274,-0.16239999,1.4020194,-0.7849954360978755
4,1,595081.1962014176,-0.16239999,1.4016758,-0.7852212062315579
4,1,595086.1963953078,-0.16239999,1.4011222,-0.7854469782553947
4,1,595091.196589198,-0.16239999,1.4006068,-0.7856727473184717
4,1,595096.1967830881,-0.16239999,1.4003967,-0.7858985127529835
4,1,595101.1969769783,-0.16239999,1.4001104,-0.7861242770678072
4,1,595106.1971708685,-0.16239999,1.3997095,-0.7863500446809689
4,1,595111.1973647587,-0.16239999,1.399385,-0.786575812108146
4,1,595116.1975586489,-0.16239999,1.3991559,-0.7868015816746621
4,1,595121.1977525391,-0.16239999,1.398526,-0.7870273487459432
4,1,595126.1979464293,-0.16239999,1.3982968,-0.7872531178103978
4,1,595131.1981403194,-0.16239999,1.3978387,-0.787478888445861
4,1,595136.1983342096,-0.16239999,1.3977242,-0.7877046592069203
4,1,595141.1985280998,-0.16239999,1.3972087,-0.7879304326315589
4,1,595146.19872199,-0.16239999,1.3967505,-0.7881562074900891
4,1,595151.1989158802,-0.16239999,1.3963878,-0.7883819811313889
4,1,595156.1991097704,-0.16239999,1.3961778,-0.7886077536507141
4,1,595161.1993036605,-0.16239999,1.3956623,-0.7888335242232093
4,1,595166.1994975507,-0.16239999,1.3952997,-0.7890592987753575
4,1,595171.1996914409,-0.16239999,1.3950896,-0.7892850737099192
4,1,595176.1998853311,-0.16239999,1.3946315,-0.7895108491663949
4,1,595181.2000792213,-0.16239999,1.3941925,-0.7897366253086212
4,1,595186.2002731115,-0.16239999,1.3937533,-0.789962398540491
4,1,595191.2004670016,-0.16239999,1.3935243,-0.7901881740016026
4,1,595196.2006608918,-0.16239999,1.3929515,-0.7904139480611201
4,1,595201.200854782,-0.16239999,1.3927225,-0.7906397196972303
4,1,595206.2010486722,-0.16239999,1.392207,-0.7908654942575105
4,1,595211.2012425624,-0.16239999,1.3918825,-0.7910912720238641
4,1,595216.2014364526,-0.16239999,1.3915007,-0.7913170485744236
4,1,595221.2016303428,-0.16239999,1.3913288,-0.7915428259232665
4,1,595226.2018242329,-0.16239999,1.3906606,-0.7917686016210946
4,1,595231.2020181231,-0.16239999,1.3902216,-0.7919943772138249
4,1,595236.2022120133,-0.16239999,1.3897825,-0.7922201534512391
4,1,595241.2024059035,-0.16239999,1.3895153,-0.7924459283801492
4,1,595246.2025997937,-0.16239999,1.3889998,-0.7926717031108357
4,1,595251.2027936839,-0.16239999,1.3887135,-0.7928974788620349
4,1,595256.202987574,-0.16239999,1.388389,-0.7931232562491415
4,1,595261.2031814642,-0.16239999,1.3878545,-0.7933490321469266
4,1,595266.2033753544,-0.16239999,1.3875872,-0.7935748070655864
4,1,595271.2035692446,-0.16239999,1.3873008,-0.7938005806566883
4,1,595276.2037631348,-0.16239999,1.3867854,-0.7940263554903866
4,1,595281.203957025,-0.16239999,1.386289,-0.7942521278783456
4,1,595286.2041509151,-0.16239999,1.3860791,-0.7944778998407325
4,1,595291.2043448053,-0.16239999,1.3855445,-0.7947036713880334
4,1,595296.2045386955,-0.16239999,1.3851436,-0.7949294412429689
4,1,595301.2047325857,-0.16239999,1.3848764,-0.7951552139049156
4,1,595306.2049264759,-0.16239999,1.3845518,-0.7953809847275847
4,1,595311.2051203661,-0.16239999,1.3840555,-0.7956067570118912
4,1,595316.2053142563,-0.16239999,1.3837118,-0.7958325309684782
4,1,595321.2055081464,-0.16239999,1.38333,-0.796058305669893
4,1,595326.2057020366,-0.16239999,1.3830055,-0.7962840785577993
4,1,595331.2058959268,-0.16239999,1.3824137,-0.7965098499947968
4,1,595336.206089817,-0.16239999,1.3819555,-0.7967356236905637
4,1,595341.2062837072,-0.16239999,1.3815928,-0.7969613950079016
4,1,595346.2064775974,-0.16239999,1.3812301,-0.7971871656249901
4,1,595351.2066714875,-0.16239999,1.3808483,-0.7974129361879353
4,1,595356.2068653777,-0.16239999,1.3803902,-0.7976387095971404
4,1,595361.2070592679,-0.16239999,1.3799893,-0.7978644850486631
4,1,595366.2072531581,-0.16239999,1.3798174,-0.7980902599238702
4,1,595371.2074470483,-0.16239999,1.3793974,-0.7983160357961487
4,1,595376.2076409385,-0.16239999,1.3789393,-0.7985418090036683
4,1,595381.2078348286,-0.16239999,1.3786147,-0.7987675837297347
4,1,595386.2080287188,-0.16239999,1.3780802,-0.798993357929006
4,1,595391.208222609,-0.16239999,1.3776411,-0.7992191328165049
4,1,595396.2084164992,-0.16239999,1.3773738,-0.7994449063570117
4,1,595401.2086103894,-0.16239999,1.3769157,-0.7996706785399176
4,1,595406.2088042796,-0.16239999,1.3764957,-0.7998964527974898
4,1,595411.2089981697,-0.16239999,1.3762094,-0.8001222238883682
4,1,595416.2091920599,-0.16239999,1.3757702,-0.8003479979082295
4,1,595421.2093859501,-0.16239999,1.3753312,-0.800573770293441
4,1,595426.2095798403,-0.16239999,1.374873,-0.8007995432384651
4,1,595431.2097737305,-0.16239999,1.3747776,-0.8010253170598564
4,1,595436.2099676207,-0.16239999,1.3741858,-0.8012510909749841
4,1,595441.2101615109,-0.16239999,1.3738995,-0.8014768656222655
4,1,595446.210355401,-0.16239999,1.373384,-0.8017026396093411
4,1,595451.2105492912,-0.16239999,1.3730212,-0.8019284118520519
4,1,595456.2107431814,-0.16239999,1.3726585,-0.8021541851001756
4,1,595461.2109370716,-0.16239999,1.3723531,-0.8023799613609274
4,1,595466.2111309618,-0.16239999,1.371704,-0.8026057382643381
4,1,595471.211324852,-0.16239999,1.3712649,-0.8028315158034266
4,1,595476.2115187421,-0.16239999,1.371055,-0.8030572903987278
4,1,595481.2117126323,-0.16239999,1.3706541,-0.8032830664998418
4,1,595486.2119065225,-0.16239999,1.3702341,-0.8035088418569575
4,1,595491.2121004127,-0.16239999,1.3697759,-0.8037346154055522
4,1,595496.2122943029,-0.16239999,1.3692987,-0.8039603900730107
4,1,595501.2124881931,-0.16239999,1.368936,-0.8041861649318207
4,1,595506.2126820832,-0.16239999,1.3684396,-0.8044119418295392
4,1,595511.2128759734,-0.16239999,1.368096,-0.8046377166210672
4,1,595516.2130698636,-0.16239999,1.3677332,-0.8048634916281844
4,1,595521.2132637538,-0.16239999,1.3673514,-0.8050892656084534
4,1,595526.213457644,-0.16239999,1.3669124,-0.8053150388131658
4,1,595531.2136515342,-0.16239999,1.3663397,-0.8055408103879916
4,1,595536.2138454244,-0.16239999,1.365996,-0.8057665823839542
4,1,595541.2140393145,-0.16239999,1.3655188,-0.8059923524929304
4,1,595546.2142332047,-0.16239999,1.365156,-0.8062181242759512
4,1,595551.2144270949,-0.16239999,1.3646024,-0.8064438976615107
4,1,595556.2146209851,-0.16239999,1.3641634,-0.8066696717713461
4,1,595561.2148148753,-0.16239999,1.3638579,-0.8068954495928778
4,1,595566.2150087655,-0.16239999,1.3635143,-0.8071212287020603
4,1,595571.2152026556,-0.16239999,1.3630179,-0.8073470052660987
4,1,595576.2153965458,-0.16239999,1.3626361,-0.8075727812335477
4,1,595581.215590436,-0.16239999,1.3621398,-0.8077985591846607
4,1,595586.2157843262,-0.16239999,1.3617198,-0.808024335971921
4,1,595591.2159782164,-0.16239999,1.361319,-0.808250109876844
4,1,595596.2161721066,-0.16239999,1.3608416,-0.808475886304036
4,1,595601.2163659967,-0.16239999,1.3604598,-0.8087016624147488
4,1,595606.2165598869,-0.16239999,1.3600781,-0.8089274393385791
4,1,595611.2167537771,-0.16239999,1.3596963,-0.8091532119349956
4,1,595616.2169476673,-0.16239999,1.3593144,-0.8093789827119768
4,1,595621.2171415575,-0.16239999,1.358799,-0.8096047538988427
4,1,595626.2173354477,-0.16239999,1.358589,-0.8098305227018241
4,1,595631.2175293379,-0.16239999,1.3580545,-0.8100562929781404
4,1,595636.217723228,-0.16239999,1.3576154,-0.8102820609135207
4,1,595641.2179171182,-0.16239999,1.3572527,-0.8105078283549416
4,1,595646.2181110084,-0.16239999,1.3566227,-0.810733596354291
4,1,595651.2183048986,-0.16239999,1.3564509,-0.8109593672568783
4,1,595656.2184987888,-0.16239999,1.35563,-0.8111851364376638
4,1,595661.218692679,-0.16239999,1.3554773,-0.8114109046574568
4,1,595666.2188865691,-0.16239999,1.3550191,-0.8116366754868563
4,1,595671.2190804593,-0.16239999,1.3545228,-0.8118624447657112
4,1,595676.2192743495,-0.16239999,1.3539691,-0.8120882144582672
4,1,595681.2194682397,-0.16239999,1.3536065,-0.8123139871090744
4,1,595686.2196621299,-0.16239999,1.3532056,-0.8125397590088069
4,1,595691.2198560201,-0.16239999,1.3528047,-0.8127655309514017
4,1,595696.2200499102,-0.16239999,1.3523273,-0.8129913005660734
4,1,595701.2202438004,-0.16239999,1.3518692,-0.8132170711484736
4,1,595706.2204376906,-0.16239999,1.3512775,-0.8134428390866661
4,1,595711.2206315808,-0.16239999,1.350991,-0.8136686073755359
4,1,595716.220825471,-0.16239999,1.3503802,-0.8138943748842348
4,1,595721.2210193612,-0.16239999,1.3499029,-0.8141201436366814
4,1,595726.2212132514,-0.16239999,1.3495593,-0.8143459155594651
4,1,595731.2214071415,-0.16239999,1.3491011,-0.8145716857961808
4,1,595736.2216010317,-0.16239999,1.348662,-0.8147974537853419
4,1,595741.2217949219,-0.16239999,1.348242,-0.815023221775556
4,1,595746.2219888121,-0.16239999,1.3477648,-0.8152489883829663
4,1,595751.2221827023,-0.16239999,1.3474593,-0.8154747527972825
4,1,595756.2223765925,-0.16239999,1.3469057,-0.8157005170594952
4,1,595761.2225704826,-0.16239999,1.3462758,-0.8159262816514722
4,1,595766.2227643728,-0.16239999,1.3460276,-0.8161520462387504
4,1,595771.222958263,-0.16239999,1.3456649,-0.8163778134989914
4,1,595776.2231521532,-0.16239999,1.3449967,-0.8166035794957067
4,1,595781.2233460434,-0.16239999,1.3445576,-0.8168293451248079
4,1,595786.2235399336,-0.16239999,1.3440422,-0.8170551116653543
4,1,595791.2237338237,-0.16239999,1.3437558,-0.8172808777573219
4,1,595796.2239277139,-0.16239999,1.3432022,-0.8175066411398842
4,1,595801.2241216041,-0.16239999,1.3428204,-0.8177324040984846
4,1,595806.2243154943,-0.16239999,1.3422668,-0.8179581695966401
4,1,595811.2245093845,-0.16239999,1.3419231,-0.8181839352317588
4,1,595816.2247032747,-0.16239999,1.341465,-0.8184097027815617
4,1,595821.2248971649,-0.16239999,1.341026,-0.818635467124359
4,1,595826.225091055,-0.16239999,1.3404723,-0.8188612325811836
4,1,595831.2252849452,-0.16239999,1.3400332,-0.8190870002925473
4,1,595836.2254788354,-0.16239999,1.3396515,-0.8193127679761717
4,1,595841.2256727256,-0.16239999,1.3391551,-0.8195385358733115
4,1,595846.2258666158,-0.16239999,1.3386778,-0.8197643057900512
4,1,595851.226060506,-0.16239999,1.3384297,-0.8199900771403216
4,1,595856.2262543961,-0.16239999,1.3378378,-0.820215845585964
4,1,595861.2264482863,-0.16239999,1.3375133,-0.820441616072847
4,1,595866.2266421765,-0.16239999,1.3369979,-0.8206673871577078
4,1,595871.2268360667,-0.16239999,1.336616,-0.8208931624538918
4,1,595876.2270299569,-0.16239999,1.3360434,-0.8211189392670569
4,1,595881.2272238471,-0.16239999,1.3354325,-0.8213447144893302
4,1,595886.2274177372,-0.16239999,1.3352034,-0.8215704855306672
4,1,595891.2276116274,-0.16239999,1.3345543,-0.8217962546624569
4,1,595896.2278055176,-0.16239999,1.334287,-0.8220220246427161
4,1,595901.2279994078,-0.16239999,1.3339435,-0.8222477928865514
4,1,595906.228193298,-0.16239999,1.3333325,-0.822473561201865
4,1,595911.2283871882,-0.16239999,1.3330653,-0.8226993290467539
4,1,595916.2285810784,-0.16239999,1.3324735,-0.8229250976745879
4,1,595921.2287749685,-0.16239999,1.3320535,-0.82315086822593
4,1,595926.2289688587,-0.16239999,1.3313854,-0.8233766374309406
4,1,595931.2291627489,-0.16239999,1.3310417,-0.8236024054644442
4,1,595936.2293566391,-0.16239999,1.3305072,-0.8238281721992984
4,1,595941.2295505293,-0.16239999,1.33003,-0.8240539390346212
4,1,595946.2297444195,-0.16239999,1.3297244,-0.8242797086966505
4,1,595951.2299383096,-0.16239999,1.3291899,-0.8245054813146454
4,1,595956.2301321998,-0.16239999,1.3288845,-0.8247312521947013
4,1,595961.23032609,-0.16239999,1.3283881,-0.8249570237440884
4,1,595966.2305199802,-0.16239999,1.3280445,-0.8251827937351899
4,1,595971.2307138704,-0.16239999,1.3274336,-0.8254085633087567
4,1,595976.2309077606,-0.16239999,1.3269755,-0.8256343344993254
4,1,595981.2311016507,-0.16239999,1.3264983,-0.8258601037838602
4,1,595986.2312955409,-0.16239999,1.3261737,-0.826085873371261
4,1,595991.2314894311,-0.16239999,1.32562,-0.826311642934239
4,1,595996.2316833213,-0.16239999,1.3251427,-0.8265374149531592
4,1,596001.2318772115,-0.16239999,1.3246655,-0.8267631855533556
4,1,596006.2320711017,-0.16239999,1.3239783,-0.8269889545067113
4,1,596011.2322649918,-0.16239999,1.3236537,-0.8272147234401623
4,1,596016.232458882,-0.16239999,1.3233865,-0.8274404919063195
4,1,596021.2326527722,-0.16239999,1.3229283,-0.827666259847258
4,1,596026.2328466624,-0.16239999,1.3225274,-0.8278920281137272
4,1,596031.2330405526,-0.16239999,1.3221074,-0.8281177955785305
4,1,596036.2332344428,-0.16239999,1.3214393,-0.828343562718553
4,1,596041.233428333,-0.16239999,1.3212293,-0.8285693301747915
4,1,596046.2336222231,-0.16239999,1.3206565,-0.828795095926309
4,1,596051.2338161133,-0.16239999,1.3201793,-0.8290208614464313
4,1,596056.2340100035,-0.16239999,1.319702,-0.8292466277477867
4,1,596061.2342038937,-0.16239999,1.319282,-0.8294723940844595
4,1,596066.2343977839,-0.16239999,1.3188812,-0.8296981575587252
4,1,596071.2345916741,-0.16239999,1.3183275,-0.829923920266154
4,1,596076.2347855642,-0.16239999,1.317793,-0.8301496879250905
4,1,596081.2349794544,-0.16239999,1.3172967,-0.8303754547649507
4,1,596086.2351733446,-0.16239999,1.3167813,-0.8306012244804925
4,1,596091.2353672348,-0.16239999,1.3162467,-0.830826994095463
4,1,596096.235561125,-0.16239999,1.3161322,-0.8310527617756767
4,1,596101.2357550152,-0.16239999,1.315464,-0.8312785277915126
4,1,596106.2359489053,-0.16239999,1.3147959,-0.8315042906535666
4,1,596111.2361427955,-0.16239999,1.314395,-0.8317300543443437
4,1,596116.2363366857,-0.16239999,1.3138604,-0.8319558202293068
4,1,596121.2365305759,-0.16239999,1.3134977,-0.8321815865993003
4,1,596126.2367244661,-0.16239999,1.3129823,-0.8324073538602541
4,1,596131.2369183563,-0.16239999,1.3126196,-0.8326331217373262
4,1,596136.2371122465,-0.16239999,1.312066,-0.8328588888358656
4,1,596141.2373061366,-0.16239999,1.3116841,-0.8330846539900617
4,1,596146.2375000268,-0.16239999,1.3111496,-0.8333104175577138
4,1,596151.237693917,-0.16239999,1.3107296,-0.8335361829829256
4,1,596156.2378878072,-0.16239999,1.3100615,-0.8337619503733928
4,1,596161.2380816974,-0.16239999,1.3096415,-0.8339877186335192
4,1,596166.2382755876,-0.16239999,1.3090879,-0.8342134893528644
4,1,596171.2384694777,-0.16239999,1.3087251,-0.8344392600870851
4,1,596176.2386633679,-0.16239999,1.3083625,-0.8346650301189397
4,1,596181.2388572581,-0.16239999,1.3077515,-0.834890803391872
4,1,596186.2390511483,-0.16239999,1.3072934,-0.8351165736565853
4,1,596191.2392450385,-0.16239999,1.3069879,-0.8353423459753434
4,1,596196.2394389287,-0.16239999,1.3064533,-0.8355681201194184
4,1,596201.2396328188,-0.16239999,1.3058807,-0.8357938937554532
4,1,596206.239826709,-0.16239999,1.3053652,-0.8360196608157455
4,1,596211.2400205992,-0.16239999,1.3048307,-0.8362454284131775
4,1,596216.2402144894,-0.16239999,1.3042389,-0.8364711971553142
4,1,596221.2404083796,-0.16239999,1.3038571,-0.8366969645808348
4,1,596226.2406022698,-0.16239999,1.3033416,-0.836922731232038
4,1,596231.24079616,-0.16239999,1.3030171,-0.8371484988068483
4,1,596236.2409900501,-0.16239999,1.3026162,-0.8373742653902935
4,1,596241.2411839403,-0.16239999,1.3020436,-0.8376000316258454
4,1,596246.2413778305,-0.16239999,1.3015472,-0.8378258004851648
4,1,596251.2415717207,-0.16239999,1.301089,-0.8380515716124425
4,1,596256.2417656109,-0.16239999,1.3006117,-0.838277342546559
4,1,596261.241959501,-0.16239999,1.3001155,-0.8385031147377697
4,1,596266.2421533912,-0.16239999,1.2996382,-0.8387288861375517
4,1,596271.2423472819,-0.16239999,1.2993137,-0.8389546545778033
4,1,596276.2425411725,-0.16239999,1.2987218,-0.8391804239487126
4,1,596281.2427350632,-0.16239999,1.2982255,-0.8394061983741075
4,1,596286.2429289538,-0.16239999,1.2977864,-0.8396319720341314
4,1,596291.2431228445,-0.16239999,1.2974237,-0.8398577467521934
4,1,596296.2433167351,-0.16239999,1.2969273,-0.8400835209511999
4,1,596301.2435106258,-0.16239999,1.2962973,-0.8403092951345675
4,1,596306.2437045164,-0.16239999,1.2958201,-0.840535064204255
4,1,596311.2438984071,-0.16239999,1.2954192,-0.8407608350045243
4,1,596316.2440922977,-0.16239999,1.2949038,-0.8409866051358134
4,1,596321.2442861884,-0.16239999,1.2944838,-0.8412123741527986
4,1,596326.244480079,-0.16239999,1.2939492,-0.8414381436411399
4,1,596331.2446739697,-0.16239999,1.2934911,-0.8416639139156813
4,1,596336.2448678603,-0.16239999,1.2929947,-0.841889684731269
4,1,596341.245061751,-0.16239999,1.2925748,-0.8421154544249119
4,1,596346.2452556416,-0.16239999,1.291773,-0.8423412217304094
4,1,596351.2454495323,-0.16239999,1.2912956,-0.8425669901320901
4,1,596356.2456434229,-0.16239999,1.2909139,-0.8427927567132728
4,1,596361.2458373136,-0.16239999,1.2904176,-0.8430185251418775
4,1,596366.2460312042,-0.16239999,1.2898066,-0.8432442939823204
4,1,596371.2462250947,-0.16239999,1.2892913,-0.843470061754567
4,1,596376.2464189851,-0.16239999,1.288814,-0.8436958290438553
4,1,596381.2466128755,-0.16239999,1.2882603,-0.8439215957899409
4,1,596386.2468067659,-0.16239999,1.2878022,-0.8441473603182551
4,1,596391.2470006563,-0.16239999,1.2874013,-0.8443731271304588
4,1,596396.2471945467,-0.16239999,1.2870386,-0.8445988934488181
4,1,596401.2473884372,-0.16239999,1.2864468,-0.8448246627718302
4,1,596406.2475823271,-0.16239999,1.2858549,-0.8450504322828155
4,1,596411.2477762175,-0.16239999,1.2855114,-0.845276201654085
4,1,596416.247970108,-0.16239999,1.2850341,-0.8455019732364194
4,1,596421.2481639985,-0.16239999,1.2844423,-0.8457277425833329
4,1,596426.248357889,-0.16239999,1.2840796,-0.8459535115440332
4,1,596431.2485517795,-0.16239999,1.2835641,-0.8461792786064803
4,1,596436.2487456701,-0.16239999,1.2828959,-0.8464050468217451
4,1,596441.2489395606,-0.16239999,1.2823997,-0.8466308186861436
4,1,596446.2491334511,-0.16239999,1.282075,-0.8468565876907534
4,1,596451.2493273417,-0.16239999,1.2816551,-0.8470823579221817
4,1,596456.2495212322,-0.16239999,1.2811396,-0.8473081261211834
4,1,596461.2497151227,-0.16239999,1.2805288,-0.8475338967856734
4,1,596466.2499090133,-0.16239999,1.279937,-0.8477596671026906
4,1,596471.2501029038,-0.16239999,1.2795361,-0.8479854373099077
4,1,596476.2502967943,-0.16239999,1.2790207,-0.8482112063064379
4,1,596481.250490685,-0.16239999,1.278467,-0.848436977400813
4,1,596486.2506845756,-0.16239999,1.2781998,-0.8486627538133563
4,1,596491.2508784661,-0.16239999,1.2776462,-0.8488885282097568
4,1,596496.2510723566,-0.16239999,1.2770543,-0.8491143015050103
4,1,596501.2512662471,-0.16239999,1.2766725,-0.8493400744244367
4,1,596506.2514601377,-0.16239999,1.2760617,-0.8495658472312716
4,1,596511.2516540282,-0.16239999,1.2755843,-0.8497916185660125
4,1,596516.2518479187,-0.16239999,1.2751262,-0.8500173873944442
4,1,596521.252041809,-0.16239999,1.2747062,-0.850243156260734
4,1,596526.2522356994,-0.16239999,1.2741145,-0.8504689248581299
4,1,596531.2524295899,-0.16239999,1.2735035,-0.8506946940818017
4,1,596536.2526234803,-0.16239999,1.2731217,-0.8509204630219739
4,1,596541.2528173707,-0.16239999,1.2726254,-0.8511462302007792
4,1,596546.2530112611,-0.16239999,1.2721672,-0.851371998568871
4,1,596551.2532051515,-0.16239999,1.2716327,-0.8515977673798419
4,1,596556.253399042,-0.16239999,1.2710218,-0.8518235370669979
4,1,596561.2535929324,-0.16239999,1.2705255,-0.8520493086235731
4,1,596566.2537868223,-0.16239999,1.2699528,-0.8522750818916345
4,1,596571.253980713,-0.16239999,1.2695328,-0.8525008543285091
4,1,596576.2541746036,-0.16239999,1.2689028,-0.8527266254087554
4,1,596581.2543684943,-0.16239999,1.2683492,-0.8529523944890963
4,1,596586.2545623849,-0.16239999,1.2679673,-0.8531781652434899
4,1,596591.2547562756,-0.16239999,1.2675092,-0.8534039365407212
4,1,596596.2549501662,-0.16239999,1.2669747,-0.8536297068884307
4,1,596601.2551440569,-0.16239999,1.2665547,-0.8538554757890585
4,1,596606.2553379475,-0.16239999,1.2659438,-0.8540812465965888
4,1,596611.2555318382,-0.16239999,1.2656193,-0.8543070168372301
4,1,596616.2557257288,-0.16239999,1.2648747,-0.8545327879365541
4,1,596621.2559196195,-0.16239999,1.2646074,-0.854758557959246
4,1,596626.2561135101,-0.16239999,1.2642065,-0.8549843287143309
4,1,596631.2563074008,-0.16239999,1.2637103,-0.8552100988993868
4,1,596636.2565012914,-0.16239999,1.2630421,-0.8554358719172469
4,1,596641.2566951821,-0.16239999,1.2625839,-0.8556616468596442
4,1,596646.2568890727,-0.16239999,1.2621257,-0.8558874219810292
4,1,596651.2570829634,-0.16239999,1.2617058,-0.8561131942706746
4,1,596656.257276854,-0.16239999,1.2610757,-0.8563389669668724
4,1,596661.2574707447,-0.16239999,1.2604649,-0.8565647397328838
4,1,596666.2576646353,-0.16239999,1.2600831,-0.8567905125476585
4,1,596671.257858526,-0.16239999,1.2595104,-0.8570162850154108
4,1,596676.2580524161,-0.16239999,1.2589568,-0.8572420561841751
4,1,596681.2582463063,-0.16239999,1.2583077,-0.8574678294751826
4,1,596686.2584401965,-0.16239999,1.2579068,-0.8576936050806186
4,1,596691.2586340867,-0.16239999,1.2572768,-0.8579193798057835
4,1,596696.2588279769,-0.16239999,1.256895,-0.8581451535302351
4,1,596701.2590218671,-0.16239999,1.2563604,-0.8583709274698148
4,1,596706.2592157573,-0.16239999,1.2559023,-0.8585967011274463
4,1,596711.2594096474,-0.16239999,1.2554442,-0.8588224758370849
4,1,596716.2596035376,-0.16239999,1.2550814,-0.8590482486368807
4,1,596721.2597974278,-0.16239999,1.2544897,-0.8592740203819713
4,1,596726.259991318,-0.16239999,1.2541078,-0.8594997914960831
4,1,596731.2601852082,-0.16239999,1.2535352,-0.8597255590011602
4,1,596736.2603790984,-0.16239999,1.2529242,-0.859951326902224
4,1,596741.2605729885,-0.16239999,1.2524087,-0.8601770930481322
4,1,596746.2607668787,-0.16239999,1.2520461,-0.8604028584178463
4,1,596751.2609607689,-0.16239999,1.2514733,-0.8606286250512956
4,1,596756.2611546591,-0.16239999,1.2508434,-0.8608543905009188
4,1,596761.2613485493,-0.16239999,1.2501562,-0.8610801583765745
4,1,596766.2615424395,-0.16239999,1.2498125,-0.8613059277842318
4,1,596771.2617363296,-0.16239999,1.2491252,-0.8615316954142385
4,1,596776.2619302198,-0.16239999,1.2486098,-0.8617574641106708
4,1,596781.26212411,-0.16239999,1.2482089,-0.8619832328633881
4,1,596786.2623180002,-0.16239999,1.2475026,-0.8622090030597075
4,1,596791.2625118904,-0.16239999,1.2471589,-0.8624347755386282
4,1,596796.2627057806,-0.16239999,1.2465862,-0.8626605507913082
4,1,596801.2628996707,-0.16239999,1.246109,-0.86288632332685
4,1,596806.2630935609,-0.16239999,1.2454408,-0.8631120950751701
4,1,596811.2632874511,-0.16239999,1.2451545,-0.8633378678637469
4,1,596816.2634813413,-0.16239999,1.2444863,-0.8635636389906861
4,1,596821.2636752315,-0.16239999,1.2440472,-0.8637894106592983
4,1,596826.2638691217,-0.16239999,1.2434363,-0.8640151812254654
4,1,596831.2640630119,-0.16239999,1.2428446,-0.8642409520519773
4,1,596836.264256902,-0.16239999,1.2423291,-0.864466721588446
4,1,596841.2644507922,-0.16239999,1.2418901,-0.8646924922020509
4,1,596846.2646446824,-0.16239999,1.2413363,-0.8649182628429548
4,1,596851.2648385726,-0.16239999,1.2409164,-0.8651440357087006
4,1,596856.2650324628,-0.16239999,1.2403437,-0.8653698095679316
4,1,596861.265226353,-0.16239999,1.2399046,-0.8655955826872976
4,1,596866.2654202431,-0.16239999,1.2394847,-0.865821355223991
4,1,596871.2656141333,-0.16239999,1.2388546,-0.8660471271899441
4,1,596876.2658080235,-0.16239999,1.2384156,-0.8662728992888612
4,1,596881.2660019137,-0.16239999,1.2378429,-0.8664986731010691
4,1,596886.2661958039,-0.16239999,1.2373275,-0.8667244452003877
4,1,596891.2663896941,-0.16239999,1.2368692,-0.8669502176899818
4,1,596896.2665835842,-0.16239999,1.2364111,-0.8671759922717784
4,1,596901.2667774744,-0.16239999,1.2358956,-0.8674017671992803
4,1,596906.2669713646,-0.16239999,1.2353611,-0.8676275412563283
4,1,596911.2671652548,-0.16239999,1.2349411,-0.8678533182778722
4,1,596916.267359145,-0.16239999,1.234292,-0.8680790944590103
4,1,596921.2675530352,-0.16239999,1.2337958,-0.868304868580193
4,1,596926.2677469254,-0.16239999,1.2333758,-0.8685306428521149
4,1,596931.2679408155,-0.16239999,1.2328794,-0.868756417679274
4,1,596936.2681347057,-0.16239999,1.232154,-0.8689821912526453
4,1,596941.2683285959,-0.16239999,1.2316767,-0.8692079625653788
4,1,596946.2685224861,-0.16239999,1.2313713,-0.8694337355075683
4,1,596951.2687163763,-0.16239999,1.230665,-0.8696595098349714
4,1,596956.2689102665,-0.16239999,1.2301304,-0.8698852846212541
4,1,596961.2691041566,-0.16239999,1.2297486,-0.8701110583587932
4,1,596966.2692980468,-0.16239999,1.229195,-0.8703368320896648
4,1,596971.269491937,-0.16239999,1.2288322,-0.8705626051502772
4,1,596976.2696858272,-0.16239999,1.2282786,-0.8707883797073883
4,1,596981.2698797174,-0.16239999,1.227935,-0.871014151383624
4,1,596986.2700736076,-0.16239999,1.2272286,-0.8712399238834709
4,1,596991.2702674977,-0.16239999,1.226675,-0.8714656978238247
4,1,596996.2704613879,-0.16239999,1.2261024,-0.8716914714608587
4,1,597001.2706552781,-0.16239999,1.2254342,-0.8719172479122833
4,1,597006.2708491683,-0.16239999,1.2249569,-0.8721430240014193
4,1,597011.2710430585,-0.16239999,1.2245752,-0.8723687970530827
4,1,597016.2712369487,-0.16239999,1.2239642,-0.8725945707181002
4,1,597021.2714308389,-0.16239999,1.2234678,-0.8728203412466601
4,1,597026.271624729,-0.16239999,1.2229142,-0.873046109995479
4,1,597031.2718186192,-0.16239999,1.2224942,-0.8732718782082519
4,1,597036.2720125094,-0.16239999,1.2220552,-0.8734976470639727
4,1,597041.2722063996,-0.16239999,1.2215588,-0.8737234168389031
4,1,597046.2724002898,-0.16239999,1.2209289,-0.8739491866838954
4,1,597051.27259418,-0.16239999,1.2203753,-0.8741749550420598
4,1,597056.2727880701,-0.16239999,1.219898,-0.874400721789219
4,1,597061.2729819603,-0.16239999,1.2192872,-0.8746264877352794
4,1,597066.2731758505,-0.16239999,1.2187144,-0.8748522548447893
4,1,597071.2733697407,-0.16239999,1.2181417,-0.8750780247881715
4,1,597076.2735636309,-0.16239999,1.2177217,-0.875303792943363
4,1,597081.2737575211,-0.16239999,1.2172253,-0.8755295623582705
4,1,597086.2739514112,-0.16239999,1.2167672,-0.8757553320256649
4,1,597091.2741453014,-0.16239999,1.2162136,-0.8759811018928607
4,1,597096.2743391916,-0.16239999,1.21566,-0.8762068714204674
4,1,597101.2745330818,-0.16239999,1.2151064,-0.876432645034878
4,1,597106.274726972,-0.16239999,1.21461,-0.876658416665181
4,1,597111.2749208622,-0.16239999,1.2138463,-0.8768841911224693
4,1,597116.2751147524,-0.16239999,1.2133882,-0.8771099638880113
4,1,597121.2753086425,-0.16239999,1.2127582,-0.87733573631145
4,1,597126.2755025327,-0.16239999,1.2123955,-0.8775615095666981
4,1,597131.2756964229,-0.16239999,1.2116319,-0.877787281705494
4,1,597136.2758903131,-0.16239999,1.2111738,-0.878013050883257
4,1,597141.2760842033,-0.16239999,1.2108301,-0.8782388207611287
4,1,597146.2762780935,-0.16239999,1.2101238,-0.8784645895920581
4,1,597151.2764719836,-0.16239999,1.2096083,-0.8786903597823392
4,1,597156.2766658738,-0.16239999,1.2091311,-0.8789161280984343
4,1,597161.276859764,-0.16239999,1.2085583,-0.8791418978625266
4,1,597166.2770536542,-0.16239999,1.2080811,-0.8793676676859462
4,1,597171.2772475444,-0.16239999,1.2075275,-0.879593436311651
4,1,597176.2774414346,-0.16239999,1.2069356,-0.8798192066647786
4,1,597181.2776353247,-0.16239999,1.2064584,-0.8800449763520223
4,1,597186.2778292149,-0.16239999,1.2057903,-0.8802707460682222
4,1,597191.2780231051,-0.16239999,1.2054085,-0.8804965156630927
4,1,597196.2782169953,-0.16239999,1.2048548,-0.8807222869449717
4,1,597201.2784108855,-0.16239999,1.2043203,-0.8809480599487063
4,1,597206.2786047757,-0.16239999,1.2038239,-0.8811738346532876
4,1,597211.2787986659,-0.16239999,1.2031176,-0.8813996091385238
4,1,597216.278992556,-0.16239999,1.2027549,-0.8816253841414156
4,1,597221.2791864462,-0.16239999,1.2020485,-0.8818511592296993
4,1,597226.2793803364,-0.16239999,1.2015523,-0.8820769320870275
4,1,597231.2795742266,-0.16239999,1.2011322,-0.8823027044863404
4,1,597236.2797681168,-0.16239999,1.2004449,-0.8825284750691231
4,1,597239.7045639381,-0.16239999,1.1999868,-0.8826831130549131
4,1,597239.7047639377,-0.16239999,1.200025,-0.8826831220856799
4,2,597239.7055639382,0.16239999,1.2248204,1.790548943810993e-08
4,2,597244.7057578303,0.16239999,1.3209429,0.0002253999872662955
4,2,597249.7059517205,0.16239999,1.3469248,0.000450784273651739
4,2,597254.7061456107,0.16239999,1.367256,0.0006761714862965876
4,2,597259.7063395008,0.16239999,1.3848764,0.0009015581710280644
4,2,597264.706533391,0.16239999,1.4005303,0.0011269455244930255
4,2,597269.7067272812,0.16239999,1.4148481,0.0013523317962851789
4,2,597274.7069211714,0.16239999,1.4280968,0.001577715275986327
4,2,597279.7071150616,0.16239999,1.4403336,0.0018030984697416424
4,2,597284.7073089518,0.16239999,1.4522269,0.002028482316331731
4,2,597289.707502842,0.16239999,1.4634138,0.0022538684193707174
4,2,597294.7076967321,0.16239999,1.4740471,0.0024792547092263896
4,2,597299.7078906223,0.16239999,1.4843177,0.0027046368981657755
4,2,597304.7080845125,0.16239999,1.4941874,0.002930019529663854
4,2,597309.7082784027,0.16239999,1.5038853,0.0031554005972138704
4,2,597314.7084722929,0.16239999,1.5132395,0.0033807835178400075
4,2,597319.708666183,0.16239999,1.5221928,0.0036061643153925734
4,2,597324.7088600732,0.16239999,1.5310316,0.0038315478594998518
4,2,597329.7090539634,0.16239999,1.5397178,0.004056931941118505
4,2,597334.7092478536,0.16239999,1.5479839,0.004282315073016616
4,2,597339.7094417438,0.16239999,1.5562309,0.004507697503268718
4,2,597344.709635634,0.16239999,1.5642488,0.004733081682531369
4,2,597349.7098295242,0.16239999,1.5719804,0.0049584655526263835
4,2,597354.7100234143,0.16239999,1.5799792,0.0051838493480293275
4,2,597359.7102173045,0.16239999,1.5874816,0.0054092327895238984
4,2,597364.7104111947,0.16239999,1.5947932,0.005634615897604159
4,2,597369.7106050849,0.16239999,1.6020666,0.0058600012866589744
4,2,597374.7107989751,0.16239999,1.6092064,0.006085384112720687
4,2,597379.7109928653,0.16239999,1.6164225,0.006310766833116609
4,2,597384.7111867554,0.16239999,1.6235051,0.006536148696473074
4,2,597389.7113806456,0.16239999,1.630263,0.0067615288031192275
4,2,597394.7115745358,0.16239999,1.6369065,0.00698691007517692
4,2,597399.711768426,0.16239999,1.6436644,0.0072122896642370345
4,2,597404.7119623162,0.16239999,1.6501933,0.007437669310966299
4,2,597409.7121562064,0.16239999,1.6567413,0.007663048289895057
4,2,597414.7123500966,0.16239999,1.6631556,0.007888429036521248
4,2,597419.7125439867,0.16239999,1.6697036,0.008113810701237784
4,2,597424.7127378769,0.16239999,1.6760798,0.008339194046473337
4,2,597429.7129317671,0.16239999,1.6821122,0.008564579615893462
4,2,597434.7131256573,0.16239999,1.6883357,0.008789964012011885
4,2,597439.7133195475,0.16239999,1.6943301,0.009015349350657727
4,2,597444.7135134377,0.16239999,1.7003244,0.009240734037999477
4,2,597449.7137073278,0.16239999,1.7062042,0.009466118880641129
4,2,597454.713901218,0.16239999,1.7122177,0.009691503634530637
4,2,597459.7140951082,0.16239999,1.7178493,0.009916886401939723
4,2,597464.7142889984,0.16239999,1.7237101,0.010142269720661143
4,2,597469.7144828886,0.16239999,1.7292844,0.010367653839688334
4,2,597474.7146767788,0.16239999,1.7348778,0.010593037255013982
4,2,597479.714870669,0.16239999,1.7403759,0.010818418962264226
4,2,597484.7150645591,0.16239999,1.7459311,0.011043804546142618
4,2,597489.7152584493,0.16239999,1.7513337,0.011269189355184634
4,2,597494.7154523395,0.16239999,1.7569653,0.011494574619967904
4,2,597499.7156462297,0.16239999,1.7622151,0.011719958752136264
4,2,597504.7158401199,0.16239999,1.7673695,0.011945341744533015
4,2,597509.71603401,0.16239999,1.7728866,0.012170725293468269
4,2,597514.7162279002,0.16239999,1.7781174,0.012396106634274123
4,2,597519.7164217904,0.16239999,1.7831382,0.012621487083819176
4,2,597524.7166156806,0.16239999,1.7882352,0.012846870203168027
4,2,597529.7168095708,0.16239999,1.7934088,0.013072251966080731
4,2,597534.717003461,0.16239999,1.798334,0.013297637330555253
4,2,597539.7171973512,0.16239999,1.8034693,0.013523020624101989
4,2,597544.7173912413,0.16239999,1.8083373,0.013748402073480189
4,2,597549.7175851315,0.16239999,1.8132435,0.01397378383037034
4,2,597554.7177790217,0.16239999,1.8181115,0.014199167172399661
4,2,597559.7179729119,0.16239999,1.8227887,0.01442454737664097
4,2,597564.7181668021,0.16239999,1.8276949,0.01464992651093089
4,2,597569.7183606923,0.16239999,1.8323147,0.014875307775701915
4,2,597574.7185545824,0.16239999,1.837011,0.015100690398742758
4,2,597579.7187484726,0.16239999,1.8415353,0.015326071770962743
4,2,597584.7189423628,0.16239999,1.8460598,0.015551453991011615
4,2,597589.719136253,0.16239999,1.850775,0.015776833779686857
4,2,597594.7193301432,0.16239999,1.8550894,0.01600221075772163
4,2,597599.7195240334,0.16239999,1.8594993,0.01622759001196921
4,2,597604.7197179236,0.16239999,1.864062,0.016452966573534743
4,2,597609.7199118137,0.16239999,1.8683954,0.01667834204598682
4,2,597614.7201057039,0.16239999,1.872729,0.016903720056494907
4,2,597619.7202995941,0.16239999,1.876967,0.017129097967962425
4,2,597624.7204934843,0.16239999,1.8812431,0.017354474587189656
4,2,597629.7206873745,0.16239999,1.885214,0.01757985546553466
4,2,597634.7208812647,0.16239999,1.8895093,0.017805237629980677
4,2,597639.7210751548,0.16239999,1.8938619,0.018030620943331056
4,2,597644.721269045,0.16239999,1.897699,0.01825600167468604
4,2,597649.7214629352,0.16239999,1.9017652,0.018481382262134718
4,2,597654.7216568254,0.16239999,1.9056787,0.018706763105089466
4,2,597659.7218507156,0.16239999,1.9095349,0.018932147448097666
4,2,597664.7220446058,0.16239999,1.913334,0.019157532416804797
4,2,597669.722238496,0.16239999,1.9174765,0.01938291940991829
4,2,597674.7224323861,0.16239999,1.9211992,0.01960830611020989
4,2,597679.7226262763,0.16239999,1.9248263,0.01983369097374711
4,2,597684.7228201665,0.16239999,1.9285108,0.020059076255742873
4,2,597689.7230140567,0.16239999,1.9322907,0.020284462315146294
4,2,597694.7232079469,0.16239999,1.9359751,0.020509848859973253
4,2,597699.723401837,0.16239999,1.9394113,0.020735234990945293
4,2,597704.7235957272,0.16239999,1.942962,0.020960620109568038
4,2,597709.7237896174,0.16239999,1.946322,0.02118600471480356
4,2,597714.7239835076,0.16239999,1.9497964,0.02141139058952282
4,2,597719.7241773978,0.16239999,1.9530609,0.021636775422674913
4,2,597724.724371288,0.16239999,1.956688,0.021862161132939158
4,2,597729.7245651782,0.16239999,1.9598761,0.02208754742104974
4,2,597734.7247590683,0.16239999,1.9631788,0.022312934209736682
4,2,597739.7249529585,0.16239999,1.9662331,0.02253832222066571
4,2,597744.7251468487,0.16239999,1.9694785,0.022763710647574726
4,2,597749.7253407389,0.16239999,1.972533,0.02298909684993823
4,2,597754.7255346291,0.16239999,1.975721,0.023214479690579902
4,2,597759.7257285193,0.16239999,1.9787946,0.02343986178885069
4,2,597764.7259224094,0.16239999,1.9818108,0.023665244418582154
4,2,597769.7261162996,0.16239999,1.9846935,0.02389062783592194
4,2,597774.7263101898,0.16239999,1.9875952,0.024116011140094033
4,2,597779.72650408,0.16239999,1.990497,0.024341393137684297
4,2,597784.7266979702,0.16239999,1.9933032,0.02456677477777418
4,2,597789.7268918604,0.16239999,1.9961286,0.024792155732500057
4,2,597794.7270857506,0.16239999,1.9990112,0.025017536879661184
4,2,597799.7272796407,0.16239999,2.001512,0.025242914040979413
4,2,597804.7274735309,0.16239999,2.0044901,0.025468292200790513
4,2,597809.7276674211,0.16239999,2.0069528,0.02569366934227778
4,2,597814.7278613113,0.16239999,2.0096064,0.02591904762948553
4,2,597819.7280552015,0.16239999,2.0121837,0.026144425757952866
4,2,597824.7282490917,0.16239999,2.014856,0.026369802253716525
4,2,597829.7284429818,0.16239999,2.0172424,0.026595176830631995
4,2,597834.728636872,0.16239999,2.0197625,0.026820555353852613
4,2,597839.7288307622,0.16239999,2.022187,0.027045932705525726
4,2,597844.7290246524,0.16239999,2.024573,0.027271311105946702
4,2,597849.7292185426,0.16239999,2.0269022,0.027496689396392143
4,2,597854.7294124328,0.16239999,2.0292313,0.02772206945749952
4,2,597859.729606323,0.16239999,2.031503,0.027947450329684553
4,2,597864.7298002131,0.16239999,2.0337746,0.028172832789959183
4,2,597869.7299941033,0.16239999,2.0360084,0.02839821600964169
4,2,597874.7301879935,0.16239999,2.0382228,0.028623600135054855
4,2,597879.7303818837,0.16239999,2.0403419,0.028848984129950406
4,2,597884.7305757739,0.16239999,2.0426326,0.02907436704258124
4,2,597889.730769664,0.16239999,2.0449042,0.029299751085256537
4,2,597894.7309635542,0.16239999,2.046737,0.029525138473969367
4,2,597899.7311574444,0.16239999,2.0487988,0.02975052237366057
4,2,597904.7313513346,0.16239999,2.0508797,0.029975908599042228
4,2,597909.7315452248,0.16239999,2.0529795,0.03020129392637395
4,2,597914.731739115,0.16239999,2.054946,0.030426679170610173
4,2,597919.7319330052,0.16239999,2.0570076,0.030652066240602894
4,2,597924.7321268953,0.16239999,2.058783,0.030877453988989192
4,2,597929.7323207855,0.16239999,2.0608065,0.031102842429311738
4,2,597934.7325146757,0.16239999,2.0624864,0.031328232560027806
4,2,597939.7327085659,0.16239999,2.064491,0.03155362182661063
4,2,597944.7329024561,0.16239999,2.06619,0.03177901057137632
4,2,597949.7330963463,0.16239999,2.06808,0.03200439972224004
4,2,597954.7332902364,0.16239999,2.0695882,0.03222978698309097
4,2,597959.7334841266,0.16239999,2.0715544,0.03245517020589527
4,2,597964.7336780168,0.16239999,2.073158,0.032680555018862086
4,2,597969.733871907,0.16239999,2.0749333,0.03290594055573642
4,2,597974.7340657972,0.16239999,2.0767088,0.03313132527240034
4,2,597979.7342596874,0.16239999,2.078236,0.033356708402473886
4,2,597984.7344535775,0.16239999,2.079916,0.03358208865768462
4,2,597989.7346474677,0.16239999,2.0815578,0.03380746887893395
4,2,597994.7348413579,0.16239999,2.0832567,0.0340328516475136
4,2,597999.7350352481,0.16239999,2.0848985,0.03425823247759871
4,2,598004.7352291383,0.16239999,2.0863686,0.03448361425357145
4,2,598009.7354230285,0.16239999,2.0878766,0.03470899520936938
4,2,598014.7356169187,0.16239999,2.089423,0.034934375127789866
4,2,598019.7358108088,0.16239999,2.0910265,0.0351597541271804
4,2,598024.736004699,0.16239999,2.0923438,0.03538513472599287
4,2,598029.7361985892,0.16239999,2.0939856,0.035610517523070165
4,2,598034.7363924794,0.16239999,2.095322,0.03583590135947282
4,2,598039.7365863696,0.16239999,2.0968108,0.036061288760620674
4,2,598044.7367802598,0.16239999,2.0981662,0.036286672394913094
4,2,598049.73697415,0.16239999,2.099598,0.03651205508804072
4,2,598054.7371680401,0.16239999,2.100839,0.03673743985248853
4,2,598059.7373619303,0.16239999,2.102328,0.03696282464352746
4,2,598064.7375558205,0.16239999,2.1036835,0.037188206949226546
4,2,598069.7377497107,0.16239999,2.105077,0.037413589926872805
4,2,598074.7379436009,0.16239999,2.1063368,0.037638971451334644
4,2,598079.738137491,0.16239999,2.1075015,0.037864350942312004
4,2,598084.7383313812,0.16239999,2.1087232,0.038089729822176184
4,2,598089.7385252714,0.16239999,2.1101549,0.03831510785082147
4,2,598094.7387191616,0.16239999,2.1113958,0.03854048678802946
4,2,598099.7389130518,0.16239999,2.1127322,0.03876586522815872
4,2,598104.739106942,0.16239999,2.1139922,0.03899124523840843
4,2,598109.7393008322,0.16239999,2.1151376,0.039216624009318635
4,2,598114.7394947223,0.16239999,2.1162448,0.03944200082320056
4,2,598119.7396886125,0.16239999,2.1176383,0.03966737913095287
4,2,598124.7398825027,0.16239999,2.1188028,0.039892758567319955
4,2,598129.7400763929,0.16239999,2.1200056,0.04011814061747075
4,2,598134.7402702831,0.16239999,2.1210938,0.04034352438916595
4,2,598139.7404641733,0.16239999,2.1221437,0.04056890974515426
4,2,598144.7406580634,0.16239999,2.1233463,0.04079429445123091
4,2,598149.7408519536,0.16239999,2.1243773,0.041019676583833146
4,2,598154.7410458438,0.16239999,2.1255417,0.041245060922967876
4,2,598159.741239734,0.16239999,2.1265345,0.0414704433142551
4,2,598164.7414336242,0.16239999,2.127756,0.041695827709250136
4,2,598169.7416275144,0.16239999,2.1288252,0.04192121092362783
4,2,598174.7418214045,0.16239999,2.1297226,0.04214659424127388
4,2,598179.7420152947,0.16239999,2.1308107,0.0423719785096968
4,2,598184.7422091854,0.16239999,2.1319752,0.04259736345458195
4,2,598189.742403076,0.16239999,2.1329489,0.04282274969316272
4,2,598194.7425969667,0.16239999,2.1341133,0.04304813441655369
4,2,598199.7427908573,0.16239999,2.1350296,0.04327351991121469
4,2,598204.7429847475,0.16239999,2.1360605,0.04349890533944797
4,2,598209.7431786382,0.16239999,2.1371105,0.04372429114625187
4,2,598214.7433725288,0.16239999,2.138313,0.04394967493345918
4,2,598219.7435664195,0.16239999,2.1390958,0.044175060522040545
4,2,598224.7437603101,0.16239999,2.1400886,0.0444004448505822
4,2,598229.7439542008,0.16239999,2.1409857,0.04462582747284073
4,2,598234.7441480914,0.16239999,2.1419594,0.04485120981172305
4,2,598239.7443419821,0.16239999,2.1427803,0.04507659362781378
4,2,598244.7445358727,0.16239999,2.143773,0.04530197971065341
4,2,598249.7447297634,0.16239999,2.1446893,0.045527365524591655
4,2,598254.744923654,0.16239999,2.1455865,0.045752753981226
4,2,598259.7451175447,0.16239999,2.1463501,0.04597814301571828
4,2,598264.7453114353,0.16239999,2.1472666,0.0462035312658631
4,2,598269.745505326,0.16239999,2.148221,0.046428921526450236
4,2,598274.7456992166,0.16239999,2.149042,0.04665431287179555
4,2,598279.7458931073,0.16239999,2.1499774,0.046879703756181716
4,2,598284.7460869979,0.16239999,2.1507983,0.04710509572535503
4,2,598289.7462808883,0.16239999,2.1516764,0.04733048558852903
4,2,598294.7464747787,0.16239999,2.1522872,0.04755587462541791
4,2,598299.7466686692,0.16239999,2.153299,0.047781265033846915
4,2,598304.7468625596,0.16239999,2.1542344,0.04800665575616971
4,2,598309.74705645,0.16239999,2.1550934,0.04823204594098196
4,2,598314.7472503404,0.16239999,2.1558952,0.04845743371720197
4,2,598319.7474442308,0.16239999,2.1565254,0.048682821074208446
4,2,598324.7476381212,0.16239999,2.1574988,0.04890820562994314
4,2,598329.7478320117,0.16239999,2.1582816,0.049133590946374664
4,2,598334.7480259021,0.16239999,2.158969,0.04935897529228197
4,2,598339.7482197926,0.16239999,2.1597707,0.04958435941526542
4,2,598344.7484136831,0.16239999,2.160496,0.04980974457712803
4,2,598349.7486075737,0.16239999,2.1614888,0.0500351306412071
4,2,598354.7488014642,0.16239999,2.1621952,0.050260518104284176
4,2,598359.7489953547,0.16239999,2.162806,0.0504859051095893
4,2,598364.7491892453,0.16239999,2.1635888,0.05071129124160939
4,2,598369.7493831353,0.16239999,2.164505,0.05093667845774525
4,2,598374.7495770259,0.16239999,2.1651351,0.05116206443472041
4,2,598379.7497709164,0.16239999,2.1658604,0.0513874534362894
4,2,598384.749964807,0.16239999,2.166586,0.051612842707893916
4,2,598389.7501586975,0.16239999,2.167235,0.0518382323520672
4,2,598394.750352588,0.16239999,2.1678076,0.05206362206595888
4,2,598399.7505464784,0.16239999,2.1686285,0.05228901175758408
4,2,598404.7507403691,0.16239999,2.169373,0.05251440111283461
4,2,598409.7509342595,0.16239999,2.1699076,0.05273979205170439
4,2,598414.75112815,0.16239999,2.1708431,0.05296518049419671
4,2,598419.7513220406,0.16239999,2.171492,0.053190566820503105
4,2,598424.7515159311,0.16239999,2.172141,0.05341595389301164
4,2,598429.7517098216,0.16239999,2.1728666,0.05364134061730487
4,2,598434.7519037122,0.16239999,2.1734583,0.05386672605503102
4,2,598439.7520976027,0.16239999,2.17405,0.05409211064323369
4,2,598444.7522914934,0.16239999,2.1747756,0.05431749776557833
4,2,598449.7524853838,0.16239999,2.175463,0.05454288503769785
4,2,598454.7526792742,0.16239999,2.1760929,0.05476827407261978
4,2,598459.7528731646,0.16239999,2.1768756,0.0549936612416986
4,2,598464.753067055,0.16239999,2.177353,0.05521905071209454
4,2,598469.7532609454,0.16239999,2.1779447,0.05544444070159892
4,2,598474.7534548359,0.16239999,2.1786702,0.05566983056411975
4,2,598479.7536487263,0.16239999,2.1791472,0.055895219244107605
4,2,598484.7538426165,0.16239999,2.179739,0.05612060749990245
4,2,598489.7540365071,0.16239999,2.1805983,0.056345996439586085
4,2,598494.7542303978,0.16239999,2.1810944,0.05657138695569916
4,2,598499.7544242884,0.16239999,2.1815526,0.056796777911049624
4,2,598504.754618179,0.16239999,2.1823735,0.05702217147562487
4,2,598509.7548120697,0.16239999,2.1829271,0.057247566796364883
4,2,598514.7550059604,0.16239999,2.1835763,0.05747296208395395
4,2,598519.755199851,0.16239999,2.184149,0.05769835639127675
4,2,598524.7553937417,0.16239999,2.1845117,0.057923747397317656
4,2,598529.7555876323,0.16239999,2.1852562,0.058149137674758836
4,2,598534.7557815225,0.16239999,2.1858861,0.05837452850434019
4,2,598539.7559754131,0.16239999,2.1863825,0.058599918485641486
4,2,598544.7561693038,0.16239999,2.186879,0.05882530930385905
4,2,598549.7563631944,0.16239999,2.187585,0.05905069958498247
4,2,598554.7565570851,0.16239999,2.1880434,0.05927609027720078
4,2,598559.7567509757,0.16239999,2.1886733,0.05950148090389951
4,2,598564.7569448664,0.16239999,2.1893988,0.059726873866315526
4,2,598569.757138757,0.16239999,2.1895325,0.059952265400312024
4,2,598574.7573326477,0.16239999,2.1902196,0.0601776555827078
4,2,598579.7575265383,0.16239999,2.1908114,0.06040304881226273
4,2,598584.757720429,0.16239999,2.1914415,0.06062844483695843
4,2,598589.7579143196,0.16239999,2.191957,0.06085384028615307
4,2,598594.7581082098,0.16239999,2.1925488,0.06107923501309754
4,2,598599.7583021,0.16239999,2.1931977,0.06130462756104272
4,2,598604.7584959902,0.16239999,2.193484,0.061530021027555906
4,2,598609.7586898804,0.16239999,2.1940951,0.061755415239354815
4,2,598614.7588837706,0.16239999,2.1946104,0.061980808001805526
4,2,598619.7590776607,0.16239999,2.1951067,0.062206200628407315
4,2,598624.7592715509,0.16239999,2.1956031,0.06243159000010045
4,2,598629.7594654411,0.16239999,2.196195,0.06265697896552004
4,2,598634.7596593313,0.16239999,2.196844,0.0628823686641372
4,2,598639.7598532215,0.16239999,2.197054,0.0631077597235317
4,2,598644.7600471117,0.16239999,2.1977603,0.06333315144006163
4,2,598649.7602410018,0.16239999,2.1981995,0.0635585398128546
4,2,598654.760434892,0.16239999,2.198696,0.06378393116248482
4,2,598659.7606287822,0.16239999,2.1993067,0.06400932261753331
4,2,598664.7608226724,0.16239999,2.1996121,0.06423471382175386
4,2,598669.7610165626,0.16239999,2.2001848,0.06446010499166614
4,2,598674.7612104528,0.16239999,2.200643,0.06468549538173113
4,2,598679.761404343,0.16239999,2.2012157,0.06491088566883488
4,2,598684.7615982331,0.16239999,2.2017312,0.06513627729372763
4,2,598689.7617921233,0.16239999,2.2022083,0.06536166894336128
4,2,598694.7619860135,0.16239999,2.2027047,0.06558705963272353
4,2,598699.7621799037,0.16239999,2.203354,0.06581244820397347
4,2,598704.7623737939,0.16239999,2.2036211,0.06603783719482686
4,2,598709.762567684,0.16239999,2.204232,0.0662632276121709
4,2,598714.7627615742,0.16239999,2.2046711,0.06648861531439175
4,2,598719.7629554644,0.16239999,2.2052438,0.06671400227578729
4,2,598724.7631493546,0.16239999,2.2056065,0.06693938962172964
4,2,598729.7633432448,0.16239999,2.2060456,0.06716477438255399
4,2,598734.763537135,0.16239999,2.2065418,0.06739016241599287
4,2,598739.7637310252,0.16239999,2.2069046,0.06761554820942878
4,2,598744.7639249153,0.16239999,2.20742,0.06784093326754287
4,2,598749.7641188055,0.16239999,2.20784,0.06806632158866192
4,2,598754.7643126957,0.16239999,2.2084126,0.06829170920391463
4,2,598759.7645065859,0.16239999,2.208699,0.06851709922635389
4,2,598764.7647004761,0.16239999,2.209272,0.06874249136754952
4,2,598769.7648943663,0.16239999,2.209768,0.06896788241810185
4,2,598774.7650882564,0.16239999,2.2103217,0.06919327307447294
4,2,598779.7652821466,0.16239999,2.2106273,0.06941866315856245
4,2,598784.7654760368,0.16239999,2.2110853,0.06964405504173123
4,2,598789.765669927,0.16239999,2.2117536,0.06986944618545059
4,2,598794.7658638172,0.16239999,2.2120209,0.0700948373801046
4,2,598799.7660577074,0.16239999,2.2124598,0.0703202268168802
4,2,598804.7662515976,0.16239999,2.2130325,0.07054561676638159
4,2,598809.7664454877,0.16239999,2.2134717,0.070771008298532
4,2,598814.7666393779,0.16239999,2.213968,0.07099639760891596
4,2,598819.7668332681,0.16239999,2.2143688,0.071221787393863
4,2,598824.7670271583,0.16239999,2.2148652,0.07144717602291124
4,2,598829.7672210485,0.16239999,2.215228,0.07167256145008737
4,2,598834.7674149387,0.16239999,2.2158198,0.071897947537173
4,2,598839.7676088288,0.16239999,2.2159534,0.07212333089975186
4,2,598844.767802719,0.16239999,2.216488,0.07234871469006109
4,2,598849.7679966092,0.16239999,2.2169843,0.07257410149721388
4,2,598854.7681904994,0.16239999,2.2174425,0.07279949143293583
4,2,598859.7683843896,0.16239999,2.2176526,0.07302487995154411
4,2,598864.7685782798,0.16239999,2.2181106,0.07325027083515624
4,2,598869.76877217,0.16239999,2.218645,0.073475661400718
4,2,598874.7689660601,0.16239999,2.2189696,0.0737010544321032
4,2,598879.7691599503,0.16239999,2.2193515,0.07392644673917691
4,2,598884.7693538405,0.16239999,2.2199051,0.07415183841614507
4,2,598889.7695477307,0.16239999,2.2201724,0.07437722826165458
4,2,598894.7697416209,0.16239999,2.220554,0.07460261606161545
4,2,598899.769935511,0.16239999,2.220936,0.07482800403165735
4,2,598904.7701294012,0.16239999,2.2214515,0.07505339421397117
4,2,598909.7703232914,0.16239999,2.221757,0.07527878036726929
4,2,598914.7705171816,0.16239999,2.222215,0.0755041662059981
4,2,598919.7707110718,0.16239999,2.2225587,0.075729553256592
4,2,598924.770904962,0.16239999,2.2230358,0.07595494290563051
4,2,598929.7710988522,0.16239999,2.223456,0.07618033104104881
4,2,598934.7712927423,0.16239999,2.2238185,0.07640571623296623
4,2,598939.7714866325,0.16239999,2.224334,0.076631101622656
4,2,598944.7716805227,0.16239999,2.2246585,0.07685648677975189
4,2,598949.7718744129,0.16239999,2.2250214,0.07708187050388092
4,2,598954.7720683031,0.16239999,2.2256513,0.07730725645281045
4,2,598959.7722621933,0.16239999,2.2257657,0.07753264350089846
4,2,598964.7724560834,0.16239999,2.226224,0.07775802931363882
4,2,598969.7726499736,0.16239999,2.2265868,0.0779834130739545
4,2,598974.7728438638,0.16239999,2.227064,0.07820879749084927
4,2,598979.773037754,0.16239999,2.2275221,0.07843418337243879
4,2,598984.7732316442,0.16239999,2.2279613,0.078659567434878
4,2,598989.7734255344,0.16239999,2.228343,0.07888495289173061
4,2,598994.7736194246,0.16239999,2.2285912,0.07911033708931507
4,2,598999.7738133147,0.16239999,2.2291067,0.07933572239594659
4,2,599004.7740072049,0.16239999,2.2293358,0.0795611094542386
4,2,599009.7742010951,0.16239999,2.2299848,0.0797864976178499
4,2,599014.7743949853,0.16239999,2.230233,0.08001188757981942
4,2,599019.7745888755,0.16239999,2.2306337,0.08023727389180166
4,2,599024.7747827657,0.16239999,2.2310538,0.08046265909176901
4,2,599029.7749766558,0.16239999,2.2313783,0.08068804435827502
4,2,599034.775170546,0.16239999,2.2317028,0.08091342885477015
4,2,599039.7753644362,0.16239999,2.2320657,0.08113881244448988
4,2,599044.7755583264,0.16239999,2.2325046,0.08136419572923002
4,2,599049.7757522166,0.16239999,2.2328103,0.08158957932846746
4,2,599054.7759461068,0.16239999,2.2333446,0.081814966566912
4,2,599059.776139997,0.16239999,2.2336118,0.08204035196045456
4,2,599064.7763338871,0.16239999,2.233841,0.08226574003989084
4,2,599069.7765277773,0.16239999,2.234433,0.08249112689795098
4,2,599074.7767216675,0.16239999,2.2347574,0.08271651515598182
4,2,599079.7769155577,0.16239999,2.235082,0.08294190220121708
4,2,599084.7771094479,0.16239999,2.2355592,0.08316729023786221
4,2,599089.777303338,0.16239999,2.2359219,0.08339267846230666
4,2,599094.7774972282,0.16239999,2.2362654,0.08361806543423236
4,2,599099.7776911184,0.16239999,2.2366855,0.08384345250851
4,2,599104.7778850086,0.16239999,2.2369719,0.08406884013758352
4,2,599109.7780788988,0.16239999,2.2372773,0.0842942251409077
4,2,599114.778272789,0.16239999,2.2377546,0.08451961148100098
4,2,599119.7784666792,0.16239999,2.23806,0.08474499923489988
4,2,599124.7786605693,0.16239999,2.2386136,0.08497038706951009
4,2,599129.7788544595,0.16239999,2.2388618,0.08519577383723276
4,2,599134.7790483497,0.16239999,2.2392626,0.08542116324007842
4,2,599139.7792422399,0.16239999,2.2394917,0.08564655506639927
4,2,599144.7794361301,0.16239999,2.239988,0.08587194523990568
4,2,599149.7796300203,0.16239999,2.240389,0.08609733504083836
4,2,599154.7798239104,0.16239999,2.2407136,0.08632272523448369
4,2,599159.7800178006,0.16239999,2.2411335,0.0865481148881813
4,2,599164.7802116908,0.16239999,2.2413435,0.08677350591084694
4,2,599169.780405581,0.16239999,2.2417827,0.08699889850392195
4,2,599174.7805994712,0.16239999,2.2421644,0.08722429139339098
4,2,599179.7807933614,0.16239999,2.2424698,0.08744968611142125
4,2,599184.7809872515,0.16239999,2.24289,0.08767507961648457
4,2,599189.7811811417,0.16239999,2.2432144,0.08790047207141671
4,2,599194.7813750319,0.16239999,2.2436535,0.08812586300673009
4,2,599199.7815689221,0.16239999,2.243959,0.08835125635305383
4,2,599204.7817628123,0.16239999,2.2442453,0.08857664968122961
4,2,599209.7819567025,0.16239999,2.2448752,0.0888020449254861
4,2,599214.7821505927,0.16239999,2.245009,0.08902743886128321
4,2,599219.7823444828,0.16239999,2.245486,0.08925283033186865
4,2,599224.782538373,0.16239999,2.245868,0.08947822087791733
4,2,599229.7827322632,0.16239999,2.2461543,0.08970361156128932
4,2,599234.7829261534,0.16239999,2.2465742,0.08992900361640095
4,2,599239.7831200436,0.16239999,2.2468605,0.09015439473922392
4,2,599244.7833139338,0.16239999,2.2471278,0.09037978652434886
4,2,599249.783507824,0.16239999,2.2475288,0.09060518024011212
4,2,599254.7837017141,0.16239999,2.2478151,0.09083057288761857
4,2,599259.7838956043,0.16239999,2.2481015,0.09105596717544569
4,2,599264.7840894945,0.16239999,2.2485216,0.09128135952711526
4,2,599269.7842833847,0.16239999,2.2489796,0.09150675127858261
4,2,599274.7844772749,0.16239999,2.249266,0.09173214185962666
4,2,599279.784671165,0.16239999,2.2496097,0.09195753102538409
4,2,599284.7848650552,0.16239999,2.2499723,0.09218292114865537
4,2,599289.7850589454,0.16239999,2.2504497,0.09240831338533184
4,2,599294.7852528356,0.16239999,2.250717,0.09263370663174578
4,2,599299.7854467258,0.16239999,2.2511368,0.09285909669622121
4,2,599304.785640616,0.16239999,2.2513278,0.09308448464232687
4,2,599309.7858345062,0.16239999,2.251767,0.0933098711432343
4,2,599314.7860283963,0.16239999,2.2521486,0.0935352595666374
4,2,599319.7862222865,0.16239999,2.252626,0.0937606478322074
4,2,599324.7864161767,0.16239999,2.2529123,0.09398603901441066
4,2,599329.7866100669,0.16239999,2.2531986,0.09421142948962584
4,2,599334.7868039571,0.16239999,2.253485,0.09443681601664095
4,2,599339.7869978473,0.16239999,2.2538285,0.09466220106897918
4,2,599344.7871917374,0.16239999,2.254134,0.09488758568943956
4,2,599349.7873856276,0.16239999,2.2544777,0.09511296986966002
4,2,599354.7875795178,0.16239999,2.254993,0.09533835594678008
4,2,599359.787773408,0.16239999,2.255184,0.09556374172770646
4,2,599364.7879672982,0.16239999,2.255585,0.09578912599813524
4,2,599369.7881611884,0.16239999,2.256024,0.09601450923403518
4,2,599374.7883550785,0.16239999,2.2561958,0.09623989254467355
4,2,599379.7885489687,0.16239999,2.2567112,0.09646527790312469
4,2,599384.7887428589,0.16239999,2.2569976,0.0966906614447501
4,2,599389.7889367491,0.16239999,2.257303,0.09691604212664481
4,2,599394.7891306393,0.16239999,2.2578185,0.09714142543053296
4,2,599399.7893245295,0.16239999,2.257971,0.09736680813603517
4,2,599404.7895184197,0.16239999,2.2582958,0.09759219009704226
4,2,599409.7897123098,0.16239999,2.2587156,0.0978175703434406
4,2,599414.7899062,0.16239999,2.2591166,0.09804294884478963
4,2,599419.7901000902,0.16239999,2.259403,0.0982683277156353
4,2,599424.7902939804,0.16239999,2.259632,0.09849370759266118
4,2,599429.7904878706,0.16239999,2.2600138,0.0987190887417578
4,2,599434.7906817608,0.16239999,2.260472,0.09894446562391686
4,2,599439.790875651,0.16239999,2.2606819,0.09916984156024457
4,2,599444.7910695411,0.16239999,2.261083,0.09939521884077705
4,2,599449.7912634313,0.16239999,2.2613883,0.09962059768697124
4,2,599454.7914573215,0.16239999,2.2619038,0.09984597841977329
4,2,599459.7916512117,0.16239999,2.2622664,0.10007136049935471
4,2,599464.7918451019,0.16239999,2.2624383,0.10029674289458163
4,2,599469.792038992,0.16239999,2.2629538,0.10052212600556099
4,2,599474.7922328822,0.16239999,2.263221,0.10074751009317984
4,2,599479.7924267724,0.16239999,2.2635074,0.1009728922382204
4,2,599484.7926206626,0.16239999,2.26366,0.10119827320712473
4,2,599489.7928145528,0.16239999,2.2642136,0.10142365617979814
4,2,599494.793008443,0.16239999,2.264252,0.10164903862454493
4,2,599499.7932023332,0.16239999,2.2648437,0.10187442262930008
4,2,599504.7933962233,0.16239999,2.2650537,0.10209980477044896
4,2,599509.7935901135,0.16239999,2.2655118,0.1023251866617716
4,2,599514.7937840037,0.16239999,2.2657218,0.10255056852373397
4,2,599519.7939778939,0.16239999,2.2662182,0.10277595043753086
4,2,599524.7941717841,0.16239999,2.2665045,0.10300133124753169
4,2,599529.7943656743,0.16239999,2.267039,0.10322671469628396
4,2,599534.7945595644,0.16239999,2.2672873,0.10345209954671643
4,2,599539.7947534546,0.16239999,2.2676308,0.10367748004496592
4,2,599544.7949473448,0.16239999,2.2680318,0.10390286204363237
4,2,599549.795141235,0.16239999,2.2682226,0.10412824636292041
4,2,599554.7953351252,0.16239999,2.2686045,0.1043536300215307
4,2,599559.7955290154,0.16239999,2.2688143,0.10457901388683581
4,2,599564.7957229055,0.16239999,2.2692535,0.10480439893085342
4,2,599569.7959167957,0.16239999,2.269559,0.10502978561833912
4,2,599574.7961106859,0.16239999,2.2700553,0.105255172050106
4,2,599579.7963045761,0.16239999,2.2703607,0.10548055705446913
4,2,599584.7964984663,0.16239999,2.2707236,0.10570594090956695
4,2,599589.7966923565,0.16239999,2.271029,0.10593132465570997
4,2,599594.7968862467,0.16239999,2.2713535,0.10615670745782055
4,2,599599.7970801368,0.16239999,2.2715635,0.10638209042910235
4,2,599604.797274027,0.16239999,2.2719452,0.10660747275735682
4,2,599609.7974679172,0.16239999,2.272327,0.1068328553921555
4,2,599614.7976618074,0.16239999,2.2726707,0.1070582369041873
4,2,599619.7978556976,0.16239999,2.2728615,0.10728361914222684
4,2,599624.7980495878,0.16239999,2.2732053,0.10750900357436137
4,2,599629.7982434779,0.16239999,2.2736824,0.10773438741044532
4,2,599634.7984373681,0.16239999,2.2739305,0.10795977108938244
4,2,599639.7986312583,0.16239999,2.2741787,0.10818515219916815
4,2,599644.7988251485,0.16239999,2.274637,0.10841053451578317
4,2,599649.7990190387,0.16239999,2.2750378,0.1086359173034868
4,2,599654.7992129289,0.16239999,2.2754197,0.10886129840704216
4,2,599659.799406819,0.16239999,2.2755723,0.10908668168550562
4,2,599664.7996007092,0.16239999,2.275916,0.1093120665261025
4,2,599669.7997945994,0.16239999,2.2763932,0.10953745024533319
4,2,599674.7999884896,0.16239999,2.2766414,0.1097628352351296
4,2,599679.8001823798,0.16239999,2.2770233,0.10998821973855791
4,2,599684.80037627,0.16239999,2.2772524,0.11021360233856983
4,2,599689.8005701602,0.16239999,2.2777486,0.11043898521037232
4,2,599694.8007640503,0.16239999,2.2780924,0.11066436746830077
4,2,599699.8009579405,0.16239999,2.2783024,0.11088974708518218
4,2,599704.8011518307,0.16239999,2.278627,0.11111512779895627
4,2,599709.8013457209,0.16239999,2.2789133,0.11134050744343381
4,2,599714.8015396111,0.16239999,2.2791805,0.11156588796661958
4,2,599719.8017335013,0.16239999,2.279276,0.1117912706852199
4,2,599724.8019273914,0.16239999,2.2798486,0.11201665404943954
4,2,599729.8021212816,0.16239999,2.2802114,0.11224203797000892
4,2,599734.8023151718,0.16239999,2.2804787,0.11246742073736006
4,2,599739.802509062,0.16239999,2.280765,0.1126928026506735
4,2,599744.8027029522,0.16239999,2.2810514,0.1129181861437625
4,2,599749.8028968424,0.16239999,2.281376,0.11314356785571489
4,2,599754.8030907325,0.16239999,2.2817767,0.1133689502725816
4,2,599759.8032846227,0.16239999,2.2820249,0.11359433263867841
4,2,599764.8034785129,0.16239999,2.282445,0.11381971712613184
4,2,599769.8036724031,0.16239999,2.2828076,0.11404510149426754
4,2,599774.8038662933,0.16239999,2.2829795,0.1142704853801818
4,2,599779.8040601835,0.16239999,2.2834759,0.11449586968533608
4,2,599784.8042540736,0.16239999,2.2838576,0.11472125411891271
4,2,599789.8044479638,0.16239999,2.2841058,0.11494663743443452
4,2,599794.804641854,0.16239999,2.2844875,0.11517201927868935
4,2,599799.8048357447,0.16239999,2.2847166,0.1153974017005165
4,2,599804.8050296353,0.16239999,2.2851748,0.11562278500793126
4,2,599809.805223526,0.16239999,2.2855947,0.11584816815892769
4,2,599814.8054174166,0.16239999,2.285843,0.11607355226701743
4,2,599819.8056113073,0.16239999,2.2859766,0.11629893839233034
4,2,599824.8058051979,0.16239999,2.286473,0.11652432285667538
4,2,599829.8059990886,0.16239999,2.2865303,0.11674970823788473
4,2,599834.8061929792,0.16239999,2.2870266,0.1169750931010784
4,2,599839.8063868699,0.16239999,2.2874846,0.11720047728631641
4,2,599844.8065807605,0.16239999,2.2878475,0.11742586086005713
4,2,599849.8067746512,0.16239999,2.2880957,0.11765124425764295
4,2,599854.8069685418,0.16239999,2.2884965,0.11787662730451669
4,2,599859.8071624325,0.16239999,2.28884,0.11810200952878838
4,2,599864.8073563231,0.16239999,2.289012,0.11832739377526355
4,2,599869.8075502138,0.16239999,2.2892983,0.11855277715904593
4,2,599874.8077441044,0.16239999,2.2896993,0.11877815966922703
4,2,599879.8079379951,0.16239999,2.2901382,0.11900354220529973
4,2,599884.8081318857,0.16239999,2.2904246,0.11922892490020308
4,2,599889.8083257764,0.16239999,2.2908065,0.11945430618924147
4,2,599894.808519667,0.16239999,2.2909591,0.11967968873557112
4,2,599899.8087135574,0.16239999,2.291341,0.1199050735229717
4,2,599904.8089074478,0.16239999,2.2917418,0.12013045639940843
4,2,599909.8091013383,0.16239999,2.291971,0.12035584139639549
4,2,599914.8092952287,0.16239999,2.2923336,0.12058122435905615
4,2,599919.8094891191,0.16239999,2.2925627,0.12080660830544593
4,2,599924.809683009,0.16239999,2.2931163,0.12103199216459687
4,2,599929.8098768995,0.16239999,2.2933264,0.12125737628428054
4,2,599934.8100707899,0.16239999,2.2936318,0.1214827589900576
4,2,599939.8102646803,0.16239999,2.2937846,0.12170814098938716
4,2,599944.8104585707,0.16239999,2.294281,0.12193352211299203
4,2,599949.8106524613,0.16239999,2.2945864,0.12215890374744183
4,2,599954.8108463518,0.16239999,2.2948537,0.12238428633165273
4,2,599959.8110402423,0.16239999,2.2952354,0.12260966808751221
4,2,599964.8112341329,0.16239999,2.2955217,0.12283504887921524
4,2,599969.8114280234,0.16239999,2.295789,0.12306042959823786
4,2,599974.8116219139,0.16239999,2.29619,0.12328581196977607
4,2,599979.8118158045,0.16239999,2.2965717,0.12351119831144391
4,2,599984.812009695,0.16239999,2.2967818,0.12373658503216335
4,2,599989.8122035855,0.16239999,2.297259,0.12396197305366972
4,2,599994.812397476,0.16239999,2.297469,0.12418736049234283
4,2,599999.8125913668,0.16239999,2.2975836,0.12441274862747304
4,2,600004.8127852574,0.16239999,2.298099,0.12463813817967967
4,2,600009.8129791479,0.16239999,2.2983088,0.12486352667142364
4,2,600014.8131730384,0.16239999,2.2985952,0.1250889135740639
4,2,600019.8133669288,0.16239999,2.2990534,0.12531429873516242
4,2,600024.8135608194,0.16239999,2.2991872,0.1255396832802486
4,2,600029.8137547099,0.16239999,2.2996452,0.12576506834726117
4,2,600034.8139486004,0.16239999,2.29997,0.12599045496260622
4,2,600039.8141424909,0.16239999,2.3002753,0.12621584305556863
4,2,600044.8143363814,0.16239999,2.3007143,0.12644122773874633
4,2,600049.8145302718,0.16239999,2.3009434,0.12666661201419266
4,2,600054.8147241622,0.16239999,2.3012679,0.12689199379525085
4,2,600059.8149180526,0.16239999,2.3015542,0.12711737616920718
4,2,600064.815111943,0.16239999,2.301898,0.12734275886869015
4,2,600069.8153058335,0.16239999,2.3021462,0.127568142814469
4,2,600074.8154997239,0.16239999,2.3024135,0.1277935284043608
4,2,600079.8156936143,0.16239999,2.3030052,0.12801891350891106
4,2,600084.8158875047,0.16239999,2.3032153,0.12824430090337657
4,2,600089.8160813947,0.16239999,2.3035207,0.12846968907775477
4,2,600094.8162752851,0.16239999,2.3040934,0.128695076479699
4,2,600099.8164691757,0.16239999,2.3043225,0.12892046306604474
4,2,600104.8166630664,0.16239999,2.3045897,0.1291458486700761
4,2,600109.816856957,0.16239999,2.3049715,0.12937123548962667
4,2,600114.8170508477,0.16239999,2.305315,0.12959662062130367
4,2,600119.8172447383,0.16239999,2.3054297,0.12982200518510983
4,2,600124.817438629,0.16239999,2.3058877,0.13004739146185415
4,2,600129.8176325196,0.16239999,2.3060215,0.13027277776725338
4,2,600134.8178264103,0.16239999,2.3064032,0.13049816116528293
4,2,600139.8180203009,0.16239999,2.306785,0.1307235445881916
4,2,600144.8182141916,0.16239999,2.3068805,0.1309489292949653
4,2,600149.8184080822,0.16239999,2.307396,0.13117431231253093
4,2,600154.8186019729,0.16239999,2.307835,0.1313996915190294
4,2,600159.8187958635,0.16239999,2.3081787,0.13162507312645427
4,2,600164.8189897542,0.16239999,2.3084269,0.13185045420010383
4,2,600169.8191836448,0.16239999,2.3085604,0.1320758386118486
4,2,600174.8193775355,0.16239999,2.3089614,0.13230122272739803
4,2,600179.8195714261,0.16239999,2.309324,0.13252660775327843
4,2,600184.8197653168,0.16239999,2.3096485,0.13275199416382524
4,2,600189.8199592074,0.16239999,2.3100495,0.13297738114029745
4,2,600194.8201530981,0.16239999,2.310164,0.13320276640408069
4,2,600199.8203469887,0.16239999,2.3106031,0.13342815193987634
4,2,600204.8205408789,0.16239999,2.3108704,0.1336535384367464
4,2,600209.8207347691,0.16239999,2.311214,0.13387892493254605
4,2,600214.8209286593,0.16239999,2.3116913,0.13410431004908016
4,2,600219.8211225495,0.16239999,2.3119204,0.1343296964859904
4,2,600224.8213164397,0.16239999,2.312283,0.1345550825923151
4,2,600229.8215103298,0.16239999,2.3125694,0.13478046880286845
4,2,600234.82170422,0.16239999,2.3128366,0.1350058544433663
4,2,600239.8218981102,0.16239999,2.3133712,0.13523123910424856
4,2,600244.8220920004,0.16239999,2.3136766,0.13545662546403786
4,2,600249.8222858906,0.16239999,2.3137913,0.13568201041355973
4,2,600254.8224797808,0.16239999,2.3142493,0.13590739444765196
4,2,600259.822673671,0.16239999,2.3145356,0.1361327785734244
4,2,600264.8228675611,0.16239999,2.3147838,0.1363581634517088
4,2,600269.8230614513,0.16239999,2.315051,0.1365835464412611
4,2,600274.8232553415,0.16239999,2.3153756,0.13680892992228763
4,2,600279.8234492317,0.16239999,2.3158147,0.13703431688824458
4,2,600284.8236431219,0.16239999,2.3161201,0.13725970353248879
4,2,600289.823837012,0.16239999,2.3161583,0.13748508896560632
4,2,600294.8240309022,0.16239999,2.3166928,0.1377104748002969
4,2,600299.8242247924,0.16239999,2.3170366,0.13793586200091487
4,2,600304.8244186826,0.16239999,2.3173993,0.13816124721684137
4,2,600309.8246125728,0.16239999,2.3175902,0.13838663183891933
4,2,600314.824806463,0.16239999,2.3181057,0.13861201652976038
4,2,600319.8250003532,0.16239999,2.3182392,0.13883739967010827
4,2,600324.8251942433,0.16239999,2.3187356,0.13906278391942792
4,2,600329.8253881335,0.16239999,2.3191555,0.13928817288987086
4,2,600334.8255820237,0.16239999,2.3190982,0.13951355970938914
4,2,600339.8257759139,0.16239999,2.319671,0.13973894378037746
4,2,600344.8259698041,0.16239999,2.3200147,0.13996432686588495
4,2,600349.8261636943,0.16239999,2.3202245,0.1401897093219583
4,2,600354.8263575844,0.16239999,2.3204155,0.1404150914298718
4,2,600359.8265514746,0.16239999,2.3210073,0.140640473322966
4,2,600364.8267453648,0.16239999,2.321122,0.1408658529174965
4,2,600369.826939255,0.16239999,2.3214464,0.1410912324039704
4,2,600374.8271331452,0.16239999,2.32179,0.14131661017034283
4,2,600379.8273270354,0.16239999,2.322172,0.14154198916915223
4,2,600384.8275209256,0.16239999,2.3224773,0.14176736840539175
4,2,600389.8277148157,0.16239999,2.3228781,0.1419927476447928
4,2,600394.8279087059,0.16239999,2.3231645,0.14221812886514595
4,2,600399.8281025961,0.16239999,2.323489,0.1424435104592169
4,2,600404.8282964863,0.16239999,2.3236227,0.14266889189518572
4,2,600409.8284903765,0.16239999,2.3241382,0.14289427359898055
4,2,600414.8286842667,0.16239999,2.3243098,0.14311965390573936
4,2,600419.8288781568,0.16239999,2.324577,0.14334503756018807
4,2,600424.829072047,0.16239999,2.3249972,0.1435704211216701
4,2,600429.8292659372,0.16239999,2.3250926,0.14379580244651102
4,2,600434.8294598274,0.16239999,2.3255126,0.1440211835524009
4,2,600439.8296537176,0.16239999,2.3258753,0.14424656526618282
4,2,600444.8298476078,0.16239999,2.325971,0.14447194600585264
4,2,600449.830041498,0.16239999,2.3262572,0.14469732649458444
4,2,600454.8302353881,0.16239999,2.3266008,0.14492270398816132
4,2,600459.8304292783,0.16239999,2.3269825,0.14514808757572617
4,2,600464.8306231685,0.16239999,2.327288,0.14537347457659738
4,2,600469.8308170587,0.16239999,2.3276699,0.1455988600695075
4,2,600474.8310109489,0.16239999,2.3278224,0.14582424358415105
4,2,600479.831204839,0.16239999,2.3281088,0.14604962981918038
4,2,600484.8313987292,0.16239999,2.328357,0.1462750162503719
4,2,600489.8315926194,0.16239999,2.3288724,0.14650040285758587
4,2,600494.8317865096,0.16239999,2.3289871,0.14672578921712517
4,2,600499.8319803998,0.16239999,2.3292544,0.1469511731911326
4,2,600504.83217429,0.16239999,2.329617,0.14717655781339684
4,2,600509.8323681802,0.16239999,2.3299034,0.1474019424441001
4,2,600514.8325620703,0.16239999,2.3300943,0.14762732532718192
4,2,600519.8327559605,0.16239999,2.3306289,0.147852708889991
4,2,600524.8329498507,0.16239999,2.3307815,0.14807809460561636
4,2,600529.8331437409,0.16239999,2.3312016,0.14830348165826
4,2,600534.8333376311,0.16239999,2.3315642,0.1485288662805441
4,2,600539.8335315213,0.16239999,2.3318887,0.14875425040563026
4,2,600544.8337254114,0.16239999,2.3323088,0.14897963123228974
4,2,600549.8339193016,0.16239999,2.332576,0.14920501385256146
4,2,600554.8341131918,0.16239999,2.3328052,0.14943039552095197
4,2,600559.834307082,0.16239999,2.3329577,0.1496557764073585
4,2,600564.8345009722,0.16239999,2.333416,0.14988115762617849
4,2,600569.8346948624,0.16239999,2.3337786,0.15010654175067936
4,2,600574.8348887525,0.16239999,2.3339124,0.15033192642659937
4,2,600579.8350826427,0.16239999,2.334256,0.15055731104168044
4,2,600584.8352765329,0.16239999,2.334485,0.15078269382175633
4,2,600589.8354704231,0.16239999,2.3348095,0.1510080771285055
4,2,600594.8356643133,0.16239999,2.3351533,0.15123346010934144
4,2,600599.8358582035,0.16239999,2.335497,0.15145884429243203
4,2,600604.8360520937,0.16239999,2.335726,0.1516842295317608
4,2,600609.8362459838,0.16239999,2.3360124,0.15190961594182167
4,2,600614.836439874,0.16239999,2.3362415,0.15213500337591765
4,2,600619.8366337642,0.16239999,2.336547,0.15236039039672494
4,2,600624.8368276544,0.16239999,2.3369286,0.1525857782675309
4,2,600629.8370215446,0.16239999,2.3371959,0.15281116533051842
4,2,600634.8372154348,0.16239999,2.3375204,0.15303655080154702
4,2,600639.837409325,0.16239999,2.3378067,0.1532619381840353
4,2,600644.8376032151,0.16239999,2.338093,0.1534873259170519
4,2,600649.8377971053,0.16239999,2.3385131,0.153712712770967
4,2,600654.8379909955,0.16239999,2.3388567,0.15393809878797002
4,2,600659.8381848857,0.16239999,2.3390477,0.15416348121676512
4,2,600664.8383787759,0.16239999,2.339334,0.15438886232228743
4,2,600669.838572666,0.16239999,2.3395822,0.15461424460074802
4,2,600674.8387665562,0.16239999,2.339754,0.1548396280644362
4,2,600679.8389604464,0.16239999,2.3402312,0.15506501099386397
4,2,600684.8391543366,0.16239999,2.3403459,0.1552903968443109
4,2,600689.8393482268,0.16239999,2.3407848,0.15551578117531456
4,2,600694.839542117,0.16239999,2.3409376,0.15574116464116675
4,2,600699.8397360072,0.16239999,2.341243,0.15596654727565
4,2,600704.8399298973,0.16239999,2.3415484,0.15619192864994375
4,2,600709.8401237875,0.16239999,2.3417013,0.15641730988105387
4,2,600714.8403176777,0.16239999,2.3419876,0.15664269284474022
4,2,600719.8405115679,0.16239999,2.3424265,0.1568680760883987
4,2,600724.8407054581,0.16239999,2.3427322,0.15709346233721408
4,2,600729.8408993483,0.16239999,2.3430185,0.1573188492996618
4,2,600734.8410932384,0.16239999,2.3435147,0.15754423470237353
4,2,600739.8412871286,0.16239999,2.343801,0.15776961829490047
4,2,600744.8414810188,0.16239999,2.343973,0.15799500173423603
4,2,600749.841674909,0.16239999,2.344221,0.15822038597492624
4,2,600754.8418687992,0.16239999,2.3444502,0.15844576946974792
4,2,600759.8420626894,0.16239999,2.3449657,0.15867115018743358
4,2,600764.8422565795,0.16239999,2.3450992,0.15889653215682423
4,2,600769.8424504697,0.16239999,2.3455575,0.15912191204585466
4,2,600774.8426443599,0.16239999,2.3457103,0.15934729235492398
4,2,600779.8428382501,0.16239999,2.3459392,0.15957267169126124
4,2,600784.8430321403,0.16239999,2.3463783,0.1597980503677494
4,2,600789.8432260305,0.16239999,2.3464737,0.16002343102785946
4,2,600794.8434199207,0.16239999,2.346779,0.16024881059598592
4,2,600799.8436138108,0.16239999,2.34697,0.16047419290627457
4,2,600804.843807701,0.16239999,2.3472946,0.16069957418126862
4,2,600809.8440015912,0.16239999,2.34781,0.1609249567452305
4,2,600814.8441954814,0.16239999,2.3480582,0.16115034091312191
4,2,600819.8443893716,0.16239999,2.3483636,0.16137572744316941
4,2,600824.8445832618,0.16239999,2.34865,0.16160111036941247
4,2,600829.844777152,0.16239999,2.3489938,0.1618264950878215
4,2,600834.8449710421,0.16239999,2.3491273,0.16205188140178806
4,2,600839.8451649323,0.16239999,2.3495283,0.16227726821742045
4,2,600844.8453588225,0.16239999,2.3498147,0.16250265618298454
4,2,600849.8455527127,0.16239999,2.3499863,0.16272804519009923
4,2,600854.8457466029,0.16239999,2.3502917,0.16295343316544345
4,2,600859.845940493,0.16239999,2.350559,0.16317881827769015
4,2,600864.8461343832,0.16239999,2.3506927,0.16340420333841196
4,2,600869.8463282734,0.16239999,2.3512654,0.16362958602767935
4,2,600874.8465221636,0.16239999,2.3512464,0.16385496975851224
4,2,600879.8467160538,0.16239999,2.3514183,0.16408035480489663
4,2,600884.846909944,0.16239999,2.3518953,0.16430574098653097
4,2,600889.8471038342,0.16239999,2.351991,0.16453112450796117
4,2,600894.8472977243,0.16239999,2.3522391,0.1647565095041088
4,2,600899.8474916145,0.16239999,2.352449,0.16498189827424456
4,2,600904.8476855047,0.16239999,2.3527353,0.16520728560657222
4,2,600909.8478793949,0.16239999,2.3530025,0.16543267224532202
4,2,600914.8480732851,0.16239999,2.3532317,0.1656580586528861
4,2,600919.8482671753,0.16239999,2.3533654,0.16588344498239874
4,2,600924.8484610654,0.16239999,2.3537662,0.16610883400197576
4,2,600929.8486549556,0.16239999,2.3539762,0.16633422020928315
4,2,600934.8488488458,0.16239999,2.3541672,0.16655960657628627
4,2,600939.849042736,0.16239999,2.354587,0.16678499351073803
4,2,600944.8492366262,0.16239999,2.3547971,0.1670103789004104
4,2,600949.8494305164,0.16239999,2.3550835,0.1672357658303231
4,2,600954.8496244065,0.16239999,2.3553126,0.16746115154302535
4,2,600959.8498182967,0.16239999,2.3556752,0.16768653664853175
4,2,600964.8500121869,0.16239999,2.3559234,0.1679119203956657
4,2,600969.8502060771,0.16239999,2.3562098,0.1681373028007845
4,2,600974.8503999673,0.16239999,2.3562098,0.1683626851599854
4,2,600979.8505938575,0.16239999,2.3565726,0.16858806959002218
4,2,600984.8507877477,0.16239999,2.3568015,0.16881345349710933
4,2,600989.8509816378,0.16239999,2.3572216,0.16903883846894735
4,2,600994.851175528,0.16239999,2.3574889,0.16926422355994666
4,2,600999.8513694182,0.16239999,2.3578515,0.16948960879963307
4,2,601004.8515633084,0.16239999,2.357909,0.1697149936806278
4,2,601009.8517571986,0.16239999,2.3582716,0.16994037826672612
4,2,601014.8519510888,0.16239999,2.3584626,0.17016575976775752
4,2,601019.8521449789,0.16239999,2.3587298,0.17039114013193465
4,2,601024.8523388691,0.16239999,2.3589587,0.1706165202782775
4,2,601029.8525327593,0.16239999,2.3593597,0.17084189898836033
4,2,601034.8527266495,0.16239999,2.3596652,0.17106727796487592
4,2,601039.8529205397,0.16239999,2.359799,0.17129265738120011
4,2,601044.8531144299,0.16239999,2.3601234,0.1715180378331426
4,2,601049.85330832,0.16239999,2.360295,0.1717434176615733
4,2,601054.8535022102,0.16239999,2.3607342,0.1719687993893764
4,2,601059.8536961004,0.16239999,2.3609443,0.1721941790367191
4,2,601064.8538899906,0.16239999,2.3610396,0.17241955745737503
4,2,601069.8540838808,0.16239999,2.3614216,0.17264493547571946
4,2,601074.854277771,0.16239999,2.3615742,0.1728703149568041
4,2,601079.8544716612,0.16239999,2.3620515,0.17309569115712328
4,2,601084.8546655513,0.16239999,2.3620896,0.17332107061793822
4,2,601089.8548594415,0.16239999,2.3624904,0.17354645030101223
4,2,601094.8550533317,0.16239999,2.3626623,0.1737718304830028
4,2,601099.8552472219,0.16239999,2.3628724,0.1739972127228785
4,2,601104.8554411121,0.16239999,2.363254,0.17422259278968805
4,2,601109.8556350023,0.16239999,2.3635595,0.17444797202087195
4,2,601114.8558288924,0.16239999,2.3636742,0.1746733519860415
4,2,601119.8560227826,0.16239999,2.3638651,0.17489873041619858
4,2,601124.8562166728,0.16239999,2.364075,0.17512410728560307
4,2,601129.856410563,0.16239999,2.3644378,0.17534948457143623
4,2,601134.8566044532,0.16239999,2.364686,0.17557486324398222
4,2,601139.8567983434,0.16239999,2.3648195,0.1758002425087078
4,2,601144.8569922335,0.16239999,2.3650486,0.17602562407999323
4,2,601149.8571861237,0.16239999,2.3653922,0.17625100793819712
4,2,601154.8573800139,0.16239999,2.365545,0.17647638982675146
4,2,601159.8575739041,0.16239999,2.3658504,0.17670177096612424
4,2,601164.8577677943,0.16239999,2.366003,0.17692714924762237
4,2,601169.8579616845,0.16239999,2.3663278,0.17715252913381743
4,2,601174.8581555746,0.16239999,2.366576,0.17737790751805244
4,2,601179.8583494648,0.16239999,2.3667285,0.17760328547652982
4,2,601184.858543355,0.16239999,2.366824,0.17782866188206115
4,2,601189.8587372452,0.16239999,2.367072,0.1780540378269802
4,2,601194.8589311354,0.16239999,2.3673012,0.1782794104565192
4,2,601199.8591250256,0.16239999,2.3677404,0.17850478270060904
4,2,601204.8593189158,0.16239999,2.3679695,0.17873015481719876
4,2,601209.8595128059,0.16239999,2.3681412,0.17895552743685747
4,2,601214.8597066961,0.16239999,2.368275,0.17918090119751715
4,2,601219.8599005863,0.16239999,2.3685422,0.17940627567714956
4,2,601224.8600944765,0.16239999,2.3689048,0.17963165223281755
4,2,601229.8602883667,0.16239999,2.3690386,0.17985703160582406
4,2,601234.8604822569,0.16239999,2.3692102,0.18008241187239113
4,2,601239.860676147,0.16239999,2.3694394,0.18030779122630594
4,2,601244.8608700372,0.16239999,2.3695922,0.1805331710582583
4,2,601249.8610639274,0.16239999,2.3697257,0.18075855230204022
4,2,601254.8612578176,0.16239999,2.370203,0.18098393322461354
4,2,601259.8614517078,0.16239999,2.370375,0.18120931509507784
4,2,601264.861645598,0.16239999,2.3705275,0.18143469680382318
4,2,601269.8618394881,0.16239999,2.3707566,0.18166007852715924
4,2,601274.8620333783,0.16239999,2.3709285,0.1818854609251023
4,2,601279.8622272685,0.16239999,2.3711193,0.18211084515101883
4,2,601284.8624211587,0.16239999,2.3714056,0.18233623176148459
4,2,601289.8626150489,0.16239999,2.3716729,0.18256161767233253
4,2,601294.8628089391,0.16239999,2.3719592,0.18278700646064025
4,2,601299.8630028293,0.16239999,2.372093,0.18301239483410045
4,2,601304.8631967194,0.16239999,2.3722074,0.18323778161040288
4,2,601309.8633906096,0.16239999,2.3728185,0.18346316692329123
4,2,601314.8635844998,0.16239999,2.3726847,0.18368855131868447
4,2,601319.86377839,0.16239999,2.3730474,0.1839139383052067
4,2,601324.8639722802,0.16239999,2.3729901,0.18413932411555625
4,2,601329.8641661704,0.16239999,2.3735056,0.18436470969848262
4,2,601334.8643600605,0.16239999,2.3736203,0.1845900980444419
4,2,601339.8645539507,0.16239999,2.3737156,0.18481548361206976
4,2,601344.8647478409,0.16239999,2.3739448,0.18504087073590453
4,2,601349.8649417311,0.16239999,2.3741355,0.18526625645717412
4,2,601354.8651356213,0.16239999,2.3744028,0.18549164145688476
4,2,601359.8653295115,0.16239999,2.3745937,0.18571702446488303
4,2,601364.8655234016,0.16239999,2.3748038,0.1859424082492881
4,2,601369.8657172918,0.16239999,2.3751473,0.1861677886860703
4,2,601374.865911182,0.16239999,2.3753192,0.18639316975263603
4,2,601379.8661050722,0.16239999,2.3755293,0.18661855225084156
4,2,601384.8662989624,0.16239999,2.3756628,0.18684393547045122
4,2,601389.8664928526,0.16239999,2.3757775,0.18706931857436743
4,2,601394.8666867428,0.16239999,2.3760448,0.18729470120906924
4,2,601399.8668806329,0.16239999,2.3763883,0.1875200841826069
4,2,601404.8670745231,0.16239999,2.3765218,0.1877454654565405
4,2,601409.8672684138,0.16239999,2.37677,0.18797084585217397
4,2,601414.8674623044,0.16239999,2.37698,0.18819622566016775
4,2,601419.8676561951,0.16239999,2.3770945,0.1884216060112244
4,2,601424.8678500857,0.16239999,2.3773046,0.18864698743838082
4,2,601429.8680439764,0.16239999,2.3775718,0.18887237190103956
4,2,601434.868237867,0.16239999,2.377629,0.1890977544696332
4,2,601439.8684317577,0.16239999,2.3781254,0.18932313995405214
4,2,601444.8686256483,0.16239999,2.3781064,0.18954852219247167
4,2,601449.868819539,0.16239999,2.3783164,0.18977390540291214
4,2,601454.8690134296,0.16239999,2.378698,0.18999928859705903
4,2,601459.8692073203,0.16239999,2.3789463,0.19022467170200674
4,2,601464.8694012109,0.16239999,2.378889,0.19045005448207933
4,2,601469.8695951016,0.16239999,2.3792517,0.19067543421998798
4,2,601474.8697889922,0.16239999,2.3793664,0.19090081470055062
4,2,601479.8699828824,0.16239999,2.379748,0.1911261959826161
4,2,601484.870176773,0.16239999,2.3796718,0.19135157808202352
4,2,601489.8703706637,0.16239999,2.3800344,0.19157695927271673
4,2,601494.8705645544,0.16239999,2.3801491,0.19180234313878347
4,2,601499.870758445,0.16239999,2.3802636,0.19202772701195062
4,2,601504.8709523357,0.16239999,2.38055,0.19225311150743163
4,2,601509.8711462261,0.16239999,2.3809128,0.19247849645935508
4,2,601514.8713401165,0.16239999,2.3811417,0.19270388209772288
4,2,601519.8715340069,0.16239999,2.3811226,0.19292926801594773
4,2,601524.8717278973,0.16239999,2.3813517,0.1931546558102685
4,2,601529.8719217877,0.16239999,2.3814855,0.19338004094575606
4,2,601534.8721156782,0.16239999,2.3817718,0.19360542746278822
4,2,601539.8723095686,0.16239999,2.3817718,0.19383081536819385
4,2,601544.872503459,0.16239999,2.382039,0.19405620471083884
4,2,601549.8726973494,0.16239999,2.3822873,0.1942815941259962
4,2,601554.87289124,0.16239999,2.3824208,0.1945069856666328
4,2,601559.8730851306,0.16239999,2.3823826,0.19473237632839976
4,2,601564.8732790211,0.16239999,2.3825355,0.19495776755991592
4,2,601569.8734729117,0.16239999,2.382898,0.19518315610800366
4,2,601574.8736668022,0.16239999,2.3830125,0.19540854390122342
4,2,601579.8738606927,0.16239999,2.3832989,0.19563393006897153
4,2,601584.8740545833,0.16239999,2.383528,0.19585931419109567
4,2,601589.8742484738,0.16239999,2.3835661,0.19608469960090863
4,2,601594.8744423642,0.16239999,2.38391,0.19631008518836413
4,2,601599.8746362547,0.16239999,2.3840053,0.1965354719919539
4,2,601604.8748301453,0.16239999,2.3842916,0.19676085970633078
4,2,601609.8750240358,0.16239999,2.3842726,0.19698624798091682
4,2,601614.8752179263,0.16239999,2.3842916,0.19721163459587776
4,2,601619.8754118169,0.16239999,2.3847117,0.19743702199987256
4,2,601624.8756057073,0.16239999,2.3847308,0.19766240705868537
4,2,601629.8757995979,0.16239999,2.3850935,0.19788778983836888
4,2,601634.8759934884,0.16239999,2.385208,0.19811317617422775
4,2,601639.8761873784,0.16239999,2.3853989,0.198338561777274
4,2,601644.876381269,0.16239999,2.385437,0.19856394648050535
4,2,601649.8765751595,0.16239999,2.3857043,0.1987893298642273
4,2,601654.87676905,0.16239999,2.3857615,0.19901471327035974
4,2,601659.8769629404,0.16239999,2.3860672,0.19924009443896282
4,2,601664.8771568309,0.16239999,2.3863535,0.19946547617989713
4,2,601669.8773507215,0.16239999,2.386506,0.19969085802442266
4,2,601674.8775446119,0.16239999,2.3865252,0.19991624080874373
4,2,601679.8777385023,0.16239999,2.386678,0.20014162413489917
4,2,601684.8779323928,0.16239999,2.3867924,0.200367005043299
4,2,601689.8781262832,0.16239999,2.3869262,0.20059238908977242
4,2,601694.8783201736,0.16239999,2.3870788,0.2008177733971594
4,2,601699.878514064,0.16239999,2.387308,0.20104315755512167
4,2,601704.8787079544,0.16239999,2.3872888,0.20126854299630076
4,2,601709.8789018448,0.16239999,2.387747,0.20149392975889577
4,2,601714.8790957355,0.16239999,2.387728,0.2017193177454887
4,2,601719.8792896261,0.16239999,2.387957,0.20194470658678743
4,2,601724.8794835168,0.16239999,2.3881478,0.20217009545145861
4,2,601729.8796774074,0.16239999,2.388415,0.20239548272925464
4,2,601734.8798712981,0.16239999,2.388568,0.20262086994087794
4,2,601739.8800651887,0.16239999,2.388759,0.2028462548726757
4,2,601744.8802590794,0.16239999,2.388797,0.20307164065579836
4,2,601749.88045297,0.16239999,2.3889306,0.20329702513223322
4,2,601754.8806468607,0.16239999,2.3891597,0.2035224117928538
4,2,601759.8808407513,0.16239999,2.389255,0.20374779750807434
4,2,601764.881034642,0.16239999,2.3892741,0.20397318230552575
4,2,601769.8812285326,0.16239999,2.389446,0.20419856679398252
4,2,601774.8814224233,0.16239999,2.3896751,0.2044239524058759
4,2,601779.8816163139,0.16239999,2.3899233,0.2046493391050375
4,2,601784.8818102046,0.16239999,2.389866,0.20487472582585214
4,2,601789.8820040952,0.16239999,2.3900378,0.20510010726272662
4,2,601794.8821979859,0.16239999,2.390095,0.20532548825491567
4,2,601799.8823918765,0.16239999,2.390324,0.20555086933904654
4,2,601804.8825857667,0.16239999,2.3905723,0.20577625038762573
4,2,601809.8827796574,0.16239999,2.3908968,0.2060016314435255
4,2,601814.882973548,0.16239999,2.3909543,0.20622701144156041
4,2,601819.8831674382,0.16239999,2.3909543,0.20645239129259535
4,2,601824.8833613284,0.16239999,2.3912215,0.20667777299355483
4,2,601829.8835552186,0.16239999,2.3912597,0.2069031550289096
4,2,601834.8837491088,0.16239999,2.391565,0.20712853575053827
4,2,601839.883942999,0.16239999,2.3916795,0.207353916302975
4,2,601844.8841368891,0.16239999,2.3916414,0.2075792988393565
4,2,601849.8843307793,0.16239999,2.3917942,0.2078046816103344
4,2,601854.8845246695,0.16239999,2.3919468,0.2080300639818064
4,2,601859.8847185597,0.16239999,2.3920615,0.20825544639783533
4,2,601864.8849124499,0.16239999,2.392405,0.20848082788715194
4,2,601869.88510634,0.16239999,2.392424,0.20870620995468578
4,2,601874.8853002302,0.16239999,2.3925195,0.2089315901779691
4,2,601879.8854941204,0.16239999,2.3926914,0.20915697130885652
4,2,601884.8856880106,0.16239999,2.3929205,0.209382355204988
4,2,601889.8858819008,0.16239999,2.3931115,0.20960773881129438
4,2,601894.886075791,0.16239999,2.393226,0.20983312352623473
4,2,601899.8862696812,0.16239999,2.3933403,0.2100585085451331
4,2,601904.8864635713,0.16239999,2.3935695,0.21028389275723544
4,2,601909.8866574615,0.16239999,2.3934932,0.21050927761805155
4,2,601914.8868513517,0.16239999,2.3937414,0.21073466062888602
4,2,601919.8870452419,0.16239999,2.3939323,0.21096004735736895
4,2,601924.8872391321,0.16239999,2.394085,0.21118543466723477
4,2,601929.8874330223,0.16239999,2.394295,0.2114108207452158
4,2,601934.8876269124,0.16239999,2.3945432,0.21163620708097783
4,2,601939.8878208026,0.16239999,2.3944478,0.21186159440189617
4,2,601944.8880146928,0.16239999,2.3947723,0.21208698333018786
4,2,601949.888208583,0.16239999,2.3948104,0.21231237211860648
4,2,601954.8884024732,0.16239999,2.3948677,0.21253776028332627
4,2,601959.8885963634,0.16239999,2.3950777,0.21276314967192975
4,2,601964.8887902535,0.16239999,2.3952878,0.21298853652818353
4,2,601969.8889841437,0.16239999,2.395326,0.21321392499726863
4,2,601974.8891780339,0.16239999,2.3954213,0.21343931176127676
4,2,601979.8893719241,0.16239999,2.3956313,0.21366469733315474
4,2,601984.8895658143,0.16239999,2.3956885,0.21389008220233702
4,2,601989.8897597045,0.16239999,2.395784,0.21411546627443961
4,2,601994.8899535947,0.16239999,2.3958414,0.21434085123096835
4,2,601999.8901474848,0.16239999,2.3961086,0.21456623517591272
4,2,602004.890341375,0.16239999,2.3960896,0.21479161973825278
4,2,602009.8905352652,0.16239999,2.396223,0.21501700444821367
4,2,602014.8907291554,0.16239999,2.3962994,0.21524238900107906
4,2,602019.8909230456,0.16239999,2.3966048,0.2154677718926976
4,2,602024.8911169358,0.16239999,2.3965857,0.21569315605666506
4,2,602029.891310826,0.16239999,2.3967767,0.2159185418602768
4,2,602034.8915047161,0.16239999,2.3970058,0.2161439262457947
4,2,602039.8916986063,0.16239999,2.397082,0.2163693094260653
4,2,602044.8918924965,0.16239999,2.397273,0.21659469256861277
4,2,602049.8920863867,0.16239999,2.3973684,0.21682007321053512
4,2,602054.8922802769,0.16239999,2.3975213,0.2170454532307206
4,2,602059.892474167,0.16239999,2.3976738,0.21727083447670542
4,2,602064.8926680572,0.16239999,2.3977504,0.21749621601670585
4,2,602069.8928619474,0.16239999,2.397884,0.2177216018114663
4,2,602074.8930558376,0.16239999,2.3980176,0.21794698694311598
4,2,602079.8932497278,0.16239999,2.398132,0.21817236898725914
4,2,602084.893443618,0.16239999,2.3981702,0.21839774897388306
4,2,602089.8936375082,0.16239999,2.3983994,0.21862313171957867
4,2,602094.8938313983,0.16239999,2.3984947,0.21884851610791703
4,2,602099.8940252885,0.16239999,2.3988194,0.2190739019455589
4,2,602104.8942191787,0.16239999,2.3986857,0.2192992910731644
4,2,602109.8944130689,0.16239999,2.3990867,0.21952468282966006
4,2,602114.8946069591,0.16239999,2.3990676,0.21975007365419572
4,2,602119.8948008493,0.16239999,2.3991058,0.21997546484483635
4,2,602124.8949947394,0.16239999,2.3992965,0.22020085824115596
4,2,602129.8951886296,0.16239999,2.3995638,0.22042625057478188
4,2,602134.8953825198,0.16239999,2.3996212,0.22065164379404506
4,2,602139.89557641,0.16239999,2.3997548,0.22087703797503086
4,2,602144.8957703002,0.16239999,2.3998694,0.2211024314026901
4,2,602149.8959641904,0.16239999,2.3998694,0.22132782443687837
4,2,602154.8961580805,0.16239999,2.4000602,0.2215532162960505
4,2,602159.8963519707,0.16239999,2.4002893,0.2217786082917785
4,2,602164.8965458609,0.16239999,2.4003274,0.22200399968316842
4,2,602169.8967397511,0.16239999,2.400232,0.22222939095777627
4,2,602174.8969336413,0.16239999,2.4005375,0.2224547824470842
4,2,602179.8971275315,0.16239999,2.4005756,0.2226801752194326
4,2,602184.8973214217,0.16239999,2.4005947,0.22290556908586812
4,2,602189.8975153118,0.16239999,2.400862,0.22313096213920772
4,2,602194.897709202,0.16239999,2.4011102,0.2233563546798654
4,2,602199.8979030922,0.16239999,2.4011292,0.22358174635990816
4,2,602204.8980969824,0.16239999,2.4013011,0.22380713976956929
4,2,602209.8982908726,0.16239999,2.4013393,0.22403253210039875
4,2,602214.8984847628,0.16239999,2.4014156,0.22425792266949124
4,2,602219.898678653,0.16239999,2.4016447,0.22448331303755548
4,2,602224.8988725431,0.16239999,2.4017594,0.22470870332460624
4,2,602229.8990664333,0.16239999,2.401931,0.22493409216671292
4,2,602234.8992603235,0.16239999,2.4022174,0.22515948263247332
4,2,602239.8994542137,0.16239999,2.4021602,0.22538487216298633
4,2,602244.8996481039,0.16239999,2.4023893,0.22561026104746199
4,2,602249.899841994,0.16239999,2.4022746,0.22583564789324023
4,2,602254.9000358842,0.16239999,2.402294,0.22606103680008502
4,2,602259.9002297744,0.16239999,2.402332,0.22628642420051595
4,2,602264.9004236646,0.16239999,2.4024465,0.22651181009466217
4,2,602269.9006175548,0.16239999,2.4027138,0.22673719524510552
4,2,602274.900811445,0.16239999,2.4027138,0.22696258172983774
4,2,602279.9010053352,0.16239999,2.4029047,0.22718796962334561
4,2,602284.9011992253,0.16239999,2.402771,0.22741335648461114
4,2,602289.9013931155,0.16239999,2.4030192,0.2276387428430312
4,2,602294.9015870057,0.16239999,2.4032102,0.22786412985964052
4,2,602299.9017808959,0.16239999,2.4032865,0.22808951517320275
4,2,602304.9019747861,0.16239999,2.4033055,0.22831490117819622
4,2,602309.9021686763,0.16239999,2.4035156,0.22854028573131907
4,2,602314.9023625664,0.16239999,2.4035919,0.22876567297186884
4,2,602319.9025564566,0.16239999,2.4036875,0.22899106336972383
4,2,602324.9027503468,0.16239999,2.4036493,0.22921645309878405
4,2,602329.902944237,0.16239999,2.40384,0.22944184351107824
4,2,602334.9031381272,0.16239999,2.403993,0.2296672345663261
4,2,602339.9033320174,0.16239999,2.4041646,0.229892625333912
4,2,602344.9035259075,0.16239999,2.404203,0.23011801270595375
4,2,602349.9037197977,0.16239999,2.4044127,0.23034340308106294
4,2,602354.9039136879,0.16239999,2.4044127,0.2305687913289287
4,2,602359.9041075781,0.16239999,2.4045846,0.23079417737422983
4,2,602364.9043014683,0.16239999,2.4046419,0.23101956250420314
4,2,602369.9044953585,0.16239999,2.404852,0.23124494895984002
4,2,602374.9046892487,0.16239999,2.4048328,0.23147033505043738
4,2,602379.9048831388,0.16239999,2.4051,0.23169572017382684
4,2,602384.905077029,0.16239999,2.4050238,0.231921103149627
4,2,602389.9052709192,0.16239999,2.4051192,0.2321464844950158
4,2,602394.9054648094,0.16239999,2.4051573,0.2323718661648666
4,2,602399.9056586996,0.16239999,2.4052527,0.23259724689364783
4,2,602404.9058525898,0.16239999,2.4054627,0.2328226302329047
4,2,602409.9060464799,0.16239999,2.4057872,0.23304801383856535
4,2,602414.9062403701,0.16239999,2.4057872,0.2332733993506003
4,2,602419.9064342603,0.16239999,2.4058447,0.23349878729457177
4,2,602424.9066281505,0.16239999,2.4059591,0.23372417569142018
4,2,602429.9068220407,0.16239999,2.406131,0.2339495638978814
4,2,602434.9070159309,0.16239999,2.4062264,0.2341749519947272
4,2,602439.907209821,0.16239999,2.4063408,0.23440034072387814
4,2,602444.9074037112,0.16239999,2.4064937,0.2346257279466897
4,2,602449.9075976014,0.16239999,2.4067037,0.23485111322321675
4,2,602454.9077914916,0.16239999,2.40678,0.23507649914680437
4,2,602459.9079853818,0.16239999,2.4069328,0.23530188535409272
4,2,602464.908179272,0.16239999,2.4069328,0.23552727260242087
4,2,602469.9083731622,0.16239999,2.4070473,0.23575265883414712
4,2,602474.9085670523,0.16239999,2.4072192,0.23597804551288087
4,2,602479.9087609425,0.16239999,2.4072573,0.23620343368222083
4,2,602484.9089548327,0.16239999,2.4073908,0.23642882179460523
4,2,602489.9091487229,0.16239999,2.4073718,0.23665420945548446
4,2,602494.9093426131,0.16239999,2.407429,0.23687959415305007
4,2,602499.9095365033,0.16239999,2.4076962,0.23710497971082162
4,2,602504.9097303934,0.16239999,2.407639,0.23733036550035672
4,2,602509.9099242836,0.16239999,2.4074864,0.2375557488180574
4,2,602514.9101181738,0.16239999,2.4078681,0.23778113223893788
4,2,602519.910312064,0.16239999,2.408002,0.23800651764105438
4,2,602524.9105059542,0.16239999,2.4080973,0.23823190403694672
4,2,602529.9106998444,0.16239999,2.4083264,0.23845729029566806
4,2,602534.9108937345,0.16239999,2.4082882,0.23868267574575555
4,2,602539.9110876247,0.16239999,2.4085937,0.23890806015764024
4,2,602544.9112815149,0.16239999,2.408708,0.23913344647302906
4,2,602549.9114754051,0.16239999,2.4086318,0.23935883141149428
4,2,602554.9116692953,0.16239999,2.40867,0.23958421687480985
4,2,602559.9118631855,0.16239999,2.4089372,0.23980960229062218
4,2,602564.9120570756,0.16239999,2.408899,0.24003498820425748
4,2,602569.9122509658,0.16239999,2.4092236,0.24026037583889492
4,2,602574.912444856,0.16239999,2.409071,0.24048576352354398
4,2,602579.9126387462,0.16239999,2.4093382,0.24071114889830278
4,2,602584.9128326364,0.16239999,2.4094527,0.2409365325899746
4,2,602589.9130265266,0.16239999,2.4096055,0.2411619175377812
4,2,602594.9132204168,0.16239999,2.4096246,0.24138729864213543
4,2,602599.9134143069,0.16239999,2.4096818,0.24161268139078643
4,2,602604.9136081971,0.16239999,2.4098344,0.24183806687316556
4,2,602609.9138020873,0.16239999,2.4098918,0.2420634488161646
4,2,602614.9139959775,0.16239999,2.4100444,0.24228883317299363
4,2,602619.9141898677,0.16239999,2.4101973,0.242514218461406
4,2,602624.9143837579,0.16239999,2.4101398,0.2427396008096057
4,2,602629.914577648,0.16239999,2.4103117,0.24296498254978172
4,2,602634.9147715382,0.16239999,2.4102736,0.24319036603799724
4,2,602639.9149654284,0.16239999,2.4104264,0.24341574557430973
4,2,602644.9151593186,0.16239999,2.4105217,0.2436411258721353
4,2,602649.9153532088,0.16239999,2.41056,0.2438665067967898
4,2,602654.915547099,0.16239999,2.4107127,0.2440918870920317
4,2,602659.9157409891,0.16239999,2.4108272,0.2443172677669295
4,2,602664.9159348793,0.16239999,2.4110181,0.24454265027718344
4,2,602669.9161287695,0.16239999,2.4110372,0.24476803246675116
4,2,602674.9163226597,0.16239999,2.4110563,0.24499341485283457
4,2,602679.9165165499,0.16239999,2.4113235,0.24521879697662444
4,2,602684.9167104401,0.16239999,2.4112473,0.24544417859585518
4,2,602689.9169043303,0.16239999,2.4111516,0.24566955926962877
4,2,602694.9170982204,0.16239999,2.4113045,0.24589493795500217
4,2,602699.9172921106,0.16239999,2.4114952,0.2461203154323765
4,2,602704.9174860008,0.16239999,2.41161,0.24634569278623844
4,2,602709.917679891,0.16239999,2.4116862,0.24657106915222457
4,2,602714.9178737812,0.16239999,2.4117625,0.24679644498076556
4,2,602719.9180676714,0.16239999,2.4119534,0.24702182304577133
4,2,602724.9182615615,0.16239999,2.4118009,0.24724720009377202
4,2,602729.9184554517,0.16239999,2.4120872,0.24747257981013276
4,2,602734.9186493419,0.16239999,2.4120872,0.24769796012377673
4,2,602739.9188432321,0.16239999,2.4121635,0.24792334068762611
4,2,602744.9190371223,0.16239999,2.4124117,0.24814871922558895
4,2,602749.9192310125,0.16239999,2.4123354,0.24837409862493576
4,2,602754.9194249026,0.16239999,2.4124308,0.24859947798388965
4,2,602759.9196187928,0.16239999,2.412698,0.24882485721298572
4,2,602764.919812683,0.16239999,2.412679,0.24905023723615724
4,2,602769.9200065732,0.16239999,2.412889,0.24927561738627008
4,2,602774.9202004634,0.16239999,2.4127553,0.2495009983346406
4,2,602779.9203943536,0.16239999,2.4129462,0.24972637774452916
4,2,602784.9205882438,0.16239999,2.4130607,0.2499517571364618
4,2,602789.9207821339,0.16239999,2.4130416,0.2501771370791952
4,2,602794.9209760241,0.16239999,2.4132707,0.25040251412693926
4,2,602799.9211699143,0.16239999,2.4131753,0.2506278925058206
4,2,602804.9213638045,0.16239999,2.4132135,0.25085327158173526
4,2,602809.9215576947,0.16239999,2.4134235,0.25107865268978
4,2,602814.9217515849,0.16239999,2.4135761,0.25130403644622307
4,2,602819.921945475,0.16239999,2.4135952,0.2515294214116122
4,2,602824.9221393652,0.16239999,2.4137099,0.25175480666295297
4,2,602829.9223332554,0.16239999,2.4138434,0.2519801907827592
4,2,602834.9225271456,0.16239999,2.413748,0.25220557556341777
4,2,602839.9227210358,0.16239999,2.4139771,0.2524309595385072
4,2,602844.922914926,0.16239999,2.4140534,0.25265634224973726
4,2,602849.9231088161,0.16239999,2.4140534,0.2528817278979754
4,2,602854.9233027063,0.16239999,2.4145117,0.25310711526702784
4,2,602859.9234965965,0.16239999,2.4144351,0.2533325045647342
4,2,602864.9236904867,0.16239999,2.4145308,0.25355789370917803
4,2,602869.9238843769,0.16239999,2.414588,0.25378328271211215
4,2,602874.9240782671,0.16239999,2.4147024,0.254008672777677
4,2,602879.9242721573,0.16239999,2.4146833,0.25423406389023473
4,2,602884.9244660474,0.16239999,2.4146261,0.254459454178697
4,2,602889.9246599376,0.16239999,2.4146833,0.2546848443903901
4,2,602894.9248538278,0.16239999,2.4147599,0.25491023538372026
4,2,602899.925047718,0.16239999,2.4149506,0.255135626499086
4,2,602904.9252416082,0.16239999,2.4151797,0.2553610150378845
4,2,602909.9254354984,0.16239999,2.4150271,0.25558640020128937
4,2,602914.9256293885,0.16239999,2.4151416,0.25581178925773024
4,2,602919.9258232787,0.16239999,2.4153707,0.25603717729300446
4,2,602924.9260171689,0.16239999,2.415428,0.2562625651231187
4,2,602929.9262110591,0.16239999,2.4155807,0.25648795273275365
4,2,602934.9264049493,0.16239999,2.415619,0.2567133418130471
4,2,602939.9265988395,0.16239999,2.4155424,0.25693873082481594
4,2,602944.9267927296,0.16239999,2.415676,0.25716411800309374
4,2,602949.9269866198,0.16239999,2.415676,0.2573895023525053
4,2,602954.92718051,0.16239999,2.4159815,0.257614886126857
4,2,602959.9273744002,0.16239999,2.4159052,0.25784027136114834
4,2,602964.9275682904,0.16239999,2.4160197,0.25806565747207416
4,2,602969.9277621806,0.16239999,2.416077,0.25829104271451314
4,2,602974.9279560708,0.16239999,2.4161725,0.2585164284012559
4,2,602979.9281499609,0.16239999,2.416096,0.25874181237568883
4,2,602984.9283438511,0.16239999,2.416306,0.2589671983814075
4,2,602989.9285377413,0.16239999,2.416325,0.25919258313381105
4,2,602994.9287316315,0.16239999,2.4164016,0.2594179683476398
4,2,602999.9289255217,0.16239999,2.4165924,0.2596433522006854
4,2,603004.9291194119,0.16239999,2.4163632,0.2598687343393044
4,2,603009.929313302,0.16239999,2.416516,0.26009411699306484
4,2,603014.9295071922,0.16239999,2.416669,0.26031950168073853
4,2,603019.9297010829,0.16239999,2.4167643,0.2605448854877619
4,2,603024.9298949735,0.16239999,2.4166498,0.26077027323039714
4,2,603029.9300888642,0.16239999,2.4168024,0.26099566008838193
4,2,603034.9302827544,0.16239999,2.4167643,0.2612210440755529
4,2,603039.930476645,0.16239999,2.4169743,0.2614464300285107
4,2,603044.9306705357,0.16239999,2.4170315,0.26167181381107796
4,2,603049.9308644263,0.16239999,2.4170125,0.261897199312971
4,2,603054.931058317,0.16239999,2.4171078,0.262122584522514
4,2,603059.9312522076,0.16239999,2.417337,0.26234796949388683
4,2,603064.9314460983,0.16239999,2.4174132,0.2625733569712624
4,2,603069.9316399889,0.16239999,2.4176042,0.26279874586872526
4,2,603074.9318338796,0.16239999,2.4175088,0.26302413458900503
4,2,603079.9320277702,0.16239999,2.4177186,0.263249523600124
4,2,603084.9322216609,0.16239999,2.417776,0.263474911633601
4,2,603089.9324155515,0.16239999,2.4180243,0.26370029725504357
4,2,603094.9326094422,0.16239999,2.4179478,0.2639256865832261
4,2,603099.9328033328,0.16239999,2.4179668,0.2641510743886996
4,2,603104.9329972235,0.16239999,2.4180052,0.26437646098633133
4,2,603109.9331911141,0.16239999,2.4181006,0.2646018459419089
4,2,603114.9333850048,0.16239999,2.4182532,0.2648272304216344
4,2,603119.9335788954,0.16239999,2.418177,0.2650526147041323
4,2,603124.9337727858,0.16239999,2.418387,0.26527799899054755
4,2,603129.9339666762,0.16239999,2.418425,0.26550338381267774
4,2,603134.9341605667,0.16239999,2.418425,0.26572876897123476
4,2,603139.9343544571,0.16239999,2.4185398,0.26595415243749754
4,2,603144.9345483475,0.16239999,2.4187686,0.2661795379679478
4,2,603149.9347422379,0.16239999,2.4188068,0.26640492396302873
4,2,603154.9349361283,0.16239999,2.4190168,0.2666303095462647
4,2,603159.9351300187,0.16239999,2.4190168,0.2668556943925273
4,2,603164.9353239092,0.16239999,2.4189596,0.26708107979091605
4,2,603169.9355177996,0.16239999,2.4191887,0.26730646491170607
4,2,603174.9357116901,0.16239999,2.4191506,0.26753184848626715
4,2,603179.9359055806,0.16239999,2.4193032,0.2677572313945096
4,2,603184.9360994712,0.16239999,2.4193797,0.26798261588300115
4,2,603189.9362933617,0.16239999,2.4193797,0.26820799680204704
4,2,603194.9364872518,0.16239999,2.4195132,0.2684333787043601
4,2,603199.9366811423,0.16239999,2.4195323,0.26865876362800944
4,2,603204.9368750328,0.16239999,2.4194942,0.26888414572206154
4,2,603209.9370689234,0.16239999,2.419628,0.26910952680239925
4,2,603214.9372628139,0.16239999,2.4197042,0.26933490984118413
4,2,603219.9374567044,0.16239999,2.4197233,0.26956029214191535
4,2,603224.937650595,0.16239999,2.4197805,0.2697856765090129
4,2,603229.9378444855,0.16239999,2.4199905,0.2700110614755213
4,2,603234.9380383759,0.16239999,2.4199333,0.2702364458185402
4,2,603239.9382322666,0.16239999,2.4199333,0.2704618291071265
4,2,603244.938426157,0.16239999,2.420086,0.27068721166116755
4,2,603249.9386200475,0.16239999,2.4201815,0.27091259710716387
4,2,603254.9388139381,0.16239999,2.4204679,0.27113798462931493
4,2,603259.9390078286,0.16239999,2.420487,0.2713633733771569
4,2,603264.9392017191,0.16239999,2.420525,0.2715887612920479
4,2,603269.9393956097,0.16239999,2.420525,0.2718141510970751
4,2,603274.9395895004,0.16239999,2.4206395,0.2720395409308127
4,2,603279.9397833908,0.16239999,2.4205632,0.27226493233423193
4,2,603284.9399772813,0.16239999,2.4206395,0.27249032037513465
4,2,603289.9401711717,0.16239999,2.4207923,0.2727157070339836
4,2,603294.9403650621,0.16239999,2.4208877,0.2729410952627966
4,2,603299.9405589525,0.16239999,2.4208877,0.27316648517261616
4,2,603304.9407528429,0.16239999,2.4210978,0.27339187345588545
4,2,603309.9409467331,0.16239999,2.420964,0.2736172623852947
4,2,603314.9411406235,0.16239999,2.4212122,0.2738426506384893
4,2,603319.941334514,0.16239999,2.421346,0.2740680383527163
4,2,603324.9415284046,0.16239999,2.421384,0.2742934236001298
4,2,603329.9417222952,0.16239999,2.4214985,0.27451880617712937
4,2,603334.9419161859,0.16239999,2.421537,0.27474418970319053
4,2,603339.9421100765,0.16239999,2.4216323,0.2749695722409992
4,2,603344.9423039672,0.16239999,2.4216704,0.27519495552607715
4,2,603349.9424978578,0.16239999,2.4216132,0.2754203381965666
4,2,603354.9426917485,0.16239999,2.4216895,0.27564572203353055
4,2,603359.9428856387,0.16239999,2.4217086,0.27587110588160246
4,2,603364.9430795293,0.16239999,2.4218805,0.2760964897250252
4,2,603369.94327342,0.16239999,2.4221668,0.27632187119392393
4,2,603374.9434673106,0.16239999,2.4217658,0.2765472539892677
4,2,603379.9436612013,0.16239999,2.4221096,0.2767726382000902
4,2,603384.9438550919,0.16239999,2.4221478,0.276998022536171
4,2,603389.9440489826,0.16239999,2.4222813,0.27722340634312237
4,2,603394.9442428732,0.16239999,2.4222813,0.27744879059088484
4,2,603399.9444367639,0.16239999,2.4225104,0.2776741738094647
4,2,603404.9446306545,0.16239999,2.4223769,0.27789955617464424
4,2,603409.9448245452,0.16239999,2.422606,0.27812493810841366
4,2,603414.9450184358,0.16239999,2.4225867,0.27835032258761927
4,2,603419.9452123265,0.16239999,2.4227204,0.2785757056141355
4,2,603424.9454062171,0.16239999,2.4228349,0.27880108802229997
4,2,603429.9456001073,0.16239999,2.4228349,0.2790264735400694
4,2,603434.9457939975,0.16239999,2.4228158,0.27925185856348284
4,2,603439.9459878877,0.16239999,2.4229686,0.27947724453599926
4,2,603444.9461817779,0.16239999,2.4230258,0.2797026300611232
4,2,603449.946375668,0.16239999,2.4231977,0.2799280153584299
4,2,603454.9465695582,0.16239999,2.4233313,0.28015340009279727
4,2,603459.9467634484,0.16239999,2.423446,0.2803787871798419
4,2,603464.9469573386,0.16239999,2.4235032,0.28060417545080857
4,2,603469.9471512288,0.16239999,2.423465,0.28082956297085526
4,2,603474.947345119,0.16239999,2.4235032,0.2810549514519308
4,2,603479.9475390092,0.16239999,2.4237132,0.2812803389798627
4,2,603484.9477328993,0.16239999,2.4237514,0.2815057268466495
4,2,603489.9479267895,0.16239999,2.4238276,0.2817311151132146
4,2,603494.9481206797,0.16239999,2.4239995,0.28195650601910976
4,2,603499.9483145699,0.16239999,2.4238467,0.2821818940958572
4,2,603504.9485084601,0.16239999,2.4238658,0.2824072817786709
4,2,603509.9487023503,0.16239999,2.4239614,0.28263266855325725
4,2,603514.9488962404,0.16239999,2.4240568,0.28285805274370984
4,2,603519.9490901306,0.16239999,2.4240377,0.2830834370042608
4,2,603524.9492840208,0.16239999,2.4241712,0.2833088197712195
4,2,603529.949477911,0.16239999,2.424286,0.28353420399155393
4,2,603534.9496718012,0.16239999,2.4243622,0.2837595876334087
4,2,603539.9498656914,0.16239999,2.424534,0.28398497201253153
4,2,603544.9500595815,0.16239999,2.4245913,0.28421035660432453
4,2,603549.9502534717,0.16239999,2.4246294,0.28443574376387243
4,2,603554.9504473619,0.16239999,2.4246867,0.2846611305879935
4,2,603559.9506412521,0.16239999,2.4248776,0.2848865186900754
4,2,603564.9508351423,0.16239999,2.4247823,0.28511190745821524
4,2,603569.9510290325,0.16239999,2.4247823,0.2853372963995769
4,2,603574.9512229227,0.16239999,2.4248967,0.28556268329161993
4,2,603579.9514168128,0.16239999,2.4251068,0.2857880727124811
4,2,603584.951610703,0.16239999,2.4250686,0.28601346443194403
4,2,603589.9518045932,0.16239999,2.4251258,0.28623885499319934
4,2,603594.9519984834,0.16239999,2.4252212,0.28646424723194297
4,2,603599.9521923736,0.16239999,2.425183,0.28668963812826
4,2,603604.9523862638,0.16239999,2.425336,0.2869150277915829
4,2,603609.952580154,0.16239999,2.4254122,0.28714041411385854
4,2,603614.9527740441,0.16239999,2.425355,0.2873657988973964
4,2,603619.9529679343,0.16239999,2.4256604,0.28759118284728796
4,2,603624.9531618245,0.16239999,2.4255075,0.2878165680080123
4,2,603629.9533557147,0.16239999,2.4256222,0.2880419531834888
4,2,603634.9535496049,0.16239999,2.425584,0.28826733487132944
4,2,603639.953743495,0.16239999,2.4257367,0.28849272047571434
4,2,603644.9539373852,0.16239999,2.4256985,0.28871810369784806
4,2,603649.9541312754,0.16239999,2.4259086,0.2889434867246218
4,2,603654.9543251656,0.16239999,2.4259467,0.28916887047857054
4,2,603659.9545190558,0.16239999,2.426004,0.28939425614210723
4,2,603664.954712946,0.16239999,2.426004,0.2896196421570216
4,2,603669.9549068362,0.16239999,2.4260802,0.2898450286923954
4,2,603674.9551007263,0.16239999,2.4260802,0.29007041554666735
4,2,603679.9552946165,0.16239999,2.4263666,0.29029579854933185
4,2,603684.9554885067,0.16239999,2.4261568,0.29052118041200864
4,2,603689.9556823969,0.16239999,2.4262712,0.2907465656929481
4,2,603694.9558762871,0.16239999,2.4263475,0.2909719531851735
4,2,603699.9560701773,0.16239999,2.4264812,0.2911973393650114
4,2,603704.9562640674,0.16239999,2.4265957,0.29142272640817873
4,2,603709.9564579576,0.16239999,2.426653,0.2916481130990942
4,2,603714.9566518478,0.16239999,2.4266913,0.29187349891974546
4,2,603719.956845738,0.16239999,2.426653,0.2920988800068574
4,2,603724.9570396282,0.16239999,2.426863,0.29232426295014574
4,2,603729.9572335184,0.16239999,2.4269776,0.29254964689542207
4,2,603734.9574274085,0.16239999,2.4269967,0.292775029161321
4,2,603739.9576212987,0.16239999,2.4269967,0.2930004128312321
4,2,603744.9578151889,0.16239999,2.427073,0.29322579709773444
4,2,603749.9580090791,0.16239999,2.427054,0.29345118284118854
4,2,603754.9582029693,0.16239999,2.427245,0.293676569484513
4,2,603759.9583968595,0.16239999,2.4271302,0.2939019542571175
4,2,603764.9585907497,0.16239999,2.4272068,0.2941273401446377
4,2,603769.9587846398,0.16239999,2.4274547,0.29435272706636056
4,2,603774.95897853,0.16239999,2.4273975,0.2945781142134527
4,2,603779.9591724202,0.16239999,2.4274356,0.2948035022765995
4,2,603784.9593663104,0.16239999,2.4274166,0.2950288920580473
4,2,603789.9595602006,0.16239999,2.4275694,0.29525428245046664
4,2,603794.9597540908,0.16239999,2.4275312,0.2954796697905934
4,2,603799.9599479809,0.16239999,2.4278939,0.29570505720871865
4,2,603804.9601418711,0.16239999,2.4277985,0.2959304452961304
4,2,603809.9603357613,0.16239999,2.4278176,0.2961558339517623
4,2,603814.9605296515,0.16239999,2.4280849,0.29638122260204636
4,2,603819.9607235417,0.16239999,2.4280849,0.2966066114946316
4,2,603824.9609174319,0.16239999,2.428123,0.29683199838070007
4,2,603829.961111322,0.16239999,2.4282565,0.29705738224182954
4,2,603834.9613052122,0.16239999,2.4281993,0.2972827655262551
4,2,603839.9614991024,0.16239999,2.428123,0.29750815051293383
4,2,603844.9616929926,0.16239999,2.4282374,0.29773353680808023
4,2,603849.9618868828,0.16239999,2.4283712,0.29795892440670074
4,2,603854.962080773,0.16239999,2.4282565,0.2981843091978978
4,2,603859.9622746632,0.16239999,2.4284284,0.2984096914505123
4,2,603864.9624685533,0.16239999,2.4284666,0.29863507484639196
4,2,603869.9626624435,0.16239999,2.4285238,0.29886045836638003
4,2,603874.9628563337,0.16239999,2.4286957,0.29908584411477634
4,2,603879.9630502239,0.16239999,2.4286766,0.29931122991409986
4,2,603884.9632441141,0.16239999,2.4288676,0.2995366157177828
4,2,603889.9634380043,0.16239999,2.4288101,0.29976200061313896
4,2,603894.9636318944,0.16239999,2.4288867,0.29998738322625396
4,2,603899.9638257846,0.16239999,2.428982,0.30021276698553484
4,2,603904.9640196748,0.16239999,2.4290392,0.30043814917340217
4,2,603909.964213565,0.16239999,2.429154,0.30066352909806127
4,2,603914.9644074552,0.16239999,2.429154,0.3008889082157596
4,2,603919.9646013454,0.16239999,2.4293256,0.3011142873387983
4,2,603924.9647952355,0.16239999,2.4294212,0.3013396663704176
4,2,603929.9649891257,0.16239999,2.4294403,0.3015650461221404
4,2,603934.9651830159,0.16239999,2.4294975,0.301790426040464
4,2,603939.9653769061,0.16239999,2.4295166,0.30201580581740295
4,2,603944.9655707963,0.16239999,2.4296503,0.3022411892418771
4,2,603949.9657646865,0.16239999,2.4296885,0.3024665716490738
4,2,603954.9659585766,0.16239999,2.4298983,0.3026919534483909
4,2,603959.9661524668,0.16239999,2.429631,0.30291733780454194
4,2,603964.966346357,0.16239999,2.4299748,0.3031427227250173
4,2,603969.9665402472,0.16239999,2.4299366,0.30336810774070533
4,2,603974.9667341374,0.16239999,2.42986,0.30359349290542564
4,2,603979.9669280276,0.16239999,2.4299939,0.30381887923907586
4,2,603984.9671219178,0.16239999,2.4301083,0.30404426540759466
4,2,603989.9673158079,0.16239999,2.4301083,0.30426965081176255
4,2,603994.9675096981,0.16239999,2.4301848,0.3044950340731385
4,2,603999.9677035883,0.16239999,2.4303184,0.3047204165150897
4,2,604004.9678974785,0.16239999,2.4302611,0.30494579871934413
4,2,604009.9680913687,0.16239999,2.4304328,0.3051711795187362
4,2,604014.9682852589,0.16239999,2.4306428,0.3053965592885192
4,2,604019.968479149,0.16239999,2.4305665,0.30562193893870804
4,2,604024.9686730392,0.16239999,2.4307957,0.30584731976956303
4,2,604029.9688669294,0.16239999,2.430872,0.3060727032290508
4,2,604034.9690608196,0.16239999,2.4308338,0.30629808714183016
4,2,604039.9692547098,0.16239999,2.4307957,0.3065234700358486
4,2,604044.9694486,0.16239999,2.4310057,0.30674885698195226
4,2,604049.9696424901,0.16239999,2.431063,0.30697424479495
4,2,604054.9698363803,0.16239999,2.4311774,0.30719963414041046
4,2,604059.9700302705,0.16239999,2.4310439,0.30742502108979236
4,2,604064.9702241607,0.16239999,2.431273,0.307650407288241
4,2,604069.9704180509,0.16239999,2.4313493,0.30787579458363945
4,2,604074.9706119411,0.16239999,2.4311202,0.30810118015466725
4,2,604079.9708058313,0.16239999,2.4312155,0.30832656560456684
4,2,604084.9709997214,0.16239999,2.4313493,0.3085519485690719
4,2,604089.9711936116,0.16239999,2.4313684,0.3087773336044535
4,2,604094.9713875018,0.16239999,2.4315975,0.309002716716139
4,2,604099.971581392,0.16239999,2.431712,0.30922810075253426
4,2,604104.9717752822,0.16239999,2.4315975,0.30945348232157954
4,2,604109.9719691724,0.16239999,2.4314065,0.309678864463471
4,2,604114.9721630625,0.16239999,2.431712,0.30990424906909475
4,2,604119.9723569527,0.16239999,2.4316738,0.31012963203022803
4,2,604124.9725508429,0.16239999,2.4318838,0.3103550113832314
4,2,604129.9727447331,0.16239999,2.4318457,0.31058039133661164
4,2,604134.9729386233,0.16239999,2.4320939,0.31080577362575557
4,2,604139.9731325135,0.16239999,2.4320173,0.3110311572555164
4,2,604144.9733264036,0.16239999,2.432151,0.31125654012832554
4,2,604149.9735202938,0.16239999,2.4322655,0.3114819206349147
4,2,604154.973714184,0.16239999,2.4324183,0.31170729975584077
4,2,604159.9739080742,0.16239999,2.4324183,0.31193267963075316
4,2,604164.9741019644,0.16239999,2.4324374,0.31215806022222264
4,2,604169.9742958546,0.16239999,2.4326284,0.3123834430582615
4,2,604174.9744897448,0.16239999,2.4327238,0.3126088208522574
4,2,604179.9746836349,0.16239999,2.4327238,0.31283419796234296
4,2,604184.9748775251,0.16239999,2.432781,0.31305957778941684
4,2,604189.9750714153,0.16239999,2.4327238,0.3132849606576571
4,2,604194.9752653055,0.16239999,2.432953,0.31351034207101586
4,2,604199.9754591957,0.16239999,2.4330864,0.31373572370436464
4,2,604204.9756530859,0.16239999,2.4331436,0.3139611048335798
4,2,604209.975846976,0.16239999,2.432972,0.31418648645571046
4,2,604214.9760408662,0.16239999,2.433201,0.3144118703203972
4,2,604219.9762347564,0.16239999,2.433163,0.3146372515101053
4,2,604224.9764286466,0.16239999,2.4332392,0.31486263130324177
4,2,604229.9766225368,0.16239999,2.4333346,0.31508800983106516
4,2,604234.976816427,0.16239999,2.4332392,0.3153133885234678
4,2,604239.9770103171,0.16239999,2.4334302,0.31553876719144325
4,2,604244.9772042073,0.16239999,2.4334302,0.31576414799084357
4,2,604249.9773980975,0.16239999,2.4334874,0.3159895290195802
4,2,604254.9775919877,0.16239999,2.43364,0.3162149097525147
4,2,604259.9777858779,0.16239999,2.433659,0.3164402903912573
4,2,604264.9779797681,0.16239999,2.4337547,0.3166656719200587
4,2,604269.9781736583,0.16239999,2.4337738,0.3168910525840281
4,2,604274.9783675484,0.16239999,2.4337738,0.31711643333771744
4,2,604279.9785614386,0.16239999,2.4339073,0.31734181387139443
4,2,604284.9787553288,0.16239999,2.4339838,0.3175671930597905
4,2,604289.978949219,0.16239999,2.434022,0.3177925730352187
4,2,604294.9791431092,0.16239999,2.4341555,0.31801795338668926
4,2,604299.9793369994,0.16239999,2.4340029,0.3182433329101114
4,2,604304.9795308895,0.16239999,2.4343083,0.31846871355029943
4,2,604309.9797247797,0.16239999,2.4342318,0.3186940925844718
4,2,604314.9799186699,0.16239999,2.4343846,0.3189194609843145
4,2,604319.9801125601,0.16239999,2.4345183,0.3191448409981976
4,2,604324.9803064503,0.16239999,2.434671,0.3193702211162117
4,2,604329.9805003405,0.16239999,2.43469,0.3195955993722562
4,2,604334.9806942306,0.16239999,2.4347472,0.31982097846594704
4,2,604339.9808881208,0.16239999,2.4348047,0.3200463570644715
4,2,604344.981082011,0.16239999,2.4349763,0.3202717382842774
4,2,604349.9812759012,0.16239999,2.434919,0.3204971207608994
4,2,604354.9814697914,0.16239999,2.4350336,0.32072250292865434
4,2,604359.9816636816,0.16239999,2.4350336,0.3209478853065264
4,2,604364.9818575718,0.16239999,2.4351482,0.32117326678929314
4,2,604369.9820514619,0.16239999,2.4351673,0.32139865018087377
4,2,604374.9822453521,0.16239999,2.43532,0.32162403268933626
4,2,604379.9824392423,0.16239999,2.4352818,0.3218494148956322
4,2,604384.9826331325,0.16239999,2.4353964,0.32207479533023553
4,2,604389.9828270227,0.16239999,2.4354155,0.32230017886458584
4,2,604394.9830209129,0.16239999,2.43553,0.322525561678667
4,2,604399.983214803,0.16239999,2.4354537,0.32275094371145385
4,2,604404.9834086932,0.16239999,2.43553,0.32297632615620975
4,2,604409.9836025834,0.16239999,2.435568,0.3232017073462324
4,2,604414.9837964736,0.16239999,2.43574,0.3234270906734334
4,2,604419.9839903638,0.16239999,2.4357781,0.323652474982534
4,2,604424.984184254,0.16239999,2.435912,0.3238778590782376
4,2,604429.9843781441,0.16239999,2.4361026,0.32410324283635117
4,2,604434.9845720343,0.16239999,2.436141,0.32432862480092045
4,2,604439.9847659245,0.16239999,2.4362364,0.3245540091423069
4,2,604444.9849598147,0.16239999,2.4362173,0.32477939339434353
4,2,604449.9851537049,0.16239999,2.4362555,0.3250047811946993
4,2,604454.9853475951,0.16239999,2.4362555,0.32523016956388945
4,2,604459.9855414852,0.16239999,2.436618,0.3254555575644522
4,2,604464.9857353754,0.16239999,2.4364464,0.32568094521190966
4,2,604469.9859292656,0.16239999,2.4364655,0.3259063323466281
4,2,604474.9861231558,0.16239999,2.4366372,0.3261317195401307
4,2,604479.986317046,0.16239999,2.436599,0.32635710671054236
4,2,604484.9865109362,0.16239999,2.4366372,0.32658249368184467
4,2,604489.9867048264,0.16239999,2.436618,0.3268078803169867
4,2,604494.9868987165,0.16239999,2.4368281,0.3270332634845458
4,2,604499.9870926067,0.16239999,2.436771,0.3272586459431151
4,2,604504.9872864969,0.16239999,2.4368854,0.3274840292511416
4,2,604509.9874803871,0.16239999,2.437,0.3277094147300463
4,2,604514.9876742773,0.16239999,2.437019,0.32793480275963655
4,2,604519.9878681675,0.16239999,2.4371908,0.328160189745369
4,2,604524.9880620576,0.16239999,2.4371717,0.32838557296587023
4,2,604529.9882559478,0.16239999,2.4373245,0.32861095573994425
4,2,604534.988449838,0.16239999,2.4373055,0.32883633962296355
4,2,604539.9886437282,0.16239999,2.43742,0.3290617239260656
4,2,604544.9888376184,0.16239999,2.4375346,0.32928710840284814
4,2,604549.9890315086,0.16239999,2.4375918,0.3295124947658222
4,2,604554.9892253987,0.16239999,2.437649,0.32973788265520243
4,2,604559.9894192889,0.16239999,2.4376872,0.32996326981933904
4,2,604564.9896131791,0.16239999,2.4377444,0.33018865960001276
4,2,604569.9898070693,0.16239999,2.4377062,0.33041404763112625
4,2,604574.9900009595,0.16239999,2.437859,0.330639435544283
4,2,604579.9901948497,0.16239999,2.4379735,0.33086482134902223
4,2,604584.9903887399,0.16239999,2.4381073,0.33109020821670854
4,2,604589.99058263,0.16239999,2.4381645,0.3313155966337563
4,2,604594.9907765202,0.16239999,2.4381835,0.33154098531408605
4,2,604599.9909704104,0.16239999,2.4382217,0.3317663737448884
4,2,604604.9911643006,0.16239999,2.4383173,0.3319917624542729
4,2,604609.9913581908,0.16239999,2.4382598,0.3322171512966379
4,2,604614.991552081,0.16239999,2.4384508,0.33244254059342704
4,2,604619.9917459711,0.16239999,2.438489,0.33266793045979237
4,2,604624.9919398613,0.16239999,2.4385846,0.3328933203686136
4,2,604629.9921337515,0.16239999,2.4386227,0.33311870628546836
4,2,604634.9923276422,0.16239999,2.4386227,0.3333440906479979
4,2,604639.9925215328,0.16239999,2.4387562,0.33356947730863007
4,2,604644.9927154235,0.16239999,2.438871,0.3337948626753315
4,2,604649.9929093141,0.16239999,2.4389663,0.33402025022416887
4,2,604654.9931032048,0.16239999,2.4391572,0.3342456400402867
4,2,604659.9932970954,0.16239999,2.4392145,0.3344710293037692
4,2,604664.9934909861,0.16239999,2.4390998,0.3346964177692151
4,2,604669.9936848767,0.16239999,2.4392717,0.33492180700898827
4,2,604674.9938787674,0.16239999,2.439329,0.3351471970118375
4,2,604679.994072658,0.16239999,2.439367,0.3353725867393977
4,2,604684.9942665487,0.16239999,2.4394436,0.33559797528663193
4,2,604689.9944604393,0.16239999,2.439577,0.33582336564511805
4,2,604694.99465433,0.16239999,2.4394245,0.33604875820063634
4,2,604699.9948482206,0.16239999,2.43952,0.33627415229371604
4,2,604704.9950421113,0.16239999,2.439539,0.3364995442653307
4,2,604709.9952360019,0.16239999,2.439558,0.3367249374418706
4,2,604714.9954298926,0.16239999,2.4398634,0.33695033161822957
4,2,604719.9956237832,0.16239999,2.4396727,0.3371757275369855
4,2,604724.9958176739,0.16239999,2.439749,0.337401122603698
4,2,604729.9960115645,0.16239999,2.4398634,0.3376265141542513
4,2,604734.9962054549,0.16239999,2.4398634,0.3378519070157666
4,2,604739.9963993453,0.16239999,2.4401116,0.33807730041829587
4,2,604744.9965932358,0.16239999,2.4402645,0.33830269618474035
4,2,604749.9967871257,0.16239999,2.440188,0.338528089682469
4,2,604754.9969810161,0.16239999,2.440398,0.3387534856396128
4,2,604759.9971749065,0.16239999,2.4402835,0.33897888116169894
4,2,604764.997368797,0.16239999,2.4403217,0.3392042745006309
4,2,604769.9975626874,0.16239999,2.4404552,0.3394296688610093
4,2,604774.9977565778,0.16239999,2.440417,0.3396550635214888
4,2,604779.9979504682,0.16239999,2.440608,0.3398804569564744
4,2,604784.9981443587,0.16239999,2.4406462,0.34010584782031267
4,2,604789.9983382493,0.16239999,2.4407034,0.3403312401383586
4,2,604794.9985321398,0.16239999,2.4407034,0.3405566325261643
4,2,604799.9987260303,0.16239999,2.4408562,0.340782026239776
4,2,604804.9989199209,0.16239999,2.4409707,0.3410074182764615
4,2,604809.9991138114,0.16239999,2.4410663,0.34123280795759964
4,2,604814.999307702,0.16239999,2.4411998,0.34145819812510086
4,2,604819.9995015925,0.16239999,2.4410663,0.3416835892228766
4,2,604824.999695483,0.16239999,2.4413526,0.3419089795803246
4,2,604829.9998893738,0.16239999,2.4413908,0.342134369190438
4,2,604835.0000832643,0.16239999,2.4413908,0.34235975708268673
4,2,604840.0002771548,0.16239999,2.4413335,0.34258514477328883
4,2,604845.0004710454,0.16239999,2.4416199,0.342810533577078
4,2,604850.0006649359,0.16239999,2.4414861,0.3430359210157917
4,2,604855.0008588263,0.16239999,2.4416008,0.34326130761213697
4,2,604860.0010527169,0.16239999,2.441868,0.3434866946764772
4,2,604865.0012466073,0.16239999,2.4419253,0.3437120826449528
4,2,604870.0014404978,0.16239999,2.441868,0.3439374705638564
4,2,604875.0016343883,0.16239999,2.4419444,0.3441628589797824
4,2,604880.0018282789,0.16239999,2.4421926,0.34438825001583917
4,2,604885.0020221693,0.16239999,2.4421926,0.3446136397771869
4,2,604890.0022160597,0.16239999,2.4419253,0.34483902639609415
4,2,604895.0024099501,0.16239999,2.4421926,0.34506441418217126
4,2,604900.0026038405,0.16239999,2.4421353,0.3452898025402038
4,2,604905.002797731,0.16239999,2.4422116,0.3455151901320989
4,2,604910.0029916214,0.16239999,2.4424407,0.3457405761919229
4,2,604915.0031855113,0.16239999,2.4423645,0.3459659615397768
4,2,604920.0033794018,0.16239999,2.4425933,0.34619134688411657
4,2,604925.0035732922,0.16239999,2.442517,0.34641673351057706
4,2,604930.0037671826,0.16239999,2.4426124,0.3466421181357462
4,2,604935.0039610732,0.16239999,2.4426508,0.3468675007863716
4,2,604940.0041549639,0.16239999,2.4427462,0.34709288090608853
4,2,604945.0043488545,0.16239999,2.4428225,0.3473182621718695
4,2,604950.0045427452,0.16239999,2.442727,0.3475436441930425
4,2,604955.0047366358,0.16239999,2.4429562,0.34776902891031986
4,2,604960.0049305265,0.16239999,2.4429562,0.3479944157804988
4,2,604965.0051244171,0.16239999,2.4430516,0.3482198001978042
4,2,604970.0053183078,0.16239999,2.4431853,0.34844518672668195
4,2,604975.0055121984,0.16239999,2.443166,0.34867057454646383
4,2,604980.0057060891,0.16239999,2.4432998,0.34889596259087413
4,2,604985.0058999797,0.16239999,2.4434333,0.34912135020790336
4,2,604990.0060938704,0.16239999,2.4434526,0.3493467380704276
4,2,604995.006287761,0.16239999,2.4434717,0.34957212655829395
4,2,605000.0064816517,0.16239999,2.443529,0.3497975133791641
4,2,605005.0066755423,0.16239999,2.443586,0.3500228974855228
4,2,605010.006869433,0.16239999,2.443777,0.35024828024276267
4,2,605015.0070633236,0.16239999,2.4436243,0.3504736639581439
4,2,605020.0072572143,0.16239999,2.443739,0.35069905191829637
4,2,605025.0074511049,0.16239999,2.4438915,0.3509244423851123
4,2,605030.0076449956,0.16239999,2.4437199,0.351149834859151
4,2,605035.0078388862,0.16239999,2.4440825,0.3513752257039655
4,2,605040.0080327764,0.16239999,2.4440062,0.35160061461851005
4,2,605045.0082266666,0.16239999,2.4441397,0.35182600306146594
4,2,605050.0084205568,0.16239999,2.444197,0.35205138965635085
4,2,605055.008614447,0.16239999,2.444197,0.3522767753132317
4,2,605060.0088083372,0.16239999,2.4442542,0.3525021623315687
4,2,605065.0090022273,0.16239999,2.444388,0.35272755203272155
4,2,605070.0091961175,0.16239999,2.4443688,0.3529529414945692
4,2,605075.0093900077,0.16239999,2.4445214,0.35317833090848805
4,2,605080.0095838979,0.16239999,2.4447505,0.35340371972815443
4,2,605085.0097777881,0.16239999,2.4447315,0.35362910629152505
4,2,605090.0099716783,0.16239999,2.4447124,0.35385449291259796
4,2,605095.0101655684,0.16239999,2.4447887,0.35407987941255753
4,2,605100.0103594586,0.16239999,2.4449034,0.35430526403477874
4,2,605105.0105533488,0.16239999,2.4449606,0.35453064725863603
4,2,605110.010747239,0.16239999,2.4448652,0.35475603151851315
4,2,605115.0109411292,0.16239999,2.4449797,0.35498141670276556
4,2,605120.0111350194,0.16239999,2.4451134,0.3552068005851333
4,2,605125.0113289095,0.16239999,2.4451325,0.3554321840946128
4,2,605130.0115227997,0.16239999,2.4451516,0.35565756748207905
4,2,605135.0117166899,0.16239999,2.4452279,0.3558829469097571
4,2,605140.0119105801,0.16239999,2.4453232,0.3561083273492803
4,2,605145.0121044703,0.16239999,2.445438,0.3563337070170823
4,2,605150.0122983605,0.16239999,2.445457,0.3565590862264012
4,2,605155.0124922507,0.16239999,2.445457,0.3567844648133251
4,2,605160.0126861408,0.16239999,2.4456096,0.35700984664737095
4,2,605165.012880031,0.16239999,2.4458578,0.3572352276944542
4,2,605170.0130739212,0.16239999,2.4457624,0.3574606093300911
4,2,605175.0132678114,0.16239999,2.4458961,0.3576859905938406
4,2,605180.0134617016,0.16239999,2.4460106,0.35791137079328045
4,2,605185.0136555918,0.16239999,2.446125,0.358136750456925
4,2,605190.0138494819,0.16239999,2.4460487,0.35836213247488846
4,2,605195.0140433721,0.16239999,2.446144,0.3585875172354611
4,2,605200.0142372623,0.16239999,2.446297,0.3588129012554924
4,2,605205.0144311525,0.16239999,2.4462779,0.3590382841655445
4,2,605210.0146250427,0.16239999,2.4461825,0.35926366573135626
4,2,605215.0148189329,0.16239999,2.4463923,0.359489048519348
4,2,605220.015012823,0.16239999,2.4464114,0.35971443372579903
4,2,605225.0152067132,0.16239999,2.4466596,0.35993981749636506
4,2,605230.0154006034,0.16239999,2.4466214,0.3601652004502779
4,2,605235.0155944936,0.16239999,2.446736,0.36039058525045203
4,2,605240.0157883838,0.16239999,2.4467742,0.36061597225430014
4,2,605245.015982274,0.16239999,2.4467742,0.36084135933533795
4,2,605250.0161761642,0.16239999,2.4467933,0.36106674602451244
4,2,605255.0163700543,0.16239999,2.4470224,0.3612921331054426
4,2,605260.0165639445,0.16239999,2.4470797,0.36151751924915765
4,2,605265.0167578347,0.16239999,2.4471369,0.3617429057929622
4,2,605270.0169517249,0.16239999,2.4473088,0.3619682956914097
4,2,605275.0171456151,0.16239999,2.4472706,0.36219368545560937
4,2,605280.0173395053,0.16239999,2.4474041,0.362419074486181
4,2,605285.0175333954,0.16239999,2.4474232,0.362644459627759
4,2,605290.0177272856,0.16239999,2.4473279,0.36286984596076594
4,2,605295.0179211758,0.16239999,2.4473088,0.3630952349222748
4,2,605300.018115066,0.16239999,2.4476333,0.36332062455788405
4,2,605305.0183089562,0.16239999,2.4477096,0.36354601205365594
4,2,605310.0185028464,0.16239999,2.4477286,0.3637713996778485
4,2,605315.0186967365,0.16239999,2.4476905,0.3639967871066214
4,2,605320.0188906267,0.16239999,2.4477096,0.36422217446038024
4,2,605325.0190845169,0.16239999,2.4478624,0.3644475624758144
4,2,605330.0192784071,0.16239999,2.4478624,0.36467295081247536
4,2,605335.0194722973,0.16239999,2.448015,0.36489833701737784
4,2,605340.0196661875,0.16239999,2.4481869,0.36512372414005856
4,2,605345.0198600776,0.16239999,2.4480534,0.36534911128618713
4,2,605350.0200539678,0.16239999,2.4480724,0.3655744995390829
4,2,605355.020247858,0.16239999,2.4481487,0.3657998891860212
4,2,605360.0204417482,0.16239999,2.4483206,0.36602527941566937
4,2,605365.0206356384,0.16239999,2.448435,0.36625066895323727
4,2,605370.0208295286,0.16239999,2.4485304,0.36647606024019735
4,2,605375.0210234188,0.16239999,2.4485304,0.3667014538034199
4,2,605380.0212173089,0.16239999,2.4486833,0.3669268449764507
4,2,605385.0214111991,0.16239999,2.448645,0.3671522335301032
4,2,605390.0216050893,0.16239999,2.448645,0.36737762281153
4,2,605395.0217989795,0.16239999,2.448855,0.3676030144091545
4,2,605400.0219928697,0.16239999,2.4489696,0.3678284066667878
4,2,605405.0221867599,0.16239999,2.4488168,0.36805379523735393
4,2,605410.02238065,0.16239999,2.4490268,0.36827918453295677
4,2,605415.0225745402,0.16239999,2.4490268,0.368504574705767
4,2,605420.0227684304,0.16239999,2.4489505,0.36872996390133833
4,2,605425.0229623206,0.16239999,2.4490077,0.3689553526234286
4,2,605430.0231562108,0.16239999,2.4490268,0.36918074199839007
4,2,605435.023350101,0.16239999,2.4491796,0.3694061322405064
4,2,605440.0235439911,0.16239999,2.4492178,0.3696315218323079
4,2,605445.0237378813,0.16239999,2.449294,0.36985691059573317
4,2,605450.0239317715,0.16239999,2.4494278,0.37008229808153864
4,2,605455.0241256617,0.16239999,2.449447,0.3703076869721006
4,2,605460.0243195519,0.16239999,2.4496377,0.3705330764074407
4,2,605465.0245134421,0.16239999,2.4497333,0.37075846565420745
4,2,605470.0247073323,0.16239999,2.449676,0.37098385575773635
4,2,605475.0249012224,0.16239999,2.4498477,0.37120924821586065
4,2,605480.0250951126,0.16239999,2.449943,0.371434639086503
4,2,605485.0252890028,0.16239999,2.450153,0.3716600302931251
4,2,605490.025482893,0.16239999,2.4498096,0.3718854214110605
4,2,605495.0256767832,0.16239999,2.4502678,0.37211081041125693
4,2,605500.0258706734,0.16239999,2.4502103,0.37233620062750317
4,2,605505.0260645635,0.16239999,2.450325,0.3725615889861657
4,2,605510.0262584537,0.16239999,2.450306,0.37278697877289013
4,2,605515.0264523439,0.16239999,2.4502678,0.3730123667737642
4,2,605520.0266462341,0.16239999,2.450344,0.37323775334532633
4,2,605525.0268401243,0.16239999,2.4504585,0.37346314010398246
4,2,605530.0270340145,0.16239999,2.4507067,0.3736885276166067
4,2,605535.0272279046,0.16239999,2.4505732,0.37391391278190733
4,2,605540.0274217948,0.16239999,2.4508214,0.3741393007127029
4,2,605545.027615685,0.16239999,2.4508214,0.3743646859842298
4,2,605550.0278095752,0.16239999,2.4508977,0.37459007213189693
4,2,605555.0280034654,0.16239999,2.4509168,0.3748154607995003
4,2,605560.0281973556,0.16239999,2.4510505,0.3750408485569945
4,2,605565.0283912458,0.16239999,2.450993,0.3752662361729616
4,2,605570.0285851359,0.16239999,2.4512794,0.37549162553470655
4,2,605575.0287790261,0.16239999,2.4510696,0.37571701747284075
4,2,605580.0289729163,0.16239999,2.451203,0.37594241137930823
4,2,605585.0291668065,0.16239999,2.4512603,0.3761678046193519
4,2,605590.0293606967,0.16239999,2.451375,0.3763931960149208
4,2,605595.0295545869,0.16239999,2.4515657,0.37661858849891267
4,2,605600.029748477,0.16239999,2.451585,0.37684398360512233
4,2,605605.0299423672,0.16239999,2.4516613,0.37706937619347863
4,2,605610.0301362574,0.16239999,2.4516232,0.377294767979323
4,2,605615.0303301476,0.16239999,2.4517949,0.3775201583338752
4,2,605620.0305240378,0.16239999,2.4517949,0.3777455457478993
4,2,605625.030717928,0.16239999,2.4519477,0.37797093439284546
4,2,605630.0309118181,0.16239999,2.4520812,0.3781963233261514
4,2,605635.0311057083,0.16239999,2.4520812,0.37842171325482676
4,2,605640.0312995985,0.16239999,2.4521196,0.37864710277298175
4,2,605645.0314934887,0.16239999,2.4521577,0.3788724905740395
4,2,605650.0316873789,0.16239999,2.452234,0.37909787632107567
4,2,605655.0318812691,0.16239999,2.452406,0.37932326321910154
4,2,605660.0320751593,0.16239999,2.4522913,0.3795486490443183
4,2,605665.0322690494,0.16239999,2.4522913,0.37977403619116956
4,2,605670.0324629396,0.16239999,2.452444,0.37999942293702227
4,2,605675.0326568298,0.16239999,2.4524822,0.380224811639967
4,2,605680.03285072,0.16239999,2.4526348,0.3804502007409938
4,2,605685.0330446102,0.16239999,2.4526348,0.3806755884369396
4,2,605690.0332385004,0.16239999,2.4527686,0.38090097754992625
4,2,605695.0334323905,0.16239999,2.4529405,0.38112636719975784
4,2,605700.0336262807,0.16239999,2.4531121,0.3813517573937351
4,2,605705.0338201709,0.16239999,2.4531312,0.3815771485502206
4,2,605710.0340140611,0.16239999,2.4531121,0.3818025376105995
4,2,605715.0342079513,0.16239999,2.453265,0.3820279278779319
4,2,605720.0344018415,0.16239999,2.453265,0.38225331734270096
4,2,605725.0345957316,0.16239999,2.4534175,0.3824787049306423
4,2,605730.0347896218,0.16239999,2.453494,0.3827040949289748
4,2,605735.034983512,0.16239999,2.4534557,0.38292948197457843
4,2,605740.0351774022,0.16239999,2.4535704,0.3831548694479621
4,2,605745.0353712924,0.16239999,2.4536085,0.38338025599256226
4,2,605750.0355651826,0.16239999,2.4536657,0.3836056405874125
4,2,605755.0357590728,0.16239999,2.453914,0.3838310245464682
4,2,605760.0359529629,0.16239999,2.453914,0.3840564086591897
4,2,605765.0361468531,0.16239999,2.4539711,0.3842817942399339
4,2,605770.0363407433,0.16239999,2.4540668,0.3845071801515559
4,2,605775.0365346335,0.16239999,2.4540095,0.3847325659088143
4,2,605780.0367285237,0.16239999,2.4541812,0.3849579515005803
4,2,605785.0369224139,0.16239999,2.4544103,0.38518333679004985
4,2,605790.037116304,0.16239999,2.4543912,0.3854087214586981
4,2,605795.0373101942,0.16239999,2.4544294,0.38563410650486807
4,2,605800.0375040844,0.16239999,2.4543722,0.38585949066561437
4,2,605805.0376979746,0.16239999,2.4545248,0.386084877187852
4,2,605810.0378918648,0.16239999,2.4547157,0.3863102603499564
4,2,605815.038085755,0.16239999,2.4546585,0.38653564351497155
4,2,605820.0382796451,0.16239999,2.454773,0.38676102799003964
4,2,605825.0384735353,0.16239999,2.454792,0.38698641325061994
4,2,605830.0386674255,0.16239999,2.4548686,0.3872117987410565
4,2,605835.0388613157,0.16239999,2.4549448,0.3874371826148172
4,2,605840.0390552059,0.16239999,2.4549258,0.3876625651189592
4,2,605845.0392490961,0.16239999,2.4551358,0.3878879500263298
4,2,605850.0394429862,0.16239999,2.4551358,0.38811333735634945
4,2,605855.0396368764,0.16239999,2.4551358,0.38833872373634637
4,2,605860.0398307666,0.16239999,2.4552503,0.38856410829383775
4,2,605865.0400246568,0.16239999,2.4553266,0.38878949467699786
4,2,605870.040218547,0.16239999,2.4553075,0.3890148834889893
4,2,605875.0404124372,0.16239999,2.4555748,0.38924027226232966
4,2,605880.0406063274,0.16239999,2.4554985,0.38946565891664453
4,2,605885.0408002175,0.16239999,2.4556322,0.389691046159273
4,2,605890.0409941077,0.16239999,2.4556322,0.38991643197748543
4,2,605895.0411879979,0.16239999,2.4557085,0.3901418185667386
4,2,605900.0413818881,0.16239999,2.4557467,0.39036720493657956
4,2,605905.0415757783,0.16239999,2.4559567,0.3905925901052023
4,2,605910.0417696685,0.16239999,2.4559567,0.3908179758593174
4,2,605915.0419635586,0.16239999,2.4560711,0.3910433653618973
4,2,605920.0421574488,0.16239999,2.4561665,0.39126875313860987
4,2,605925.042351339,0.16239999,2.456262,0.391494142048237
4,2,605930.0425452292,0.16239999,2.4563003,0.3917195295703856
4,2,605935.0427391194,0.16239999,2.456262,0.39194491700455025
4,2,605940.0429330096,0.16239999,2.4562812,0.39217030496239474
4,2,605945.0431268997,0.16239999,2.4563766,0.39239569550560643
4,2,605950.0433207899,0.16239999,2.456663,0.3926210866097425
4,2,605955.0435146801,0.16239999,2.4566438,0.3928464767071785
4,2,605960.0437085703,0.16239999,2.4566057,0.39307186516009585
4,2,605965.0439024605,0.16239999,2.4567966,0.39329725424131073
4,2,605970.0440963507,0.16239999,2.456892,0.3935226434523611
4,2,605975.0442902409,0.16239999,2.4569492,0.393748033156697
4,2,605980.044484131,0.16239999,2.4567966,0.39397342486764064
4,2,605985.0446780212,0.16239999,2.4569683,0.3941988178129923
4,2,605990.0448719114,0.16239999,2.4570258,0.39442421202762906
4,2,605995.0450658016,0.16239999,2.457064,0.3946496035542139
4,2,606000.0452596918,0.16239999,2.4572356,0.3948749930484633
4,2,606005.045453582,0.16239999,2.4574838,0.39510038320208823
4,2,606010.0456474721,0.16239999,2.4575412,0.3953257723474079
4,2,606015.0458413623,0.16239999,2.457522,0.3955511601313376
4,2,606020.0460352525,0.16239999,2.4576557,0.3957765491304636
4,2,606025.0462291427,0.16239999,2.4575412,0.39600193945616885
4,2,606030.0464230329,0.16239999,2.4576747,0.39622732924617565
4,2,606035.0466169231,0.16239999,2.4578276,0.3964527190110268
4,2,606040.0468108132,0.16239999,2.457942,0.3966781075217822
4,2,606045.0470047034,0.16239999,2.457923,0.39690349385680657
4,2,606050.0471985936,0.16239999,2.4580564,0.397128882477737
4,2,606055.0473924838,0.16239999,2.4580374,0.39735426977177196
4,2,606060.047586374,0.16239999,2.458114,0.39757965643410287
4,2,606065.0477802642,0.16239999,2.4582665,0.397805043757542
4,2,606070.0479741544,0.16239999,2.4583046,0.39803043137681055
4,2,606075.0481680445,0.16239999,2.458362,0.3982558182741195
4,2,606080.0483619347,0.16239999,2.4583046,0.39848120706015644
4,2,606085.0485558249,0.16239999,2.458572,0.39870659588732305
4,2,606090.0487497151,0.16239999,2.4585528,0.3989319837775179
4,2,606095.0489436053,0.16239999,2.4586675,0.39915737203252294
4,2,606100.0491374955,0.16239999,2.4587057,0.3993827604843136
4,2,606105.0493313856,0.16239999,2.4588392,0.3996081485167574
4,2,606110.0495252758,0.16239999,2.45882,0.39983353777593933
4,2,606115.049719166,0.16239999,2.4589348,0.40005892715227254
4,2,606120.0499130562,0.16239999,2.458801,0.40028431574481294
4,2,606125.0501069464,0.16239999,2.4590683,0.4005097058913441
4,2,606130.0503008366,0.16239999,2.4593356,0.4007350948645711
4,2,606135.0504947267,0.16239999,2.4592783,0.4009604844237109
4,2,606140.0506886169,0.16239999,2.4592402,0.4011858753184981
4,2,606145.0508825071,0.16239999,2.4592974,0.4014112646303556
4,2,606150.0510763973,0.16239999,2.4592211,0.40163665617983935
4,2,606155.0512702875,0.16239999,2.4595456,0.40186204873311915
4,2,606160.0514641777,0.16239999,2.4595838,0.4020874371106217
4,2,606165.0516580679,0.16239999,2.4595647,0.40231282298435006
4,2,606170.051851958,0.16239999,2.4596791,0.40253821227999265
4,2,606175.0520458482,0.16239999,2.4597366,0.4027636015699306
4,2,606180.0522397384,0.16239999,2.4598892,0.4029889922681756
4,2,606185.0524336286,0.16239999,2.4597175,0.40321438383923125
4,2,606190.0526275188,0.16239999,2.4601183,0.40343977649653606
4,2,606195.052821409,0.16239999,2.4599848,0.40366516733624025
4,2,606200.0530152991,0.16239999,2.460023,0.4038905592081777
4,2,606205.0532091893,0.16239999,2.460061,0.40411595024747465
4,2,606210.0534030795,0.16239999,2.460252,0.40434134125303955
4,2,606215.0535969697,0.16239999,2.4601755,0.40456673404384963
4,2,606220.0537908599,0.16239999,2.460233,0.40479212413556437
4,2,606225.0539847501,0.16239999,2.4601946,0.405017513377374
4,2,606230.0541786402,0.16239999,2.4603474,0.40524290482347686
4,2,606235.0543725304,0.16239999,2.4605956,0.405468294616199
4,2,606240.0545664206,0.16239999,2.4606147,0.40569368400459715
4,2,606245.0547603113,0.16239999,2.460691,0.40591907463095567
4,2,606250.0549542019,0.16239999,2.460901,0.40614446497226653
4,2,606255.0551480926,0.16239999,2.4609964,0.40636985575610546
4,2,606260.0553419832,0.16239999,2.4609392,0.4065952459787592
4,2,606265.0555358739,0.16239999,2.4611683,0.4068206386138919
4,2,606270.0557297645,0.16239999,2.4612637,0.40704602892676056
4,2,606275.0559236552,0.16239999,2.4613402,0.40727141801955447
4,2,606280.0561175458,0.16239999,2.4613402,0.40749680485258394
4,2,606285.0563114365,0.16239999,2.4612637,0.4077221931789987
4,2,606290.0565053271,0.16239999,2.4612827,0.40794758118924396
4,2,606295.0566992178,0.16239999,2.4615884,0.4081729676857605
4,2,606300.0568931084,0.16239999,2.4616456,0.4083983558335699
4,2,606305.0570869986,0.16239999,2.4617982,0.4086237414004775
4,2,606310.0572808892,0.16239999,2.4617028,0.4088491279220885
4,2,606315.0574747799,0.16239999,2.46176,0.40907451272614936
4,2,606320.0576686705,0.16239999,2.461932,0.40929989749094986
4,2,606325.0578625612,0.16239999,2.4620273,0.4095252839502698
4,2,606330.0580564518,0.16239999,2.4619129,0.40975067059715403
4,2,606335.0582503425,0.16239999,2.4621227,0.4099760595082324
4,2,606340.0584442331,0.16239999,2.4622183,0.41020144857043755
4,2,606345.0586381236,0.16239999,2.4623518,0.41042683842519323
4,2,606350.058832014,0.16239999,2.4624856,0.41065222608617596
4,2,606355.0590259044,0.16239999,2.4626,0.4108776139982515
4,2,606360.0592197948,0.16239999,2.4625618,0.4111030011611033
4,2,606365.0594136852,0.16239999,2.4626765,0.4113283870531907
4,2,606370.0596075756,0.16239999,2.4626381,0.4115537712539632
4,2,606375.0598014661,0.16239999,2.4628863,0.41177915393865094
4,2,606380.0599953565,0.16239999,2.4628482,0.41200453672561616
4,2,606385.0601892471,0.16239999,2.4629629,0.41222991760466815
4,2,606390.0603831375,0.16239999,2.4629054,0.4124553001940299
4,2,606395.0605770281,0.16239999,2.462982,0.41268068453881296
4,2,606400.0607709186,0.16239999,2.463211,0.41290606806765484
4,2,606405.0609648091,0.16239999,2.46344,0.41313145238804305
4,2,606410.0611586997,0.16239999,2.4634018,0.41335683891954095
4,2,606415.0613525902,0.16239999,2.463459,0.41358222447152343
4,2,606420.0615464806,0.16239999,2.4635355,0.4138076078631223
4,2,606425.0617403712,0.16239999,2.4635165,0.4140329897757387
4,2,606430.0619342617,0.16239999,2.4635737,0.41425836952815615
4,2,606435.0621281522,0.16239999,2.4637263,0.4144837502490538
4,2,606440.0623220428,0.16239999,2.4637837,0.4147091311497423
4,2,606445.0625159333,0.16239999,2.4639554,0.414934514034546
4,2,606450.0627098238,0.16239999,2.4639935,0.41515989728715263
4,2,606455.0629037144,0.16239999,2.464051,0.41538528221693877
4,2,606460.0630976048,0.16239999,2.4641654,0.41561066564012894
4,2,606465.0632914954,0.16239999,2.464051,0.41583604715754
4,2,606470.0634853854,0.16239999,2.4642608,0.4160614258445749
4,2,606475.0636792759,0.16239999,2.46428,0.4162868050867368
4,2,606480.0638731665,0.16239999,2.4644709,0.41651218401798024
4,2,606485.064067057,0.16239999,2.4644709,0.4167375626214999
4,2,606490.0642609475,0.16239999,2.464528,0.41696294267296957
4,2,606495.0644548379,0.16239999,2.4647763,0.4171883258484147
4,2,606500.0646487286,0.16239999,2.4648528,0.41741370922223564
4,2,606505.064842619,0.16239999,2.4648144,0.4176390948121192
4,2,606510.0650365094,0.16239999,2.4647763,0.41786448050528435
4,2,606515.0652303998,0.16239999,2.4650054,0.41808986666456444
4,2,606520.0654242903,0.16239999,2.4650054,0.41831525059078883
4,2,606525.0656181807,0.16239999,2.4651773,0.41854063532797664
4,2,606530.0658120711,0.16239999,2.4652727,0.4187660197895575
4,2,606535.0660059615,0.16239999,2.4652917,0.4189914069370156
4,2,606540.0661998519,0.16239999,2.4654064,0.41921679396237765
4,2,606545.0663937426,0.16239999,2.465578,0.4194421821263557
4,2,606550.066587633,0.16239999,2.46554,0.41966756805598493
4,2,606555.0667815236,0.16239999,2.465769,0.41989295702393525
4,2,606560.0669754143,0.16239999,2.4657118,0.4201183464522296
4,2,606565.0671693049,0.16239999,2.465941,0.4203437365468137
4,2,606570.0673631956,0.16239999,2.4657881,0.4205691255459587
4,2,606575.0675570862,0.16239999,2.465941,0.4207945138005838
4,2,606580.0677509769,0.16239999,2.4660745,0.4210199031433099
4,2,606585.0679448675,0.16239999,2.4661698,0.42124529299336094
4,2,606590.0681387582,0.16239999,2.4662273,0.4214706825896585
4,2,606595.0683326488,0.16239999,2.4663036,0.4216960748999467
4,2,606600.0685265395,0.16239999,2.466418,0.42192146749780335
4,2,606605.0687204301,0.16239999,2.4663417,0.4221468614359888
4,2,606610.0689143208,0.16239999,2.46659,0.4223722563505529
4,2,606615.0691082114,0.16239999,2.4667618,0.4225976492615202
4,2,606620.0693021021,0.16239999,2.466819,0.4228230419337775
4,2,606625.0694959927,0.16239999,2.4669335,0.4230484342970948
4,2,606630.0696898834,0.16239999,2.4669716,0.42327382727395335
4,2,606635.0698837736,0.16239999,2.4671626,0.4234992187272998
4,2,606640.0700776642,0.16239999,2.4671626,0.42372460968418924
4,2,606645.0702715549,0.16239999,2.467239,0.4239500016109861
4,2,606650.0704654455,0.16239999,2.4673154,0.42417539348825567
4,2,606655.0706593357,0.16239999,2.4673727,0.42440078606426634
4,2,606660.0708532259,0.16239999,2.4674108,0.42462618021120546
4,2,606665.0710471161,0.16239999,2.4675062,0.4248515744700581
4,2,606670.0712410063,0.16239999,2.467869,0.42507696800638906
4,2,606675.0714348964,0.16239999,2.467659,0.4253023604320296
4,2,606680.0716287866,0.16239999,2.467678,0.42552775165497597
4,2,606685.0718226768,0.16239999,2.4679072,0.4257531454244488
4,2,606690.072016567,0.16239999,2.4680216,0.4259785375649217
4,2,606695.0722104572,0.16239999,2.4680026,0.42620392919331374
4,2,606700.0724043474,0.16239999,2.4680598,0.42642932125200744
4,2,606705.0725982375,0.16239999,2.4681554,0.4266547150834865
4,2,606710.0727921277,0.16239999,2.468289,0.42688011132563486
4,2,606715.0729860179,0.16239999,2.468346,0.4271055061634249
4,2,606720.0731799081,0.16239999,2.4683845,0.42733090138368474
4,2,606725.0733737983,0.16239999,2.468518,0.4275562982620067
4,2,606730.0735676885,0.16239999,2.4684799,0.4277816933189986
4,2,606735.0737615786,0.16239999,2.4686518,0.4280070873114458
4,2,606740.0739554688,0.16239999,2.468709,0.4282324840035935
4,2,606745.074149359,0.16239999,2.4688234,0.42845788234068366
4,2,606750.0743432492,0.16239999,2.4688044,0.42868327973341774
4,2,606755.0745371394,0.16239999,2.468919,0.4289086761231215
4,2,606760.0747310296,0.16239999,2.468919,0.4291340686956362
4,2,606765.0749249198,0.16239999,2.4689572,0.4293594612259823
4,2,606770.0751188099,0.16239999,2.4690907,0.4295848549554629
4,2,606775.0753127001,0.16239999,2.4692054,0.42981024762914655
4,2,606780.0755065903,0.16239999,2.4693198,0.4300356397897832
4,2,606785.0757004805,0.16239999,2.469339,0.43026103293037243
4,2,606790.0758943707,0.16239999,2.4693007,0.43048642749708804
4,2,606795.0760882609,0.16239999,2.4692817,0.43071182361749555
4,2,606800.076282151,0.16239999,2.4697015,0.4309372214913823
4,2,606805.0764760412,0.16239999,2.4696062,0.43116262067944633
4,2,606810.0766699314,0.16239999,2.469988,0.43138801964830187
4,2,606815.0768638216,0.16239999,2.4697015,0.4316134177380071
4,2,606820.0770577118,0.16239999,2.4699116,0.4318388156922293
4,2,606825.077251602,0.16239999,2.4700263,0.43206421514704235
4,2,606830.0774454921,0.16239999,2.4701407,0.43228961448980197
4,2,606835.0776393823,0.16239999,2.4702744,0.4325150136860037
4,2,606840.0778332725,0.16239999,2.470198,0.43274041348414444
4,2,606845.0780271627,0.16239999,2.4703317,0.43296581579168464
4,2,606850.0782210529,0.16239999,2.4703126,0.43319121966321594
4,2,606855.0784149431,0.16239999,2.4703507,0.43341662515698204
4,2,606860.0786088333,0.16239999,2.4705417,0.43364203205515606
4,2,606865.0788027234,0.16239999,2.4707325,0.4338674394359141
4,2,606870.0789966136,0.16239999,2.4707706,0.4340928434580349
4,2,606875.0791905038,0.16239999,2.4707325,0.4343182465708396
4,2,606880.079384394,0.16239999,2.4710953,0.43454364793893197
4,2,606885.0795782842,0.16239999,2.4710379,0.4347690505996694
4,2,606890.0797721744,0.16239999,2.4710188,0.4349944532740265
4,2,606895.0799660645,0.16239999,2.4709997,0.4352198566848172
4,2,606900.0801599547,0.16239999,2.4713626,0.43544525815864654
4,2,606905.0803538449,0.16239999,2.4715152,0.4356706601668481
4,2,606910.0805477351,0.16239999,2.471687,0.435896063971729
4,2,606915.0807416253,0.16239999,2.4715152,0.43612146634714394
4,2,606920.0809355155,0.16239999,2.4715533,0.4363468675327351
4,2,606925.0811294056,0.16239999,2.4715915,0.4365722674713003
4,2,606930.0813232958,0.16239999,2.471687,0.43679766535904263
4,2,606935.081517186,0.16239999,2.4718587,0.43702306438868666
4,2,606940.0817110762,0.16239999,2.4719925,0.43724846128601175
4,2,606945.0819049664,0.16239999,2.4720116,0.4374738573737294
4,2,606950.0820988566,0.16239999,2.4721453,0.43769925312394486
4,2,606955.0822927468,0.16239999,2.4720116,0.4379246490255578
4,2,606960.0824866369,0.16239999,2.4721835,0.43815004618418546
4,2,606965.0826805271,0.16239999,2.4722407,0.43837544275792356
4,2,606970.0828744173,0.16239999,2.4723933,0.4386008371006333
4,2,606975.0830683075,0.16239999,2.4726224,0.4388262333097234
4,2,606980.0832621977,0.16239999,2.4725842,0.4390516282903386
4,2,606985.0834560879,0.16239999,2.4727561,0.43927702130160723
4,2,606990.083649978,0.16239999,2.4727752,0.43950241509906196
4,2,606995.0838438682,0.16239999,2.472737,0.43972780929351674
4,2,607000.0840377584,0.16239999,2.4729278,0.4399532026564586
4,2,607005.0842316486,0.16239999,2.4730616,0.4401785962390924
4,2,607010.0844255388,0.16239999,2.4731188,0.4404039894038629
4,2,607015.084619429,0.16239999,2.4733288,0.4406293825348375
4,2,607020.0848133191,0.16239999,2.473195,0.44085477501497417
4,2,607025.0850072093,0.16239999,2.4734242,0.44108016611542383
4,2,607030.0852010995,0.16239999,2.4734051,0.4413055575238143
4,2,607035.0853949897,0.16239999,2.4734051,0.44153094983621516
4,2,607040.0855888799,0.16239999,2.4736342,0.44175634173320394
4,2,607045.0857827701,0.16239999,2.4737487,0.441981732922828
4,2,607050.0859766603,0.16239999,2.4737678,0.44220712342402996
4,2,607055.0861705504,0.16239999,2.4739206,0.4424325130325199
4,2,607060.0863644406,0.16239999,2.4737105,0.4426579057281886
4,2,607065.0865583308,0.16239999,2.4739587,0.44288329987028563
4,2,607070.086752221,0.16239999,2.474035,0.44310869289201654
4,2,607075.0869461112,0.16239999,2.4740925,0.44333408650942135
4,2,607080.0871400014,0.16239999,2.474226,0.4435594765130206
4,2,607085.0873338915,0.16239999,2.474417,0.44378486735569095
4,2,607090.0875277817,0.16239999,2.4743407,0.4440102570483468
4,2,607095.0877216719,0.16239999,2.4744742,0.4442356472308146
4,2,607100.0879155621,0.16239999,2.474608,0.44446103801713044
4,2,607105.0881094523,0.16239999,2.4747605,0.4446864283972166
4,2,607110.0883033425,0.16239999,2.4747987,0.44491182164096327
4,2,607115.0884972326,0.16239999,2.4749706,0.4451372147831196
4,2,607120.0886911228,0.16239999,2.4749515,0.44536260776678466
4,2,607125.088885013,0.16239999,2.4749897,0.44558800235963686
4,2,607130.0890789032,0.16239999,2.4749134,0.44581339361220007
4,2,607135.0892727934,0.16239999,2.4751234,0.4460387870824551
4,2,607140.0894666836,0.16239999,2.4752378,0.446264178519527
4,2,607145.0896605738,0.16239999,2.4753141,0.4464895702003959
4,2,607150.0898544639,0.16239999,2.4754288,0.44671496152255336
4,2,607155.0900483541,0.16239999,2.4754097,0.44694035174914265
4,2,607160.0902422443,0.16239999,2.4756005,0.44716573959502226
4,2,607165.0904361345,0.16239999,2.475505,0.447391127738589
4,2,607170.0906300247,0.16239999,2.4758105,0.4476165196575074
4,2,607175.0908239149,0.16239999,2.4757915,0.44784191127878
4,2,607180.091017805,0.16239999,2.4757724,0.4480673033438348
4,2,607185.0912116952,0.16239999,2.4760396,0.4482926977919256
4,2,607190.0914055854,0.16239999,2.4759443,0.4485180890070646
4,2,607195.0915994756,0.16239999,2.4761732,0.44874347992715147
4,2,607200.0917933658,0.16239999,2.476116,0.44896887114659934
4,2,607205.091987256,0.16239999,2.4764404,0.44919426334576795
4,2,607210.0921811461,0.16239999,2.4764788,0.4494196540624126
4,2,607215.0923750363,0.16239999,2.4764214,0.44964504573425723
4,2,607220.0925689265,0.16239999,2.4766886,0.44987043668997606
4,2,607225.0927628167,0.16239999,2.4767458,0.4500958303535861
4,2,607230.0929567069,0.16239999,2.4769177,0.45032122586074375
4,2,607235.0931505971,0.16239999,2.4770896,0.45054662127337425
4,2,607240.0933444872,0.16239999,2.4770896,0.45077201539005823
4,2,607245.0935383774,0.16239999,2.4771278,0.45099740886373224
4,2,607250.0937322676,0.16239999,2.4770896,0.4512228020684204
4,2,607255.0939261578,0.16239999,2.477357,0.4514481957467238
4,2,607260.094120048,0.16239999,2.4772613,0.4516735878899327
4,2,607265.0943139382,0.16239999,2.477357,0.4518989802539247
4,2,607270.0945078284,0.16239999,2.4774523,0.45212437109715886
4,2,607275.0947017185,0.16239999,2.4775476,0.4523497634385541
4,2,607280.0948956087,0.16239999,2.4776242,0.45257515252083275
4,2,607285.0950894989,0.16239999,2.4777768,0.45280054027473415
4,2,607290.0952833891,0.16239999,2.4778914,0.4530259275061023
4,2,607295.0954772793,0.16239999,2.478044,0.45325131529649665
4,2,607300.0956711695,0.16239999,2.4779868,0.45347670131574475
4,2,607305.0958650596,0.16239999,2.4783494,0.4537020864311571
4,2,607310.0960589498,0.16239999,2.4783878,0.453927469388181
4,2,607315.09625284,0.16239999,2.478445,0.4541528555220927
4,2,607320.0964467302,0.16239999,2.4786358,0.45437824546948974
4,2,607325.0966406204,0.16239999,2.4786932,0.45460363784840113
4,2,607330.0968345106,0.16239999,2.4787123,0.4548290291860268
4,2,607335.0970284007,0.16239999,2.478903,0.4550544170389315
4,2,607340.0972222909,0.16239999,2.478884,0.4552798030701436
4,2,607345.0974161811,0.16239999,2.4787505,0.45550519005632306
4,2,607350.0976100713,0.16239999,2.479075,0.45573057768608616
4,2,607355.0978039615,0.16239999,2.4792278,0.4559559659236097
4,2,607360.0979978517,0.16239999,2.479075,0.456181354922725
4,2,607365.0981917419,0.16239999,2.4792278,0.4564067429087558
4,2,607370.098385632,0.16239999,2.4794185,0.456632130062277
4,2,607375.0985795222,0.16239999,2.4794185,0.45685751835088334
4,2,607380.0987734124,0.16239999,2.4794376,0.45708290595697515
4,2,607385.0989673026,0.16239999,2.479495,0.45730829287479724
4,2,607390.0991611928,0.16239999,2.4796286,0.4575336771388897
4,2,607395.099355083,0.16239999,2.4797049,0.45775906074002126
4,2,607400.0995489731,0.16239999,2.4798005,0.4579844413331572
4,2,607405.0997428633,0.16239999,2.4797623,0.45820982270402033
4,2,607410.0999367535,0.16239999,2.4801822,0.4584352078806765
4,2,607415.1001306437,0.16239999,2.4799912,0.4586605943605816
4,2,607420.1003245339,0.16239999,2.4801059,0.4588859829277296
4,2,607425.1005184241,0.16239999,2.480144,0.4591113733417879
4,2,607430.1007123142,0.16239999,2.4801822,0.4593367615736896
4,2,607435.1009062044,0.16239999,2.4803922,0.4595621482307554
4,2,607440.1011000946,0.16239999,2.480316,0.45978753446422843
4,2,607445.1012939848,0.16239999,2.480335,0.46001292329512117
4,2,607450.101487875,0.16239999,2.4806213,0.46023831396722126
4,2,607455.1016817652,0.16239999,2.4806786,0.4604637064693098
4,2,607460.1018756554,0.16239999,2.4807549,0.4606891010362406
4,2,607465.1020695455,0.16239999,2.480793,0.46091449463732204
4,2,607470.1022634357,0.16239999,2.481003,0.4611398908923872
4,2,607475.1024573259,0.16239999,2.4810987,0.4613652873431485
4,2,607480.1026512161,0.16239999,2.4811368,0.4615906826839364
4,2,607485.1028451063,0.16239999,2.4811177,0.46181607570081284
4,2,607490.1030389965,0.16239999,2.4814422,0.46204147014431407
4,2,607495.1032328866,0.16239999,2.4814613,0.4622668630727604
4,2,607500.1034267768,0.16239999,2.4814613,0.46249225434462476
4,2,607505.103620667,0.16239999,2.4816523,0.46271764464585396
4,2,607510.1038145572,0.16239999,2.4816332,0.46294303514276935
4,2,607515.1040084474,0.16239999,2.4819195,0.4631684274593765
4,2,607520.1042023376,0.16239999,2.4819005,0.4633938194645452
4,2,607525.1043962277,0.16239999,2.482072,0.46361921372940385
4,2,607530.1045901179,0.16239999,2.482072,0.46384460960552754
4,2,607535.1047840081,0.16239999,2.4821677,0.46407000681367677
4,2,607540.1049778983,0.16239999,2.4823012,0.4642954024973362
4,2,607545.1051717885,0.16239999,2.4823585,0.4645207984323311
4,2,607550.1053656787,0.16239999,2.4823203,0.4647461950770277
4,2,607555.1055595689,0.16239999,2.4824731,0.4649715927340703
4,2,607560.105753459,0.16239999,2.4825494,0.46519698867187154
4,2,607565.1059473492,0.16239999,2.4827213,0.46542238308923695
4,2,607570.1061412394,0.16239999,2.4827213,0.46564778128344403
4,2,607575.1063351296,0.16239999,2.482683,0.465873181300208
4,2,607580.1065290198,0.16239999,2.4828358,0.46609857867020454
4,2,607585.10672291,0.16239999,2.4831793,0.4663239762685283
4,2,607590.1069168001,0.16239999,2.4830458,0.4665493738569353
4,2,607595.1071106903,0.16239999,2.483275,0.466774768761591
4,2,607600.1073045805,0.16239999,2.4833894,0.46700016351222007
4,2,607605.1074984707,0.16239999,2.4835038,0.46722555737646015
4,2,607610.1076923609,0.16239999,2.4834466,0.46745094947441596
4,2,607615.1078862511,0.16239999,2.4836757,0.46767634039510386
4,2,607620.1080801412,0.16239999,2.4837139,0.46790173140149577
4,2,607625.1082740314,0.16239999,2.483752,0.4681271242559661
4,2,607630.1084679216,0.16239999,2.4838858,0.4683525197719734
4,2,607635.1086618118,0.16239999,2.483962,0.4685779159906499
4,2,607640.108855702,0.16239999,2.483962,0.46880331219658344
4,2,607645.1090495922,0.16239999,2.4840767,0.4690287086559402
4,2,607650.1092434824,0.16239999,2.4842103,0.46925410412519764
4,2,607655.1094373725,0.16239999,2.4843247,0.4694795011241155
4,2,607660.1096312627,0.16239999,2.4843822,0.46970489981200636
4,2,607665.1098251529,0.16239999,2.4844584,0.4699302974870181
4,2,607670.1100190431,0.16239999,2.4846303,0.4701556945827737
4,2,607675.1102129333,0.16239999,2.484592,0.4703810924326091
4,2,607680.1104068235,0.16239999,2.484802,0.47060649021423867
4,2,607685.1106007136,0.16239999,2.4846876,0.4708318867939902
4,2,607690.1107946038,0.16239999,2.485184,0.47105728160832916
4,2,607695.110988494,0.16239999,2.4851649,0.471282677062038
4,2,607700.1111823842,0.16239999,2.4852412,0.47150807149279544
4,2,607705.1113762744,0.16239999,2.4853365,0.47173346702118396
4,2,607710.1115701646,0.16239999,2.4853175,0.4719588639917259
4,2,607715.1117640547,0.16239999,2.4855466,0.47218426153070653
4,2,607720.1119579449,0.16239999,2.4855657,0.47240965774455096
4,2,607725.1121518351,0.16239999,2.485661,0.4726350550248036
4,2,607730.1123457253,0.16239999,2.4859092,0.4728604536427848
4,2,607735.1125396155,0.16239999,2.4858902,0.4730858528533545
4,2,607740.1127335057,0.16239999,2.486062,0.4733112488091141
4,2,607745.1129273959,0.16239999,2.486043,0.47353664430565556
4,2,607750.113121286,0.16239999,2.486253,0.4737620391741197
4,2,607755.1133151762,0.16239999,2.4861383,0.47398743320578257
4,2,607760.1135090664,0.16239999,2.4863102,0.4742128289924562
4,2,607765.1137029566,0.16239999,2.4864438,0.4744382272038981
4,2,607770.1138968468,0.16239999,2.4865203,0.4746636208640014
4,2,607775.114090737,0.16239999,2.4865775,0.47488901384477644
4,2,607780.1142846271,0.16239999,2.4867492,0.47511440669749505
4,2,607785.1144785173,0.16239999,2.486711,0.47533980300325396
4,2,607790.1146724075,0.16239999,2.4869783,0.47556519922979
4,2,607795.1148662977,0.16239999,2.4870358,0.4757905926893791
4,2,607800.1150601879,0.16239999,2.4872456,0.47601598353688407
4,2,607805.1152540781,0.16239999,2.487322,0.4762413712438054
4,2,607810.1154479682,0.16239999,2.4873793,0.47646676336792926
4,2,607815.1156418584,0.16239999,2.4873028,0.4766921569689569
4,2,607820.1158357486,0.16239999,2.4875894,0.4769175501162988
4,2,607825.1160296388,0.16239999,2.4874747,0.47714294150629627
4,2,607830.116223529,0.16239999,2.4876084,0.47736833552523605
4,2,607835.1164174192,0.16239999,2.4876657,0.4775937289988927
4,2,607840.1166113093,0.16239999,2.487761,0.4778191227466984
4,2,607845.1168051995,0.16239999,2.487933,0.47804451793770314
4,2,607850.1169990897,0.16239999,2.4880664,0.47826991242759
4,2,607855.1171929804,0.16239999,2.487933,0.47849530756290576
4,2,607860.1173868706,0.16239999,2.4882765,0.47872070147565904
4,2,607865.1175807612,0.16239999,2.4883146,0.4789460931628511
4,2,607870.1177746519,0.16239999,2.4884675,0.4791714832241633
4,2,607875.1179685425,0.16239999,2.4885247,0.479396876440289
4,2,607880.1181624332,0.16239999,2.4887347,0.4796222696403901
4,2,607885.1183563238,0.16239999,2.4886966,0.4798476646981495
4,2,607890.1185502145,0.16239999,2.4887729,0.4800730581864233
4,2,607895.1187441051,0.16239999,2.4889064,0.4802984478925101
4,2,607900.1189379958,0.16239999,2.4890974,0.48052383814575755
4,2,607905.1191318864,0.16239999,2.4890783,0.4807492291528134
4,2,607910.119325777,0.16239999,2.4891164,0.480974617434023
4,2,607915.1195196677,0.16239999,2.4892502,0.48120000806613417
4,2,607920.1197135583,0.16239999,2.4893646,0.4814253998767881
4,2,607925.119907449,0.16239999,2.4895747,0.4816507882025323
4,2,607930.1201013396,0.16239999,2.4897466,0.4818761770204677
4,2,607935.1202952303,0.16239999,2.4897466,0.4821015702485689
4,2,607940.120489121,0.16239999,2.490052,0.482326964304
4,2,607945.1206830116,0.16239999,2.490071,0.4825523574592958
4,2,607950.1208769022,0.16239999,2.4900901,0.48277775052535765
4,2,607955.1210707929,0.16239999,2.4902809,0.4830031442693619
4,2,607960.1212646833,0.16239999,2.4902046,0.4832285384683036
4,2,607965.1214585737,0.16239999,2.4903955,0.4834539319551022
4,2,607970.1216524641,0.16239999,2.4904146,0.48367932754757237
4,2,607975.1218463546,0.16239999,2.4906437,0.4839047229337326
4,2,607980.122040245,0.16239999,2.490529,0.48413011932331884
4,2,607985.1222341354,0.16239999,2.4907582,0.4843555143457343
4,2,607990.1224280258,0.16239999,2.49093,0.48458090918805846
4,2,607995.1226219162,0.16239999,2.490892,0.48480630326965846
4,2,608000.1228158067,0.16239999,2.491121,0.4850316982516628
4,2,608005.1230096971,0.16239999,2.4911783,0.48525709414448326
4,2,608010.1232035876,0.16239999,2.4914074,0.4854824883484094
4,2,608015.1233974781,0.16239999,2.4914265,0.4857078835051837
4,2,608020.1235913687,0.16239999,2.4914837,0.48593327806121844
4,2,608025.1237852587,0.16239999,2.4915218,0.48615867069488833
4,2,608030.1239791493,0.16239999,2.491732,0.48638406409187024
4,2,608035.1241730398,0.16239999,2.4916172,0.48660945924267407
4,2,608040.1243669303,0.16239999,2.4918845,0.48683485617895245
4,2,608045.1245608209,0.16239999,2.4921136,0.4870602533723512
4,2,608050.1247547114,0.16239999,2.4920373,0.48728564973442906
4,2,608055.1249486019,0.16239999,2.4923236,0.48751104605154844
4,2,608060.1251424925,0.16239999,2.4923809,0.4877364435015145
4,2,608065.125336383,0.16239999,2.4924,0.4879618392003897
4,2,608070.1255302734,0.16239999,2.4925337,0.4881872357602333
4,2,608075.1257241641,0.16239999,2.4926863,0.48841263247010014
4,2,608080.1259180545,0.16239999,2.4927437,0.4886380265234161
4,2,608085.126111945,0.16239999,2.492801,0.48886342085017
4,2,608090.1263058356,0.16239999,2.492992,0.48908881424062184
4,2,608095.1264997261,0.16239999,2.4929154,0.48931420659830566
4,2,608100.1266936169,0.16239999,2.4931064,0.4895395980367046
4,2,608105.1268875074,0.16239999,2.4932017,0.48976499428548725
4,2,608110.1270813979,0.16239999,2.4933927,0.4899903919712038
4,2,608115.1272752883,0.16239999,2.493469,0.49021578959143886
4,2,608120.1274691788,0.16239999,2.493488,0.49044118767347417
4,2,608125.1276630692,0.16239999,2.4937553,0.49066658451147194
4,2,608130.1278569596,0.16239999,2.4939845,0.49089198026026765
4,2,608135.12805085,0.16239999,2.49387,0.49111737840493086
4,2,608140.1282447402,0.16239999,2.4940035,0.4913427771932903
4,2,608145.1284386306,0.16239999,2.4942136,0.4915681747937639
4,2,608150.128632521,0.16239999,2.4941945,0.4917935695007988
4,2,608155.1288264114,0.16239999,2.4942517,0.49201896098023634
4,2,608160.1290203021,0.16239999,2.4944618,0.4922443541119072
4,2,608165.1292141927,0.16239999,2.4944236,0.49246975198760445
4,2,608170.1294080834,0.16239999,2.4946144,0.4926951492109016
4,2,608175.129601974,0.16239999,2.4945762,0.492920545411248
4,2,608180.1297958647,0.16239999,2.4945762,0.4931459422469535
4,2,608185.1299897553,0.16239999,2.494748,0.4933713373632107
4,2,608190.1301836455,0.16239999,2.494748,0.49359673213057126
4,2,608195.1303775362,0.16239999,2.49471,0.49382213010608395
4,2,608200.1305714268,0.16239999,2.4949772,0.4940475279921168
4,2,608205.1307653175,0.16239999,2.4950726,0.4942729245904915
4,2,608210.1309592081,0.16239999,2.495149,0.4944983204083119
4,2,608215.1311530988,0.16239999,2.4954162,0.4947237133710259
4,2,608220.1313469894,0.16239999,2.495359,0.494949107482713
4,2,608225.1315408801,0.16239999,2.4955118,0.4951745040764443
4,2,608230.1317347707,0.16239999,2.4954927,0.49539990013027096
4,2,608235.1319286614,0.16239999,2.4956644,0.4956252922819951
4,2,608240.132122552,0.16239999,2.49576,0.4958506858751963
4,2,608245.1323164427,0.16239999,2.4958553,0.4960760804333206
4,2,608250.1325103333,0.16239999,2.4959126,0.49630147826762655
4,2,608255.132704224,0.16239999,2.495989,0.49652687818421914
4,2,608260.1328981146,0.16239999,2.4960654,0.49675227957959384
4,2,608265.1330920048,0.16239999,2.4963517,0.4969776769798091
4,2,608270.133285895,0.16239999,2.4964852,0.497203076328612
4,2,608275.1334797852,0.16239999,2.4965427,0.4974284740822919
4,2,608280.1336736754,0.16239999,2.4965236,0.49765387072531214
4,2,608285.1338675655,0.16239999,2.496829,0.4978792665657641
4,2,608290.1340614557,0.16239999,2.4968863,0.4981046645052151
4,2,608295.1342553459,0.16239999,2.4969625,0.4983300632797016
4,2,608300.1344492361,0.16239999,2.4970582,0.49855546031364795
4,2,608305.1346431263,0.16239999,2.4970772,0.4987808553555988
4,2,608310.1348370165,0.16239999,2.497287,0.49900625061333337
4,2,608315.1350309066,0.16239999,2.497497,0.4992316499645527
4,2,608320.1352247968,0.16239999,2.4973826,0.49945704969333354
4,2,608325.135418687,0.16239999,2.4975352,0.4996824473596198
4,2,608330.1356125772,0.16239999,2.4975734,0.4999078450969192
4,2,608335.1358064674,0.16239999,2.4978025,0.500133240466127
4,2,608340.1360003576,0.16239999,2.4979362,0.5003586354265313
4,2,608345.1361942478,0.16239999,2.4979935,0.500584028259765
4,2,608350.1363881379,0.16239999,2.4980698,0.5008094246802
4,2,608355.1365820281,0.16239999,2.4980125,0.5010348232420658
4,2,608360.1367759183,0.16239999,2.498337,0.501260221018355
4,2,608365.1369698085,0.16239999,2.4986043,0.5014856183725861
4,2,608370.1371636987,0.16239999,2.4984899,0.501711014859149
4,2,608375.1373575889,0.16239999,2.4984899,0.5019364109802006
4,2,608380.137551479,0.16239999,2.498547,0.5021618103604292
4,2,608385.1377453692,0.16239999,2.498738,0.5023872112470293
4,2,608390.1379392594,0.16239999,2.4988525,0.5026126079682252
4,2,608395.1381331496,0.16239999,2.4989862,0.50283800265379
4,2,608400.1383270398,0.16239999,2.4989862,0.5030633973860591
4,2,608405.13852093,0.16239999,2.4989672,0.503288794376533
4,2,608410.1387148201,0.16239999,2.4992535,0.5035141875769693
4,2,608415.1389087103,0.16239999,2.499158,0.503739581490913
4,2,608420.1391026005,0.16239999,2.4994633,0.5039649731618528
4,2,608425.1392964907,0.16239999,2.4995208,0.5041903653747604
4,2,608430.1394903809,0.16239999,2.4994633,0.5044157577327654
4,2,608435.1396842711,0.16239999,2.4998262,0.5046411502356354
4,2,608440.1398781613,0.16239999,2.4999406,0.504866541196457
4,2,608445.1400720514,0.16239999,2.4999216,0.5050919328655002
4,2,608450.1402659416,0.16239999,2.4999597,0.5053173232685516
4,2,608455.1404598318,0.16239999,2.5000935,0.5055427102553205
4,2,608460.140653722,0.16239999,2.5003035,0.5057680993966185
4,2,608465.1408476122,0.16239999,2.5003417,0.5059934905944903
4,2,608470.1410415024,0.16239999,2.5005898,0.5062188844290919
4,2,608475.1412353925,0.16239999,2.5007615,0.5064442766275452
4,2,608480.1414292827,0.16239999,2.5007806,0.5066696673756801
4,2,608485.1416231729,0.16239999,2.5007424,0.5068950550539291
4,2,608490.1418170631,0.16239999,2.5010097,0.5071204446054188
4,2,608495.1420109533,0.16239999,2.501105,0.5073458321226434
4,2,608500.1422048435,0.16239999,2.501468,0.5075712214139373
4,2,608505.1423987336,0.16239999,2.5013916,0.5077966093437618
4,2,608510.1425926238,0.16239999,2.501506,0.5080219977640199
4,2,608515.142786514,0.16239999,2.501659,0.5082473891850615
4,2,608520.1429804042,0.16239999,2.5017543,0.5084727828872913
4,2,608525.1431742944,0.16239999,2.501926,0.5086981746113388
4,2,608530.1433681846,0.16239999,2.5018878,0.508923565670557
4,2,608535.1435620748,0.16239999,2.5020978,0.5091489588684097
4,2,608540.1437559649,0.16239999,2.5021932,0.5093743516145354
4,2,608545.1439498551,0.16239999,2.5022888,0.509599746157472
4,2,608550.1441437453,0.16239999,2.5024414,0.5098251413220918
4,2,608555.1443376355,0.16239999,2.502537,0.5100505351036702
4,2,608560.1445315257,0.16239999,2.5026705,0.5102759306992042
4,2,608565.1447254159,0.16239999,2.5028424,0.5105013265587205
4,2,608570.144919306,0.16239999,2.5027277,0.5107267214189294
4,2,608575.1451131962,0.16239999,2.5028234,0.5109521174397218
4,2,608580.1453070864,0.16239999,2.5028424,0.5111775144120577
4,2,608585.1455009766,0.16239999,2.5030525,0.5114029107924681
4,2,608590.1456948668,0.16239999,2.5032432,0.5116283077479028
4,2,608595.145888757,0.16239999,2.503606,0.511853708991399
4,2,608600.1460826471,0.16239999,2.503587,0.5120791075621088
4,2,608605.1462765373,0.16239999,2.5036824,0.5123045031034812
4,2,608610.1464704275,0.16239999,2.5037396,0.5125298977232797
4,2,608615.1466643177,0.16239999,2.5038352,0.512755295840658
4,2,608620.1468582079,0.16239999,2.5039496,0.5129806948722806
4,2,608625.1470520981,0.16239999,2.5040832,0.5132060927463072
4,2,608630.1472459882,0.16239999,2.5041597,0.5134314928034162
4,2,608635.1474398784,0.16239999,2.5043123,0.5136568931176627
4,2,608640.1476337686,0.16239999,2.504217,0.513882291976945
4,2,608645.1478276588,0.16239999,2.5044842,0.5141076892737421
4,2,608650.148021549,0.16239999,2.5045795,0.5143330870490767
4,2,608655.1482154392,0.16239999,2.5047896,0.5145584849343711
4,2,608660.1484093294,0.16239999,2.5048087,0.5147838833531726
4,2,608665.1486032195,0.16239999,2.5049424,0.5150092800693542
4,2,608670.1487971097,0.16239999,2.5051332,0.5152346758625397
4,2,608675.1489909999,0.16239999,2.505095,0.5154600725224984
4,2,608680.1491848901,0.16239999,2.5053241,0.5156854685791322
4,2,608685.1493787803,0.16239999,2.5053241,0.5159108663040687
4,2,608690.1495726705,0.16239999,2.5054386,0.5161362650948785
4,2,608695.1497665606,0.16239999,2.5054195,0.5163616619649544
4,2,608700.1499604508,0.16239999,2.5055532,0.5165870605133976
4,2,608705.150154341,0.16239999,2.5056677,0.5168124622617709
4,2,608710.1503482312,0.16239999,2.5058205,0.5170378643832039
4,2,608715.1505421214,0.16239999,2.5058205,0.5172632633204772
4,2,608720.1507360116,0.16239999,2.5059924,0.5174886571593448
4,2,608725.1509299017,0.16239999,2.5062788,0.5177140554664919
4,2,608730.1511237919,0.16239999,2.5061831,0.5179394514757077
4,2,608735.1513176821,0.16239999,2.5064504,0.5181648480574651
4,2,608740.1515115723,0.16239999,2.5065076,0.5183902446699479
4,2,608745.1517054625,0.16239999,2.506546,0.5186156394333084
4,2,608750.1518993527,0.16239999,2.5067177,0.5188410409888523
4,2,608755.1520932429,0.16239999,2.5068514,0.5190664399797732
4,2,608760.152287133,0.16239999,2.5068705,0.519291839781088
4,2,608765.1524810232,0.16239999,2.5071568,0.5195172414608736
4,2,608770.1526749134,0.16239999,2.5072331,0.5197426438908691
4,2,608775.1528688036,0.16239999,2.5072331,0.5199680456198411
4,2,608780.1530626938,0.16239999,2.507386,0.5201934501037332
4,2,608785.153256584,0.16239999,2.5074623,0.5204188519527646
4,2,608790.1534504741,0.16239999,2.5077486,0.520644252384982
4,2,608795.1536443643,0.16239999,2.507615,0.5208696520637836
4,2,608800.1538382545,0.16239999,2.5079205,0.5210950529880117
4,2,608805.1540321447,0.16239999,2.5079205,0.5213204548478639
4,2,608810.1542260349,0.16239999,2.5079396,0.5215458542493051
4,2,608815.1544199251,0.16239999,2.508035,0.5217712521721182
4,2,608820.1546138152,0.16239999,2.5081494,0.5219966527249597
4,2,608825.1548077054,0.16239999,2.5083213,0.5222220518044232
4,2,608830.1550015956,0.16239999,2.5083785,0.5224474522517686
4,2,608835.1551954858,0.16239999,2.5085695,0.5226728511075616
4,2,608840.155389376,0.16239999,2.5085123,0.5228982490166093
4,2,608845.1555832662,0.16239999,2.508684,0.5231236458603763
4,2,608850.1557771564,0.16239999,2.508913,0.5233490430110542
4,2,608855.1559710465,0.16239999,2.508875,0.5235744390337689
4,2,608860.1561649367,0.16239999,2.5091422,0.5237998343427428
4,2,608865.1563588269,0.16239999,2.509085,0.5240252335212726
4,2,608870.1565527171,0.16239999,2.509314,0.5242506383710577
4,2,608875.1567466073,0.16239999,2.5093522,0.5244760403947498
4,2,608880.1569404975,0.16239999,2.5094857,0.5247014418165625
4,2,608885.1571343876,0.16239999,2.5095432,0.5249268453522506
4,2,608890.1573282778,0.16239999,2.5096004,0.5251522474137446
4,2,608895.157522168,0.16239999,2.5098867,0.5253776497944991
4,2,608900.1577160582,0.16239999,2.5098867,0.5256030514603928
4,2,608905.1579099484,0.16239999,2.5100586,0.5258284521770527
4,2,608910.1581038386,0.16239999,2.5100586,0.5260538517918703
4,2,608915.1582977287,0.16239999,2.5100777,0.5262792544041582
4,2,608920.1584916189,0.16239999,2.5104213,0.5265046552417345
4,2,608925.1586855091,0.16239999,2.5106122,0.5267300549438969
4,2,608930.1588793993,0.16239999,2.5105739,0.5269554567450675
4,2,608935.1590732895,0.16239999,2.510784,0.5271808580901798
4,2,608940.1592671797,0.16239999,2.510784,0.5274062594755459
4,2,608945.1594610699,0.16239999,2.510784,0.5276316572458488
4,2,608950.15965496,0.16239999,2.510975,0.5278570560206026
4,2,608955.1598488502,0.16239999,2.5111468,0.5280824552004627
4,2,608960.1600427404,0.16239999,2.5110893,0.5283078534669048
4,2,608965.1602366306,0.16239999,2.5113757,0.5285332514933438
4,2,608970.1604305208,0.16239999,2.5114331,0.5287586510366731
4,2,608975.160624411,0.16239999,2.5115666,0.5289840508232373
4,2,608980.1608183011,0.16239999,2.5116813,0.5292094510153846
4,2,608985.1610121913,0.16239999,2.5119486,0.5294348518541397
4,2,608990.1612060815,0.16239999,2.5121584,0.529660251181634
4,2,608995.1613999717,0.16239999,2.5121393,0.5298856474873813
4,2,609000.1615938619,0.16239999,2.512273,0.5301110446677026
4,2,609005.1617877521,0.16239999,2.5123684,0.5303364420070102
4,2,609010.1619816422,0.16239999,2.5126166,0.530561840465102
4,2,609015.1621755324,0.16239999,2.5126548,0.5307872406603049
4,2,609020.1623694226,0.16239999,2.5127885,0.5310126405691638
4,2,609025.1625633128,0.16239999,2.5128267,0.5312380404104384
4,2,609030.162757203,0.16239999,2.5129602,0.5314634404710731
4,2,609035.1629510932,0.16239999,2.513113,0.5316888392083704
4,2,609040.1631449834,0.16239999,2.5131512,0.5319142416720251
4,2,609045.1633388735,0.16239999,2.5134566,0.5321396396419605
4,2,609050.1635327637,0.16239999,2.5135713,0.5323650395005446
4,2,609055.1637266539,0.16239999,2.5134375,0.5325904384274327
4,2,609060.1639205441,0.16239999,2.5135903,0.5328158374851745
4,2,609065.1641144343,0.16239999,2.5138576,0.5330412361393125
4,2,609070.1643083245,0.16239999,2.513762,0.5332666349504724
4,2,609075.1645022146,0.16239999,2.5140483,0.5334920383853037
4,2,609080.1646961048,0.16239999,2.5138958,0.533717440885977
4,2,609085.164889995,0.16239999,2.5140865,0.5339428455451927
4,2,609090.1650838852,0.16239999,2.514182,0.5341682485736725
4,2,609095.1652777754,0.16239999,2.5143347,0.5343936499168915
4,2,609100.1654716656,0.16239999,2.5143538,0.5346190520092473
4,2,609105.1656655557,0.16239999,2.5144684,0.5348444524332865
4,2,609110.1658594459,0.16239999,2.5147548,0.5350698521983699
4,2,609115.1660533361,0.16239999,2.514831,0.5352952532737885
4,2,609120.1662472263,0.16239999,2.514984,0.535520653272195
4,2,609125.1664411165,0.16239999,2.5150983,0.5357460545564385
4,2,609130.1666350067,0.16239999,2.515194,0.5359714540699961
4,2,609135.1668288969,0.16239999,2.515232,0.5361968537230128
4,2,609140.167022787,0.16239999,2.515461,0.536422255790559
4,2,609145.1672166772,0.16239999,2.5155756,0.5366476571359793
4,2,609150.1674105674,0.16239999,2.5157857,0.536873057808098
4,2,609155.1676044576,0.16239999,2.5157857,0.5370984602834038
4,2,609160.1677983478,0.16239999,2.5159383,0.5373238608189203
4,2,609165.167992238,0.16239999,2.516053,0.5375492624168771
4,2,609170.1681861281,0.16239999,2.5162055,0.5377746654172127
4,2,609175.1683800183,0.16239999,2.5163393,0.5380000710036558
4,2,609180.1685739085,0.16239999,2.5163012,0.538225475267821
4,2,609185.1687677987,0.16239999,2.5165493,0.5384508788494395
4,2,609190.1689616889,0.16239999,2.5165875,0.5386762829233733
4,2,609195.1691555791,0.16239999,2.5168357,0.5389016876709282
4,2,609200.1693494692,0.16239999,2.516931,0.5391270918204779
4,2,609205.1695433594,0.16239999,2.5170836,0.5393524954134485
4,2,609210.1697372496,0.16239999,2.5171602,0.5395778967705239
4,2,609215.1699311398,0.16239999,2.5172746,0.5398032984758544
4,2,609220.17012503,0.16239999,2.5173128,0.5400286991283839
4,2,609225.1703189202,0.16239999,2.517542,0.5402541002215192
4,2,609230.1705128103,0.16239999,2.517561,0.5404795012078388
4,2,609235.1707067005,0.16239999,2.5176375,0.5407049016672666
4,2,609240.1709005907,0.16239999,2.5178092,0.5409303029300466
4,2,609245.1710944809,0.16239999,2.5178473,0.5411557070613002
4,2,609250.1712883711,0.16239999,2.5180192,0.5413811116287365
4,2,609255.1714822613,0.16239999,2.5181146,0.5416065129395248
4,2,609260.1716761515,0.16239999,2.5181336,0.5418319136834604
4,2,609265.1718700416,0.16239999,2.5182102,0.542057313378976
4,2,609270.1720639318,0.16239999,2.5183437,0.5422827140863641
4,2,609275.172257822,0.16239999,2.518592,0.5425081171439856
4,2,609280.1724517122,0.16239999,2.5186682,0.5427335186964302
4,2,609285.1726456024,0.16239999,2.518802,0.5429589202958937
4,2,609290.1728394926,0.16239999,2.5189164,0.543184319945012
4,2,609295.1730333827,0.16239999,2.519031,0.5434097186295758
4,2,609300.1732272729,0.16239999,2.5191264,0.5436351187960178
4,2,609305.1734211631,0.16239999,2.5192983,0.5438605192862239
4,2,609310.1736150533,0.16239999,2.5195847,0.5440859210329357
4,2,609315.1738089435,0.16239999,2.519489,0.5443113259981295
4,2,609320.1740028337,0.16239999,2.519451,0.5445367277304095
4,2,609325.1741967238,0.16239999,2.5197754,0.5447621281910476
4,2,609330.174390614,0.16239999,2.5200236,0.5449875298857627
4,2,609335.1745845042,0.16239999,2.5201,0.5452129298542808
4,2,609340.1747783944,0.16239999,2.5202146,0.5454383309335821
4,2,609345.1749722846,0.16239999,2.520329,0.5456637310366775
4,2,609350.1751661748,0.16239999,2.5203674,0.5458891324889183
4,2,609355.175360065,0.16239999,2.520501,0.5461145342398703
4,2,609360.1755539551,0.16239999,2.5208445,0.5463399315466114
4,2,609365.1757478453,0.16239999,2.5208828,0.5465653300923824
4,2,609370.1759417355,0.16239999,2.5210736,0.5467907281075777
4,2,609375.1761356257,0.16239999,2.5210545,0.5470161242913639
4,2,609380.1763295159,0.16239999,2.5210927,0.5472415203637773
4,2,609385.1765234061,0.16239999,2.5212646,0.5474669167395361
4,2,609390.1767172962,0.16239999,2.5214365,0.5476923142872372
4,2,609395.1769111864,0.16239999,2.5214365,0.5479177118048595
4,2,609400.1771050766,0.16239999,2.5219135,0.5481431086473847
4,2,609405.1772989668,0.16239999,2.52178,0.5483685063274008
4,2,609410.177492857,0.16239999,2.521761,0.5485939034661528
4,2,609415.1776867472,0.16239999,2.5220473,0.5488192995620603
4,2,609420.1778806373,0.16239999,2.5223527,0.5490446980463103
4,2,609425.1780745275,0.16239999,2.5223336,0.5492700947444731
4,2,609430.1782684177,0.16239999,2.5225437,0.5494954895564568
4,2,609435.1784623079,0.16239999,2.5224671,0.549720884575709
4,2,609440.1786561981,0.16239999,2.5225246,0.5499462799572151
4,2,609445.1788500883,0.16239999,2.5228872,0.5501716756905045
4,2,609450.1790439785,0.16239999,2.5229826,0.5503970735917209
4,2,609455.1792378686,0.16239999,2.5231164,0.5506224699421022
4,2,609460.1794317588,0.16239999,2.5231736,0.5508478615995706
4,2,609465.179625649,0.16239999,2.523307,0.5510732537208963
4,2,609470.1798195397,0.16239999,2.523479,0.5512986483522225
4,2,609475.1800134303,0.16239999,2.5236127,0.5515240435402271
4,2,609480.180207321,0.16239999,2.5238035,0.5517494399206533
4,2,609485.1804012116,0.16239999,2.5239182,0.5519748358061779
4,2,609490.1805951023,0.16239999,2.5239563,0.5522002312701363
4,2,609495.1807889929,0.16239999,2.5242808,0.5524256271544945
4,2,609500.1809828836,0.16239999,2.5242808,0.5526510250227387
4,2,609505.1811767742,0.16239999,2.5244718,0.5528764216123118
4,2,609510.1813706649,0.16239999,2.5244718,0.5531018180637469
4,2,609515.1815645555,0.16239999,2.524739,0.5533272122096388
4,2,609520.1817584462,0.16239999,2.5248725,0.5535526065619292
4,2,609525.1819523368,0.16239999,2.5248725,0.5537780033132436
4,2,609530.1821462275,0.16239999,2.5249681,0.5540033983763947
4,2,609535.1823401181,0.16239999,2.5251207,0.5542287927410067
4,2,609540.1825340088,0.16239999,2.525369,0.5544541878879553
4,2,609545.1827278994,0.16239999,2.5253308,0.5546795800768148
4,2,609550.18292179,0.16239999,2.5254452,0.554904972934344
4,2,609555.1831156807,0.16239999,2.5257506,0.5551303641271437
4,2,609560.1833095714,0.16239999,2.5258844,0.5553557539697027
4,2,609565.183503462,0.16239999,2.526018,0.5555811422069961
4,2,609570.1836973524,0.16239999,2.5261898,0.5558065331486209
4,2,609575.1838912428,0.16239999,2.5263236,0.5560319237254678
4,2,609580.1840851328,0.16239999,2.526266,0.5562573138572601
4,2,609585.1842790232,0.16239999,2.5265524,0.5564827042370251
4,2,609590.1844729136,0.16239999,2.5266862,0.5567080968497158
4,2,609595.184666804,0.16239999,2.5269153,0.5569334926088446
4,2,609600.1848606945,0.16239999,2.5269916,0.5571588882543413
4,2,609605.1850545849,0.16239999,2.5271063,0.5573842830191182
4,2,609610.1852484753,0.16239999,2.527469,0.5576096783413343
4,2,609615.1854423657,0.16239999,2.5275261,0.5578350771359398
4,2,609620.1856362562,0.16239999,2.5277553,0.5580604757423627
4,2,609625.1858301468,0.16239999,2.5278316,0.5582858726109252
4,2,609630.1860240373,0.16239999,2.5277934,0.5585112657459878
4,2,609635.1862179278,0.16239999,2.5280225,0.5587366591670548
4,2,609640.1864118184,0.16239999,2.5279272,0.5589620534911928
4,2,609645.1866057089,0.16239999,2.5282707,0.5591874490032124
4,2,609650.1867995994,0.16239999,2.5284808,0.5594128455722318
4,2,609655.1869934902,0.16239999,2.5285952,0.5596382417839859
4,2,609660.1871873807,0.16239999,2.5287862,0.559863639603524
4,2,609665.1873812713,0.16239999,2.5288434,0.5600890363883395
4,2,609670.1875751618,0.16239999,2.5289578,0.5603144331197584
4,2,609675.1877690523,0.16239999,2.528977,0.5605398284538176
4,2,609680.1879629429,0.16239999,2.529168,0.5607652228828084
4,2,609685.1881568334,0.16239999,2.5294352,0.5609906171412355
4,2,609690.1883507238,0.16239999,2.529569,0.5612160126760564
4,2,609695.1885446142,0.16239999,2.5296643,0.5614414091301166
4,2,609700.1887385048,0.16239999,2.5299315,0.5616668073066071
4,2,609705.1889323953,0.16239999,2.5301034,0.5618922077656028
4,2,609710.1891262858,0.16239999,2.5302942,0.5621176077554834
4,2,609715.1893201764,0.16239999,2.530275,0.5623430069127707
4,2,609720.1895140668,0.16239999,2.5303133,0.5625684036753388
4,2,609725.1897079572,0.16239999,2.5305042,0.562793799664376
4,2,609730.1899018476,0.16239999,2.5306187,0.5630191942536992
4,2,609735.190095738,0.16239999,2.5306952,0.5632445861459974
4,2,609740.1902896285,0.16239999,2.5308287,0.5634699781201088
4,2,609745.1904835184,0.16239999,2.5310006,0.5636953708065404
4,2,609750.1906774088,0.16239999,2.531268,0.5639207619938126
4,2,609755.1908712992,0.16239999,2.531325,0.5641461508417713
4,2,609760.1910651897,0.16239999,2.5314589,0.5643715392072081
4,2,609765.1912590801,0.16239999,2.5316305,0.5645969277297461
4,2,609770.1914529707,0.16239999,2.5316687,0.5648223174280843
4,2,609775.1916468614,0.16239999,2.5316496,0.5650477047741649
4,2,609780.191840752,0.16239999,2.5318978,0.5652730932874369
4,2,609785.1920346427,0.16239999,2.5322413,0.5654984804752937
4,2,609790.1922285333,0.16239999,2.5322413,0.5657238674087761
4,2,609795.192422424,0.16239999,2.5324323,0.5659492561134783
4,2,609800.1926163146,0.16239999,2.5324514,0.5661746459102437
4,2,609805.1928102053,0.16239999,2.5327187,0.5664000344384335
4,2,609810.1930040959,0.16239999,2.5328333,0.5666254202420452
4,2,609815.1931979866,0.16239999,2.5330625,0.5668508046219288
4,2,609820.1933918772,0.16239999,2.533177,0.5670761888142797
4,2,609825.1935857679,0.16239999,2.5333295,0.5673015733876077
4,2,609830.1937796585,0.16239999,2.533406,0.5675269579375872
4,2,609835.1939735492,0.16239999,2.5335586,0.5677523417803171
4,2,609840.1941674398,0.16239999,2.5336542,0.5679777293492313
4,2,609845.1943613305,0.16239999,2.5338833,0.5682031135450724
4,2,609850.1945552211,0.16239999,2.534074,0.5684284973764194
4,2,609855.1947491118,0.16239999,2.5341697,0.5686538843313694
4,2,609860.1949430024,0.16239999,2.534456,0.5688792719324842
4,2,609865.1951368931,0.16239999,2.5345895,0.5691046586281424
4,2,609870.1953307837,0.16239999,2.5347424,0.5693300451224445
4,2,609875.1955246739,0.16239999,2.5348186,0.5695554302676715
4,2,609880.1957185641,0.16239999,2.5349715,0.5697808153346535
4,2,609885.1959124543,0.16239999,2.5350668,0.5700062022401209
4,2,609890.1961063445,0.16239999,2.5353532,0.570231590152237
4,2,609895.1963002346,0.16239999,2.5353913,0.5704569788919975
4,2,609900.1964941248,0.16239999,2.5354867,0.5706823666587727
4,2,609905.196688015,0.16239999,2.5356967,0.5709077546855194
4,2,609910.1968819052,0.16239999,2.5356777,0.5711331425169299
4,2,609915.1970757954,0.16239999,2.5360596,0.5713585321747816
4,2,609920.1972696856,0.16239999,2.5360212,0.5715839209085486
4,2,609925.1974635758,0.16239999,2.5362694,0.5718093083915675
4,2,609930.1976574659,0.16239999,2.5365367,0.5720346969551144
4,2,609935.1978513561,0.16239999,2.5367467,0.5722600885463877
4,2,609940.1980452463,0.16239999,2.5367467,0.572485478266951
4,2,609945.1982391365,0.16239999,2.537014,0.5727108688359756
4,2,609950.1984330267,0.16239999,2.5371478,0.572936259515128
4,2,609955.1986269169,0.16239999,2.5372813,0.5731616491434093
4,2,609960.198820807,0.16239999,2.537434,0.5733870391685547
4,2,609965.1990146972,0.16239999,2.537644,0.5736124294728949
4,2,609970.1992085874,0.16239999,2.537854,0.5738378211982911
4,2,609975.1994024776,0.16239999,2.5380259,0.5740632115086266
4,2,609980.1995963678,0.16239999,2.5381784,0.5742885994483389
4,2,609985.199790258,0.16239999,2.538274,0.574513986757501
4,2,609990.1999841481,0.16239999,2.5384076,0.574739373552501
4,2,609995.2001780383,0.16239999,2.5383313,0.5749647608387808
4,2,610000.2003719285,0.16239999,2.5386176,0.5751901498565158
4,2,610005.2005658187,0.16239999,2.5387704,0.5754155392603897
4,2,610010.2007597089,0.16239999,2.5388658,0.5756409307833891
4,2,610015.2009535991,0.16239999,2.5392284,0.5758663194708051
4,2,610020.2011474892,0.16239999,2.5392666,0.5760917087750059
4,2,610025.2013413794,0.16239999,2.5394194,0.5763170961741231
4,2,610030.2015352696,0.16239999,2.5397058,0.5765424871422223
4,2,610035.2017291598,0.16239999,2.5398395,0.5767678773089677
4,2,610040.20192305,0.16239999,2.539992,0.5769932663784073
4,2,610045.2021169402,0.16239999,2.5400112,0.5772186552144517
4,2,610050.2023108304,0.16239999,2.5403547,0.5774440435917862
4,2,610055.2025047205,0.16239999,2.5403357,0.5776694298266077
4,2,610060.2026986107,0.16239999,2.540603,0.5778948149537854
4,2,610065.2028925009,0.16239999,2.5405838,0.578120202026611
4,2,610070.2030863911,0.16239999,2.5407176,0.5783455880853993
4,2,610075.2032802813,0.16239999,2.5409276,0.5785709735342077
4,2,610080.2034741715,0.16239999,2.5410802,0.5787963592132748
4,2,610085.2036680616,0.16239999,2.541233,0.5790217423190271
4,2,610090.2038619518,0.16239999,2.5413284,0.5792471261355525
4,2,610095.204055842,0.16239999,2.5413284,0.5794725117750446
4,2,610100.2042497322,0.16239999,2.5416148,0.5796978961502169
4,2,610105.2044436224,0.16239999,2.5417101,0.5799232829134461
4,2,610110.2046375126,0.16239999,2.541844,0.5801486676077641
4,2,610115.2048314027,0.16239999,2.541844,0.5803740532227603
4,2,610120.2050252929,0.16239999,2.5422637,0.58059943924641
4,2,610125.2052191831,0.16239999,2.5423021,0.5808248260609264
4,2,610130.2054130733,0.16239999,2.5424738,0.5810502145427114
4,2,610135.2056069635,0.16239999,2.5425885,0.5812756016314564
4,2,610140.2058008537,0.16239999,2.5427601,0.5815009906702651
4,2,610145.2059947439,0.16239999,2.5427983,0.5817263798417462
4,2,610150.206188634,0.16239999,2.5430274,0.5819517714856496
4,2,610155.2063825242,0.16239999,2.5429702,0.5821771622829773
4,2,610160.2065764144,0.16239999,2.5433137,0.5824025549563373
4,2,610165.2067703046,0.16239999,2.5433137,0.5826279458210846
4,2,610170.2069641948,0.16239999,2.5436,0.5828533352444665
4,2,610175.207158085,0.16239999,2.543772,0.5830787257913148
4,2,610180.2073519751,0.16239999,2.543963,0.5833041142155275
4,2,610185.2075458653,0.16239999,2.543982,0.5835295039418046
4,2,610190.2077397555,0.16239999,2.544192,0.5837548935693432
4,2,610195.2079336457,0.16239999,2.5443828,0.583980283493236
4,2,610200.2081275359,0.16239999,2.5444784,0.5842056733157597
4,2,610205.2083214261,0.16239999,2.544841,0.5844310627171815
4,2,610210.2085153162,0.16239999,2.5449364,0.5846564512559187
4,2,610215.2087092064,0.16239999,2.5449939,0.5848818407146735
4,2,610220.2089030966,0.16239999,2.5451846,0.5851072298262744
4,2,610225.2090969868,0.16239999,2.5452802,0.5853326198611611
4,2,610230.209290877,0.16239999,2.5452611,0.5855580110758853
4,2,610235.2094847672,0.16239999,2.5456429,0.5857833995501817
4,2,610240.2096786574,0.16239999,2.5457191,0.586008788959333
4,2,610245.2098725475,0.16239999,2.5459483,0.5862341779722086
4,2,610250.2100664377,0.16239999,2.5461965,0.5864595668811858
4,2,610255.2102603279,0.16239999,2.5463874,0.5866849537651317
4,2,610260.2104542181,0.16239999,2.546521,0.5869103423935061
4,2,610265.2106481083,0.16239999,2.5468073,0.5871357302815097
4,2,610270.2108419985,0.16239999,2.5468454,0.5873611190708116
4,2,610275.2110358886,0.16239999,2.5470173,0.5875865115140728
4,2,610280.2112297788,0.16239999,2.5471892,0.5878119025293276
4,2,610285.211423669,0.16239999,2.54738,0.5880372917817774
4,2,610290.2116175592,0.16239999,2.5475137,0.5882626826281574
4,2,610295.2118114494,0.16239999,2.5477428,0.5884880714998818
4,2,610300.2120053396,0.16239999,2.5479336,0.5887134617150858
4,2,610305.2121992297,0.16239999,2.5480483,0.5889388515307142
4,2,610310.2123931199,0.16239999,2.5481818,0.5891642428094597
4,2,610315.2125870101,0.16239999,2.548411,0.5893896344468637
4,2,610320.2127809003,0.16239999,2.5485828,0.5896150294438213
4,2,610325.2129747905,0.16239999,2.5487928,0.5898404256975586
4,2,610330.2131686807,0.16239999,2.5489264,0.5900658216091934
4,2,610335.2133625709,0.16239999,2.5489454,0.5902912153623618
4,2,610340.213556461,0.16239999,2.5492318,0.590516609386262
4,2,610345.2137503512,0.16239999,2.5493846,0.5907420030605653
4,2,610350.2139442414,0.16239999,2.5497854,0.5909673968194178
4,2,610355.2141381316,0.16239999,2.5498426,0.5911927920639954
4,2,610360.2143320218,0.16239999,2.5499954,0.5914181880526584
4,2,610365.214525912,0.16239999,2.5500908,0.591643584197859
4,2,610370.2147198021,0.16239999,2.5504537,0.591868980158065
4,2,610375.2149136923,0.16239999,2.550549,0.5920943757685291
4,2,610380.2151075825,0.16239999,2.55053,0.5923197706456127
4,2,610385.2153014727,0.16239999,2.550759,0.5925451668119572
4,2,610390.2154953629,0.16239999,2.5508735,0.5927705640786357
4,2,610395.2156892531,0.16239999,2.5509691,0.5929959595444112
4,2,610400.2158831432,0.16239999,2.5514653,0.5932213516954722
4,2,610405.2160770334,0.16239999,2.5515609,0.5934467467634538
4,2,610410.2162709236,0.16239999,2.5516372,0.5936721419379629
4,2,610415.2164648138,0.16239999,2.5519235,0.5938975357095815
4,2,610420.216658704,0.16239999,2.5522099,0.5941229291312538
4,2,610425.2168525942,0.16239999,2.5522099,0.5943483224832093
4,2,610430.2170464844,0.16239999,2.55242,0.5945737163786045
4,2,610435.2172403745,0.16239999,2.5525343,0.5947991110439483
4,2,610440.2174342647,0.16239999,2.5527062,0.595024505130782
4,2,610445.2176281549,0.16239999,2.5529544,0.5952499001719307
4,2,610450.2178220451,0.16239999,2.553279,0.5954752950825286
4,2,610455.2180159353,0.16239999,2.5533361,0.5957006900837057
4,2,610460.2182098255,0.16239999,2.5534127,0.5959260842321731
4,2,610465.2184037156,0.16239999,2.5537372,0.5961514786063259
4,2,610470.2185976058,0.16239999,2.5537753,0.5963768748788022
4,2,610475.218791496,0.16239999,2.5540807,0.5966022715568658
4,2,610480.2189853862,0.16239999,2.5542526,0.5968276695645494
4,2,610485.2191792764,0.16239999,2.554348,0.5970530694992146
4,2,610490.2193731666,0.16239999,2.5546916,0.5972784670639031
4,2,610495.2195670567,0.16239999,2.554749,0.597503863553328
4,2,610500.2197609469,0.16239999,2.5549972,0.5977292598997621
4,2,610505.2199548371,0.16239999,2.5552835,0.597954652020688
4,2,610510.2201487273,0.16239999,2.5553408,0.5981800437460949
4,2,610515.2203426175,0.16239999,2.5554934,0.5984054362353651
4,2,610520.2205365077,0.16239999,2.555608,0.5986308290447802
4,2,610525.2207303979,0.16239999,2.5557225,0.598856220121239
4,2,610530.220924288,0.16239999,2.5559897,0.5990816119222949
4,2,610535.2211181782,0.16239999,2.5561235,0.599307003798807
4,2,610540.2213120684,0.16239999,2.5564098,0.5995323971050698
4,2,610545.2215059586,0.16239999,2.5565815,0.5997577871596624
4,2,610550.2216998488,0.16239999,2.5567915,0.5999831781805474
4,2,610555.221893739,0.16239999,2.5569062,0.6002085663754378
4,2,610560.2220876291,0.16239999,2.5569634,0.6004339540827185
4,2,610565.2222815193,0.16239999,2.5571926,0.600659344216837
4,2,610570.2224754095,0.16239999,2.5573452,0.6008847334933771
4,2,610575.2226692997,0.16239999,2.5574214,0.6011101243632214
4,2,610580.2228631899,0.16239999,2.5577843,0.6013355147207539
4,2,610585.2230570801,0.16239999,2.557937,0.6015609054565118
4,2,610590.2232509702,0.16239999,2.5582426,0.6017862951485012
4,2,610595.2234448604,0.16239999,2.5582807,0.6020116833645729
4,2,610600.2236387506,0.16239999,2.5584524,0.6022370736636175
4,2,610605.2238326408,0.16239999,2.5588152,0.6024624618778894
4,2,610610.224026531,0.16239999,2.5588915,0.6026878477717832
4,2,610615.2242204212,0.16239999,2.5589678,0.6029132349358883
4,2,610620.2244143113,0.16239999,2.559197,0.6031386220929866
4,2,610625.2246082015,0.16239999,2.5593688,0.6033640093430896
4,2,610630.2248020917,0.16239999,2.559407,0.6035893975139297
4,2,610635.2249959819,0.16239999,2.5596552,0.6038147913920576
4,2,610640.2251898721,0.16239999,2.5598078,0.6040401854668387
4,2,610645.2253837623,0.16239999,2.560037,0.6042655777084822
4,2,610650.2255776525,0.16239999,2.5602279,0.6044909718370713
4,2,610655.2257715426,0.16239999,2.560476,0.6047163644743092
4,2,610660.2259654328,0.16239999,2.560476,0.6049417570599072
4,2,610665.226159323,0.16239999,2.5606668,0.605167149248111
4,2,610670.2263532132,0.16239999,2.560896,0.6053925386851995
4,2,610675.2265471034,0.16239999,2.5610487,0.6056179267193843
4,2,610680.2267409936,0.16239999,2.5612013,0.6058433154559916
4,2,610685.2269348837,0.16239999,2.5614495,0.6060687059258953
4,2,610690.2271287739,0.16239999,2.5614686,0.6062940965914282
4,2,610695.2273226641,0.16239999,2.5616596,0.6065194880847876
4,2,610700.2275165543,0.16239999,2.5619078,0.6067448808001937
4,2,610705.2277104445,0.16239999,2.5620987,0.6069702725404902
4,2,610710.2279043347,0.16239999,2.562175,0.6071956617957945
4,2,610715.2280982248,0.16239999,2.5624804,0.6074210492617145
4,2,610720.228292115,0.16239999,2.562385,0.6076464345480548
4,2,610725.2284860052,0.16239999,2.562824,0.6078718225865435
4,2,610730.2286798954,0.16239999,2.5630722,0.6080972136357224
4,2,610735.2288737856,0.16239999,2.563187,0.6083226033849556
4,2,610740.2290676758,0.16239999,2.5633204,0.6085479912005577
4,2,610745.229261566,0.16239999,2.5634923,0.6087733813588698
4,2,610750.2294554561,0.16239999,2.5634923,0.6089987717414288
4,2,610755.2296493463,0.16239999,2.5639505,0.6092241628595745
4,2,610760.2298432365,0.16239999,2.564084,0.6094495515373387
4,2,610765.2300371267,0.16239999,2.5642369,0.6096749419617054
4,2,610770.2302310169,0.16239999,2.564275,0.6099003329734212
4,2,610775.2304249071,0.16239999,2.5645232,0.6101257253275246
4,2,610780.2306187972,0.16239999,2.564695,0.6103511184093925
4,2,610785.2308126874,0.16239999,2.5650003,0.610576511204403
4,2,610790.2310065776,0.16239999,2.5650003,0.6108019047131387
4,2,610795.2312004678,0.16239999,2.5651913,0.6110272993354323
4,2,610800.231394358,0.16239999,2.5654585,0.6112526949282088
4,2,610805.2315882482,0.16239999,2.5658596,0.6114780895946744
4,2,610810.2317821383,0.16239999,2.5659168,0.6117034846520157
4,2,610815.2319760285,0.16239999,2.5660121,0.6119288794073734
4,2,610820.2321699187,0.16239999,2.5663366,0.612154274622845
4,2,610825.2323638089,0.16239999,2.5664895,0.6123796694831499
4,2,610830.2325576991,0.16239999,2.5665658,0.6126050635163063
4,2,610835.2327515893,0.16239999,2.5671194,0.6128304580968336
4,2,610840.2329454795,0.16239999,2.5671003,0.6130558527491398
4,2,610845.2331393696,0.16239999,2.5672722,0.6132812472506834
4,2,610850.2333332598,0.16239999,2.5673866,0.6135066425408645
4,2,610855.23352715,0.16239999,2.5678449,0.6137320337394383
4,2,610860.2337210402,0.16239999,2.5677686,0.6139574297755475
4,2,610865.2339149304,0.16239999,2.5679977,0.6141828248050261
4,2,610870.2341088206,0.16239999,2.5681503,0.6144082218920454
4,2,610875.2343027107,0.16239999,2.5683222,0.6146336170925959
4,2,610880.2344966009,0.16239999,2.5685704,0.6148590112329106
4,2,610885.2346904911,0.16239999,2.5688758,0.615084404444003
4,2,610890.2348843813,0.16239999,2.569124,0.6153098009818185
4,2,610895.2350782715,0.16239999,2.5692003,0.6155351953953121
4,2,610900.2352721617,0.16239999,2.5692956,0.6157605901026739
4,2,610905.2354660518,0.16239999,2.5694866,0.6159859851874632
4,2,610910.235659942,0.16239999,2.5698302,0.6162113812302704
4,2,610915.2358538322,0.16239999,2.5699449,0.616436776185105
4,2,610920.2360477224,0.16239999,2.5700784,0.616662169968772
4,2,610925.2362416126,0.16239999,2.570422,0.6168875636221871
4,2,610930.2364355028,0.16239999,2.5704412,0.617112959839131
4,2,610935.236629393,0.16239999,2.5707657,0.6173383571763209
4,2,610940.2368232831,0.16239999,2.571033,0.6175637523310529
4,2,610945.2370171733,0.16239999,2.5711856,0.6177891464664196
4,2,610950.2372110635,0.16239999,2.5714338,0.6180145456307337
4,2,610955.2374049537,0.16239999,2.5716057,0.6182399465904721
4,2,610960.2375988439,0.16239999,2.5718157,0.6184653462965038
4,2,610965.237792734,0.16239999,2.5719492,0.618690745051478
4,2,610970.2379866242,0.16239999,2.5721402,0.6189161429569676
4,2,610975.2381805144,0.16239999,2.5724456,0.6191415403281894
4,2,610980.2383744046,0.16239999,2.5726557,0.6193669371756849
4,2,610985.2385682948,0.16239999,2.5728083,0.619592334918343
4,2,610990.238762185,0.16239999,2.5730374,0.6198177323149994
4,2,610995.2389560752,0.16239999,2.5733237,0.6200431289017287
4,2,611000.2391499653,0.16239999,2.5734384,0.6202685238841901
4,2,611005.2393438555,0.16239999,2.5735338,0.6204939190527429
4,2,611010.2395377457,0.16239999,2.57382,0.6207193154459352
4,2,611015.2397316359,0.16239999,2.5738773,0.6209447137242899
4,2,611020.2399255261,0.16239999,2.5741446,0.6211701122019685
4,2,611025.2401194163,0.16239999,2.5743546,0.621395508880653
4,2,611030.2403133065,0.16239999,2.5745456,0.6216209025754197
4,2,611035.2405071966,0.16239999,2.5746791,0.6218462968194788
4,2,611040.2407010868,0.16239999,2.5749655,0.622071694459313
4,2,611045.240894977,0.16239999,2.5751374,0.6222970935011768
4,2,611050.2410888672,0.16239999,2.5752327,0.622522490746425
4,2,611055.2412827574,0.16239999,2.5754619,0.6227478881876797
4,2,611060.2414766476,0.16239999,2.5756528,0.6229732867558927
4,2,611065.2416705377,0.16239999,2.5757673,0.6231986856165576
4,2,611070.2418644279,0.16239999,2.5760918,0.6234240824021157
4,2,611075.2420583181,0.16239999,2.576359,0.6236494779038957
4,2,611080.2422522088,0.16239999,2.5765119,0.6238748743666781
4,2,611085.2424460994,0.16239999,2.5768363,0.6241002704894731
4,2,611090.24263999,0.16239999,2.5769126,0.6243256656753651
4,2,611095.2428338807,0.16239999,2.5770845,0.624551061676815
4,2,611100.2430277714,0.16239999,2.577409,0.6247764580848919
4,2,611105.243221662,0.16239999,2.5775428,0.6250018545867021
4,2,611110.2434155527,0.16239999,2.5776763,0.6252272513316165
4,2,611115.2436094433,0.16239999,2.5779626,0.6254526470352121
4,2,611120.243803334,0.16239999,2.5780964,0.6256780445344166
4,2,611125.2439972246,0.16239999,2.5783255,0.6259034423174906
4,2,611130.2441911153,0.16239999,2.5785162,0.6261288379682856
4,2,611135.2443850054,0.16239999,2.5786119,0.6263542323246646
4,2,611140.2445788961,0.16239999,2.5787835,0.6265796253666818
4,2,611145.2447727867,0.16239999,2.5791082,0.6268050201750693
4,2,611150.2449666774,0.16239999,2.579509,0.6270304129874025
4,2,611155.245160568,0.16239999,2.5795853,0.6272558076131622
4,2,611160.2453544587,0.16239999,2.5798907,0.6274812052969929
4,2,611165.2455483493,0.16239999,2.5800436,0.6277066004003837
4,2,611170.24574224,0.16239999,2.58033,0.6279319944879599
4,2,611175.2459361306,0.16239999,2.5806162,0.6281573897466937
4,2,611180.246130021,0.16239999,2.5808072,0.6283827864681801
4,2,611185.2463239115,0.16239999,2.5809407,0.6286081793538303
4,2,611190.2465178019,0.16239999,2.5810935,0.6288335737775684
4,2,611195.2467116923,0.16239999,2.5813417,0.6290589690441353
4,2,611200.2469055827,0.16239999,2.5816662,0.629284361185205
4,2,611205.2470994731,0.16239999,2.5817807,0.6295097533531275
4,2,611210.2472933638,0.16239999,2.5817807,0.629735145682865
4,2,611215.2474872542,0.16239999,2.582239,0.6299605407515652
4,2,611220.2476811446,0.16239999,2.582487,0.6301859360029486
4,2,611225.247875035,0.16239999,2.5827353,0.6304113303084948
4,2,611230.2480689256,0.16239999,2.5827925,0.6306367226376007
4,2,611235.2482628161,0.16239999,2.5829835,0.6308621187055727
4,2,611240.2484567066,0.16239999,2.5832508,0.6310875141303477
4,2,611245.2486505972,0.16239999,2.5834227,0.6313129095893175
4,2,611250.2488444876,0.16239999,2.5836325,0.6315383058461841
4,2,611255.2490383781,0.16239999,2.5838807,0.6317636993269544
4,2,611260.2492322687,0.16239999,2.5842435,0.6319890932768804
4,2,611265.2494261592,0.16239999,2.5842052,0.6322144879369674
4,2,611270.2496200497,0.16239999,2.5844533,0.6324398827241408
4,2,611275.2498139403,0.16239999,2.584587,0.6326652791549022
4,2,611280.2500078308,0.16239999,2.584778,0.6328906753498446
4,2,611285.2502017213,0.16239999,2.5851407,0.6331160733172262
4,2,611290.2503956119,0.16239999,2.585408,0.6333414693805904
4,2,611295.2505895023,0.16239999,2.5855415,0.6335668652256808
4,2,611300.2507833925,0.16239999,2.585847,0.6337922620406464
4,2,611305.2509772829,0.16239999,2.586095,0.634017656923289
4,2,611310.2511711734,0.16239999,2.5862098,0.6342430543124427
4,2,611315.251365064,0.16239999,2.586458,0.6344684508142164
4,2,611320.2515589545,0.16239999,2.5866678,0.6346938480800257
4,2,611325.251752845,0.16239999,2.5869734,0.6349192468237529
4,2,611330.2519467355,0.16239999,2.5870116,0.6351446428262211
4,2,611335.2521406261,0.16239999,2.5873742,0.6353700384338027
4,2,611340.2523345165,0.16239999,2.5877752,0.6355954346401965
4,2,611345.2525284069,0.16239999,2.5877562,0.6358208280908607
4,2,611350.2527222973,0.16239999,2.587966,0.6360462202411808
4,2,611355.2529161877,0.16239999,2.588157,0.6362716103563003
4,2,611360.2531100782,0.16239999,2.5884433,0.6364970035387693
4,2,611365.2533039686,0.16239999,2.588806,0.6367223967347063
4,2,611370.253497859,0.16239999,2.588806,0.6369477935553053
4,2,611375.2536917496,0.16239999,2.5889778,0.6371731882751767
4,2,611380.2538856401,0.16239999,2.5893023,0.6373985844917488
4,2,611385.2540795305,0.16239999,2.5894933,0.6376239796057765
4,2,611390.2542734211,0.16239999,2.5897605,0.6378493744297127
4,2,611395.2544673118,0.16239999,2.5898368,0.638074770238436
4,2,611400.2546612024,0.16239999,2.5901423,0.6383001670306268
4,2,611405.2548550931,0.16239999,2.5901232,0.6385255601593555
4,2,611410.2550489837,0.16239999,2.5905242,0.6387509528156263
4,2,611415.2552428744,0.16239999,2.5907342,0.6389763451355192
4,2,611420.255436765,0.16239999,2.5908296,0.6392017369612348
4,2,611425.2556306557,0.16239999,2.5910015,0.6394271296815127
4,2,611430.2558245463,0.16239999,2.591345,0.6396525244354813
4,2,611435.256018437,0.16239999,2.5916123,0.6398779181919098
4,2,611440.2562123276,0.16239999,2.5919178,0.6401033106355849
4,2,611445.2564062183,0.16239999,2.592185,0.6403287037204297
4,2,611450.2566001089,0.16239999,2.5922995,0.6405540975712687
4,2,611455.2567939996,0.16239999,2.5927005,0.6407794881452389
4,2,611460.2569878902,0.16239999,2.592624,0.6410048783519269
4,2,611465.2571817804,0.16239999,2.5929296,0.6412302667837756
4,2,611470.2573756711,0.16239999,2.5931394,0.6414556529440176
4,2,611475.2575695617,0.16239999,2.5933495,0.6416810413884653
4,2,611480.2577634524,0.16239999,2.5935977,0.6419064330038999
4,2,611485.257957343,0.16239999,2.593693,0.642131826802445
4,2,611490.2581512332,0.16239999,2.5939987,0.6423572194350751
4,2,611495.2583451234,0.16239999,2.594113,0.642582612100116
4,2,611500.2585390136,0.16239999,2.5944567,0.6428080076999225
4,2,611505.2587329037,0.16239999,2.5945714,0.6430334010451593
4,2,611510.2589267939,0.16239999,2.594953,0.6432587950710902
4,2,611515.2591206841,0.16239999,2.595144,0.643484189121132
4,2,611520.2593145743,0.16239999,2.595354,0.643709584770542
4,2,611525.2595084645,0.16239999,2.595602,0.6439349806311834
4,2,611530.2597023547,0.16239999,2.5956213,0.6441603750036367
4,2,611535.2598962449,0.16239999,2.5959268,0.6443857697879266
4,2,611540.260090135,0.16239999,2.5962894,0.6446111648524238
4,2,611545.2602840252,0.16239999,2.5965567,0.6448365583795085
4,2,611550.2604779154,0.16239999,2.596633,0.645061952288404
4,2,611555.2606718056,0.16239999,2.596862,0.6452873443434677
4,2,611560.2608656958,0.16239999,2.5971103,0.6455127376391837
4,2,611565.261059586,0.16239999,2.5971866,0.6457381299884294
4,2,611570.2612534761,0.16239999,2.5976448,0.6459635211785418
4,2,611575.2614473663,0.16239999,2.5978549,0.6461889102247472
4,2,611580.2616412565,0.16239999,2.5979884,0.6464143023216078
4,2,611585.2618351467,0.16239999,2.5983703,0.6466396945628796
4,2,611590.2620290369,0.16239999,2.598542,0.6468650843552904
4,2,611595.2622229271,0.16239999,2.5986948,0.6470904764971533
4,2,611600.2624168172,0.16239999,2.598962,0.6473158677381988
4,2,611605.2626107074,0.16239999,2.5991147,0.6475412606065256
4,2,611610.2628045976,0.16239999,2.5995157,0.6477666539440221
4,2,611615.2629984878,0.16239999,2.5996876,0.6479920468680792
4,2,611620.263192378,0.16239999,2.5997639,0.648217440488244
4,2,611625.2633862682,0.16239999,2.6000693,0.6484428343231562
4,2,611630.2635801584,0.16239999,2.6003175,0.6486682289973563
4,2,611635.2637740485,0.16239999,2.6005657,0.6488936250575764
4,2,611640.2639679387,0.16239999,2.6007373,0.6491190189324832
4,2,611645.2641618289,0.16239999,2.601062,0.6493444100191982
4,2,611650.2643557191,0.16239999,2.6012146,0.649569798858039
4,2,611655.2645496093,0.16239999,2.6013484,0.6497951880318364
4,2,611660.2647434995,0.16239999,2.6017492,0.6500205764004116
4,2,611665.2649373896,0.16239999,2.6019783,0.6502459658910192
4,2,611670.2651312798,0.16239999,2.602112,0.6504713539656317
4,2,611675.26532517,0.16239999,2.6025128,0.6506967423062382
4,2,611680.2655190602,0.16239999,2.6028183,0.6509221303471227
4,2,611685.2657129504,0.16239999,2.602971,0.6511475204380626
4,2,611690.2659068406,0.16239999,2.6032574,0.6513729103649597
4,2,611695.2661007307,0.16239999,2.6039064,0.6515982998021045
4,2,611700.2662946209,0.16239999,2.6040592,0.6518236886526849
4,2,611705.2664885111,0.16239999,2.6041355,0.6520490785908797
4,2,611710.2666824013,0.16239999,2.6045363,0.6522744695060401
4,2,611715.2668762915,0.16239999,2.6047082,0.6524998600672804
4,2,611720.2670701817,0.16239999,2.6049373,0.6527252511192724
4,2,611725.2672640719,0.16239999,2.605319,0.6529506403034153
4,2,611730.267457962,0.16239999,2.605338,0.6531760313332443
4,2,611735.2676518522,0.16239999,2.6056247,0.6534014245315548
4,2,611740.2678457424,0.16239999,2.6058345,0.6536268182854302
4,2,611745.2680396326,0.16239999,2.6060827,0.6538522116528275
4,2,611750.2682335228,0.16239999,2.6061974,0.654077607429548
4,2,611755.268427413,0.16239999,2.6063309,0.6543030020907535
4,2,611760.2686213031,0.16239999,2.606579,0.6545283962674793
4,2,611765.2688151933,0.16239999,2.6069226,0.654753790812166
4,2,611770.2690090835,0.16239999,2.60719,0.6549791860295433
4,2,611775.2692029737,0.16239999,2.6073809,0.6552045824323783
4,2,611780.2693968639,0.16239999,2.6076863,0.6554299771569403
4,2,611785.2695907541,0.16239999,2.6078582,0.6556553704576491
4,2,611790.2697846442,0.16239999,2.608049,0.655880768090988
4,2,611795.2699785344,0.16239999,2.608297,0.6561061639481094
4,2,611800.2701724246,0.16239999,2.6085835,0.6563315608811269
4,2,611805.2703663148,0.16239999,2.6089082,0.6565569559304629
4,2,611810.270560205,0.16239999,2.6091754,0.6567823528426784
4,2,611815.2707540952,0.16239999,2.6092708,0.6570077487819366
4,2,611820.2709479854,0.16239999,2.6095953,0.6572331461818092
4,2,611825.2711418755,0.16239999,2.6095953,0.6574585428658125
4,2,611830.2713357657,0.16239999,2.610149,0.6576839357659516
4,2,611835.2715296559,0.16239999,2.6102827,0.6579093285189848
4,2,611840.2717235461,0.16239999,2.6105309,0.6581347230460673
4,2,611845.2719174363,0.16239999,2.6108172,0.6583601184358072
4,2,611850.2721113265,0.16239999,2.6111226,0.6585855136207033
4,2,611855.2723052166,0.16239999,2.6113517,0.6588109082694704
4,2,611860.2724991068,0.16239999,2.6116953,0.6590363055596017
4,2,611865.272692997,0.16239999,2.6117525,0.6592617016389035
4,2,611870.2728868872,0.16239999,2.6121151,0.6594870973488047
4,2,611875.2730807774,0.16239999,2.6123252,0.6597124916249791
4,2,611880.2732746676,0.16239999,2.6127453,0.6599378864349107
4,2,611885.2734685577,0.16239999,2.6128979,0.660163282896775
4,2,611890.2736624479,0.16239999,2.6130507,0.6603886804671623
4,2,611895.2738563381,0.16239999,2.6132035,0.6606140809386302
4,2,611900.2740502283,0.16239999,2.6134706,0.6608394814321237
4,2,611905.2742441185,0.16239999,2.6139288,0.6610648786897009
4,2,611910.2744380087,0.16239999,2.6140435,0.6612902763856346
4,2,611915.2746318989,0.16239999,2.614158,0.6615156736202334
4,2,611920.274825789,0.16239999,2.6146162,0.6617410689565162
4,2,611925.2750196792,0.16239999,2.6149025,0.6619664637187466
4,2,611930.2752135694,0.16239999,2.615017,0.6621918608637893
4,2,611935.2754074596,0.16239999,2.615227,0.6624172599995238
4,2,611940.2756013498,0.16239999,2.6154752,0.6626426576258792
4,2,611945.27579524,0.16239999,2.6157997,0.6628680549485065
4,2,611950.2759891301,0.16239999,2.616067,0.6630934544079927
4,2,611955.2761830203,0.16239999,2.6162388,0.6633188543982608
4,2,611960.2763769105,0.16239999,2.616506,0.663544257277537
4,2,611965.2765708007,0.16239999,2.6168115,0.6637696540368458
4,2,611970.2767646909,0.16239999,2.6170025,0.6639950513527421
4,2,611975.2769585811,0.16239999,2.6175177,0.6642204454643952
4,2,611980.2771524712,0.16239999,2.6176896,0.664445838112299
4,2,611985.2773463614,0.16239999,2.6181097,0.6646712353314295
4,2,611990.2775402516,0.16239999,2.6183386,0.6648966311177406
4,2,611995.2777341418,0.16239999,2.6186059,0.6651220263125525
4,2,612000.277928032,0.16239999,2.6187968,0.66534742773125
4,2,612005.2781219222,0.16239999,2.6190069,0.6655728245812349
4,2,612010.2783158123,0.16239999,2.6195033,0.6657982232752824
4,2,612015.2785097025,0.16239999,2.6197133,0.6660236220596665
4,2,612020.2787035927,0.16239999,2.619923,0.6662490208883153
4,2,612025.2788974829,0.16239999,2.6200378,0.6664744176911273
4,2,612030.2790913731,0.16239999,2.6206486,0.6666998149777369
4,2,612035.2792852633,0.16239999,2.6207824,0.666925214983801
4,2,612040.2794791535,0.16239999,2.6211069,0.6671506141743344
4,2,612045.2796730436,0.16239999,2.6212595,0.6673760156570183
4,2,612050.2798669338,0.16239999,2.6214886,0.6676014172263558
4,2,612055.280060824,0.16239999,2.6219087,0.6678268185907129
4,2,612060.2802547142,0.16239999,2.6221185,0.6680522235510539
4,2,612065.2804486044,0.16239999,2.6223285,0.6682776263918495
4,2,612070.2806424946,0.16239999,2.622653,0.6685030276937799
4,2,612075.2808363847,0.16239999,2.6228821,0.6687284274172592
4,2,612080.2810302749,0.16239999,2.6231685,0.66895382700233
4,2,612085.2812241651,0.16239999,2.6233213,0.6691792264805262
4,2,612090.2814180553,0.16239999,2.6235313,0.6694046231063712
4,2,612095.2816119455,0.16239999,2.6238368,0.6696300194634729
4,2,612100.2818058357,0.16239999,2.6240084,0.6698554160147483
4,2,612105.2819997258,0.16239999,2.6242375,0.6700808142606177
4,2,612110.282193616,0.16239999,2.6244667,0.6703062134098402
4,2,612115.2823875062,0.16239999,2.624753,0.6705316114344481
4,2,612120.2825813964,0.16239999,2.6250393,0.6707570098455142
4,2,612125.2827752866,0.16239999,2.6251159,0.6709824111057098
4,2,612130.2829691768,0.16239999,2.625593,0.6712078111461277
4,2,612135.283163067,0.16239999,2.6258602,0.6714332106260608
4,2,612140.2833569571,0.16239999,2.626013,0.6716586106389579
4,2,612145.2835508473,0.16239999,2.626433,0.6718840084587154
4,2,612150.2837447375,0.16239999,2.6265857,0.6721094041752717
4,2,612155.2839386277,0.16239999,2.626872,0.6723348000228282
4,2,612160.2841325179,0.16239999,2.6269865,0.6725601944345054
4,2,612165.2843264081,0.16239999,2.6273494,0.672785588654764
4,2,612170.2845202982,0.16239999,2.6276357,0.6730109825222526
4,2,612175.2847141884,0.16239999,2.6279602,0.6732363770535456
4,2,612180.2849080786,0.16239999,2.6281703,0.6734617720469501
4,2,612185.2851019688,0.16239999,2.6283038,0.6736871694357279
4,2,612190.285295859,0.16239999,2.628743,0.6739125621065506
4,2,612195.2854897492,0.16239999,2.6288955,0.6741379630069485
4,2,612200.2856836393,0.16239999,2.6292584,0.6743633599008264
4,2,612205.2858775295,0.16239999,2.6295447,0.6745887581176129
4,2,612210.2860714197,0.16239999,2.6299074,0.6748141556765743
4,2,612215.2862653099,0.16239999,2.6300793,0.6750395528885085
4,2,612220.2864592001,0.16239999,2.6305182,0.6752649525943151
4,2,612225.2866530903,0.16239999,2.6307473,0.6754903530834574
4,2,612230.2868469805,0.16239999,2.6311674,0.6757157525701208
4,2,612235.2870408706,0.16239999,2.6313775,0.6759411513276555
4,2,612240.2872347608,0.16239999,2.6318355,0.6761665517487915
4,2,612245.287428651,0.16239999,2.6319692,0.6763919515419221
4,2,612250.2876225412,0.16239999,2.6322556,0.6766173532351495
4,2,612255.2878164314,0.16239999,2.632542,0.6768427514817077
4,2,612260.2880103216,0.16239999,2.6328092,0.6770681531689638
4,2,612265.2882042117,0.16239999,2.6331527,0.6772935532848321
4,2,612270.2883981019,0.16239999,2.6335537,0.6775189478731105
4,2,612275.2885919921,0.16239999,2.6337445,0.6777443463517352
4,2,612280.2887858823,0.16239999,2.6340692,0.6779697418175521
4,2,612285.2889797725,0.16239999,2.6341646,0.6781951375496246
4,2,612290.2891736627,0.16239999,2.6346228,0.6784205305849834
4,2,612295.2893675528,0.16239999,2.6347754,0.6786459250695025
4,2,612300.289561443,0.16239999,2.6351,0.6788713217418175
4,2,612305.2897553332,0.16239999,2.6354055,0.6790967208771381
4,2,612310.2899492234,0.16239999,2.6358254,0.6793221197313342
4,2,612315.2901431136,0.16239999,2.6359973,0.6795475215288656
4,2,612320.2903370038,0.16239999,2.6361308,0.6797729226760771
4,2,612325.290530894,0.16239999,2.636551,0.6799983187868833
4,2,612330.2907247841,0.16239999,2.637009,0.6802237155305766
4,2,612335.2909186743,0.16239999,2.6369517,0.680449111055157
4,2,612340.2911125645,0.16239999,2.63741,0.6806745070014792
4,2,612345.2913064547,0.16239999,2.6377535,0.680899905334446
4,2,612350.2915003449,0.16239999,2.637849,0.6811253032323848
4,2,612355.291694235,0.16239999,2.6383262,0.6813506997435786
4,2,612360.2918881252,0.16239999,2.6386507,0.6815760970137813
4,2,612365.2920820154,0.16239999,2.6388226,0.6818014881626001
4,2,612370.2922759056,0.16239999,2.6391852,0.682026884179183
4,2,612375.2924697958,0.16239999,2.639338,0.6822522789606533
4,2,612380.292663686,0.16239999,2.6396625,0.6824776753849775
4,2,612385.2928575762,0.16239999,2.6398535,0.6827030682900787
4,2,612390.2930514663,0.16239999,2.640216,0.6829284585123914
4,2,612395.2932453565,0.16239999,2.640598,0.6831538465790788
4,2,612400.2934392467,0.16239999,2.6409035,0.6833792377736898
4,2,612405.2936331369,0.16239999,2.641266,0.6836046300938285
4,2,612410.2938270271,0.16239999,2.6413617,0.6838300229952641
4,2,612415.2940209173,0.16239999,2.6415715,0.6840554185756883
4,2,612420.2942148075,0.16239999,2.6421251,0.6842808159769409
4,2,612425.2944086976,0.16239999,2.6425261,0.6845062132310171
4,2,612430.2946025878,0.16239999,2.6427743,0.6847316075358183
4,2,612435.294796478,0.16239999,2.6430798,0.6849570008159792
4,2,612440.2949903682,0.16239999,2.6432323,0.6851823942874512
4,2,612445.2951842584,0.16239999,2.643538,0.6854077875311961
4,2,612450.2953781486,0.16239999,2.6439579,0.6856331801850165
4,2,612455.2955720387,0.16239999,2.6441107,0.6858585762494329
4,2,612460.2957659289,0.16239999,2.6444542,0.6860839716751524
4,2,612465.2959598191,0.16239999,2.6447215,0.6863093681850457
4,2,612470.2961537093,0.16239999,2.6451223,0.6865347606785918
4,2,612475.2963475995,0.16239999,2.645428,0.6867601550199265
4,2,612480.2965414897,0.16239999,2.6456378,0.686985548713742
4,2,612485.2967353798,0.16239999,2.645886,0.6872109412765817
4,2,612490.29692927,0.16239999,2.646287,0.68743633332603
4,2,612495.2971231602,0.16239999,2.6464396,0.6876617256089953
4,2,612500.2973170504,0.16239999,2.6466687,0.6878871168976202
4,2,612505.2975109406,0.16239999,2.6470506,0.6881125052602332
4,2,612510.2977048308,0.16239999,2.647337,0.6883378937667848
4,2,612515.297898721,0.16239999,2.6476996,0.6885632834469518
4,2,612520.2980926111,0.16239999,2.6479669,0.6887886740885931
4,2,612525.2982865013,0.16239999,2.6483486,0.6890140653653476
4,2,612530.2984803915,0.16239999,2.6485586,0.6892394592734898
4,2,612535.2986742817,0.16239999,2.6489787,0.6894648529998337
4,2,612540.2988681719,0.16239999,2.6493795,0.6896902472773608
4,2,612545.299062062,0.16239999,2.6494942,0.6899156407160635
4,2,612550.2992559522,0.16239999,2.6499522,0.6901410327846764
4,2,612555.2994498424,0.16239999,2.6502385,0.6903664256752315
4,2,612560.2996437326,0.16239999,2.650544,0.690591815928619
4,2,612565.2998376228,0.16239999,2.6508303,0.6908172050365541
4,2,612570.300031513,0.16239999,2.6510975,0.6910425920909701
4,2,612575.3002254032,0.16239999,2.6513267,0.6912679802536061
4,2,612580.3004192933,0.16239999,2.6516705,0.6914933716524507
4,2,612585.3006131835,0.16239999,2.6519759,0.6917187631358752
4,2,612590.3008070737,0.16239999,2.6522813,0.6919441513253044
4,2,612595.3010009639,0.16239999,2.652682,0.692169540026177
4,2,612600.3011948541,0.16239999,2.653064,0.6923949303511123
4,2,612605.3013887443,0.16239999,2.6532166,0.6926203213603189
4,2,612610.3015826344,0.16239999,2.6534076,0.6928457106973246
4,2,612615.3017765246,0.16239999,2.6537893,0.6930710982036407
4,2,612620.3019704148,0.16239999,2.6541903,0.6932964863808203
4,2,612625.302164305,0.16239999,2.6545339,0.6935218762955954
4,2,612630.3023581952,0.16239999,2.6546867,0.6937472669089683
4,2,612635.3025520854,0.16239999,2.6552212,0.6939726561837029
4,2,612640.3027459756,0.16239999,2.6552975,0.6941980435499208
4,2,612645.3029398657,0.16239999,2.6559656,0.6944234309620243
4,2,612650.3031337559,0.16239999,2.656004,0.6946488187356142
4,2,612655.3033276461,0.16239999,2.6563666,0.6948742067978347
4,2,612660.3035215363,0.16239999,2.656672,0.6950995937220452
4,2,612665.3037154265,0.16239999,2.6571112,0.6953249802871204
4,2,612670.3039093167,0.16239999,2.6573784,0.6955503695233041
4,2,612675.3041032068,0.16239999,2.6576457,0.6957757598977766
4,2,612680.304297097,0.16239999,2.6580656,0.6960011492776828
4,2,612685.3044909872,0.16239999,2.6582947,0.6962265388003983
4,2,612690.3046848774,0.16239999,2.6586192,0.69645192554389
4,2,612695.304878768,0.16239999,2.6588483,0.6966773122763541
4,2,612700.3050726587,0.16239999,2.6590393,0.6969026992749057
4,2,612705.3052665493,0.16239999,2.6593637,0.6971280885807389
4,2,612710.30546044,0.16239999,2.65965,0.6973534781411139
4,2,612715.3056543306,0.16239999,2.6599174,0.6975788674582117
4,2,612720.3058482213,0.16239999,2.6603947,0.6978042555744316
4,2,612725.306042112,0.16239999,2.6607382,0.698029644590573
4,2,612730.3062360026,0.16239999,2.6610436,0.6982550334673796
4,2,612735.3064298932,0.16239999,2.6612155,0.6984804213558566
4,2,612740.3066237839,0.16239999,2.6616545,0.6987058080738583
4,2,612745.3068176745,0.16239999,2.6619983,0.6989311938221999
4,2,612750.3070115652,0.16239999,2.6621509,0.6991565824448688
4,2,612755.3072054558,0.16239999,2.662609,0.6993819740648168
4,2,612760.3073993465,0.16239999,2.6630673,0.6996073670803721
4,2,612765.3075932371,0.16239999,2.663411,0.6998327607468878
4,2,612770.3077871278,0.16239999,2.663621,0.700058153475017
4,2,612775.3079810184,0.16239999,2.6639264,0.7002835461992843
4,2,612780.3081749091,0.16239999,2.6644228,0.7005089376550265
4,2,612785.3083687997,0.16239999,2.664709,0.7007343289236126
4,2,612790.3085626904,0.16239999,2.6650527,0.7009597205711825
4,2,612795.3087565808,0.16239999,2.665167,0.7011851111540172
4,2,612800.3089504712,0.16239999,2.6656253,0.7014105028132605
4,2,612805.3091443616,0.16239999,2.6657972,0.7016358938216963
4,2,612810.3093382521,0.16239999,2.6660645,0.7018612837652116
4,2,612815.3095321425,0.16239999,2.6663318,0.7020866687168652
4,2,612820.3097260329,0.16239999,2.6666563,0.7023120542835551
4,2,612825.3099199233,0.16239999,2.6670954,0.7025374391910401
4,2,612830.3101138137,0.16239999,2.667229,0.7027628262218303
4,2,612835.3103077041,0.16239999,2.667649,0.7029882145019198
4,2,612840.3105015946,0.16239999,2.668069,0.70321360714485
4,2,612845.3106954851,0.16239999,2.6683743,0.7034389999562445
4,2,612850.3108893756,0.16239999,2.6687372,0.703664391274006
4,2,612855.3110832657,0.16239999,2.6688325,0.7038897819017115
4,2,612860.3112771562,0.16239999,2.669348,0.7041151729601126
4,2,612865.3114710468,0.16239999,2.66952,0.7043405640356128
4,2,612870.3116649373,0.16239999,2.6698062,0.7045659537168006
4,2,612875.3118588278,0.16239999,2.6700735,0.7047913444743457
4,2,612880.3120527184,0.16239999,2.6703598,0.7050167339111254
4,2,612885.3122466089,0.16239999,2.6707988,0.70524212620048
4,2,612890.3124404994,0.16239999,2.6711042,0.7054675166447405
4,2,612895.31263439,0.16239999,2.6713333,0.7056929108890753
4,2,612900.3128282805,0.16239999,2.6717534,0.7059183044689474
4,2,612905.3130221709,0.16239999,2.6719635,0.7061436969553856
4,2,612910.3132160616,0.16239999,2.6723452,0.7063690882653051
4,2,612915.313409952,0.16239999,2.6727653,0.70659448045247
4,2,612920.3136038425,0.16239999,2.673147,0.7068198742417324
4,2,612925.313797733,0.16239999,2.6734142,0.7070452675842381
4,2,612930.3139916238,0.16239999,2.6736815,0.7072706609786306
4,2,612935.3141855143,0.16239999,2.674006,0.7074960567493037
4,2,612940.3143794049,0.16239999,2.674426,0.7077214554756214
4,2,612945.3145732954,0.16239999,2.6748078,0.7079468513514404
4,2,612950.3147671858,0.16239999,2.6749415,0.7081722453332142
4,2,612955.3149610762,0.16239999,2.6753805,0.7083976408652154
4,2,612960.3151549667,0.16239999,2.675686,0.7086230363560472
4,2,612965.3153488571,0.16239999,2.675934,0.7088484330428064
4,2,612970.3155427473,0.16239999,2.6762395,0.7090738290354389
4,2,612975.3157366377,0.16239999,2.676755,0.709299224594518
4,2,612980.3159305281,0.16239999,2.6770222,0.7095246180059358
4,2,612985.3161244185,0.16239999,2.6773658,0.7097500112061214
4,2,612990.3163183089,0.16239999,2.6777096,0.7099754069560388
4,2,612995.3165121996,0.16239999,2.678034,0.7102008022042781
4,2,613000.3167060902,0.16239999,2.6783204,0.7104261978458566
4,2,613005.3168999809,0.16239999,2.678645,0.7106515929145534
4,2,613010.3170938715,0.16239999,2.678874,0.7108769856119125
4,2,613015.3172877622,0.16239999,2.6793704,0.7111023750884353
4,2,613020.3174816524,0.16239999,2.6797903,0.7113277636253861
4,2,613025.317675543,0.16239999,2.680134,0.7115531536032534
4,2,613030.3178694337,0.16239999,2.6806111,0.7117785427848649
4,2,613035.3180633243,0.16239999,2.6808403,0.7120039329833854
4,2,613040.318257215,0.16239999,2.681184,0.7122293244409116
4,2,613045.3184511056,0.16239999,2.6816802,0.7124547184322254
4,2,613050.3186449963,0.16239999,2.6819475,0.7126801117062959
4,2,613055.3188388869,0.16239999,2.6823294,0.712905504880954
4,2,613060.3190327776,0.16239999,2.6825776,0.7131308984550636
4,2,613065.3192266682,0.16239999,2.6829212,0.7133562895329388
4,2,613070.3194205589,0.16239999,2.6833029,0.7135816814883559
4,2,613075.3196144495,0.16239999,2.683704,0.7138070765242378
4,2,613080.3198083402,0.16239999,2.6840475,0.7140324747463067
4,2,613085.3200022308,0.16239999,2.6843529,0.7142578719719358
4,2,613090.3201961215,0.16239999,2.6845057,0.714483267919831
4,2,613095.3203900121,0.16239999,2.684983,0.7147086659434628
4,2,613100.3205839023,0.16239999,2.6852694,0.7149340616626061
4,2,613105.3207777925,0.16239999,2.685632,0.7151594572260694
4,2,613110.3209716827,0.16239999,2.6859565,0.7153848538453224
4,2,613115.3211655729,0.16239999,2.6863,0.7156102489116912
4,2,613120.321359463,0.16239999,2.6865482,0.7158356457796561
4,2,613125.3215533532,0.16239999,2.6867964,0.7160610424103538
4,2,613130.3217472434,0.16239999,2.6870828,0.7162864408111639
4,2,613135.3219411336,0.16239999,2.6876938,0.716511840886289
4,2,613140.3221350238,0.16239999,2.6879036,0.7167372391140767
4,2,613145.322328914,0.16239999,2.6882284,0.7169626377458597
4,2,613150.3225228041,0.16239999,2.6886292,0.7171880380014504
4,2,613155.3227166943,0.16239999,2.6889346,0.7174134374623191
4,2,613160.3229105845,0.16239999,2.6891828,0.7176388358528101
4,2,613165.3231044747,0.16239999,2.6897364,0.7178642355858104
4,2,613170.3232983649,0.16239999,2.689832,0.7180896368285467
4,2,613175.3234922551,0.16239999,2.69029,0.7183150365042529
4,2,613180.3236861452,0.16239999,2.6905382,0.7185404351530431
4,2,613185.3238800354,0.16239999,2.6909773,0.7187658345661735
4,2,613190.3240739256,0.16239999,2.6914546,0.718991234492364
4,2,613195.3242678158,0.16239999,2.691722,0.7192166318503527
4,2,613200.324461706,0.16239999,2.69218,0.7194420308409821
4,2,613205.3246555962,0.16239999,2.6922371,0.7196674284912918
4,2,613210.3248494864,0.16239999,2.6926572,0.7198928261164815
4,2,613215.3250433765,0.16239999,2.6930199,0.7201182249740469
4,2,613220.3252372667,0.16239999,2.6933827,0.7203436238380247
4,2,613225.3254311569,0.16239999,2.6935925,0.7205690237511098
4,2,613230.3256250471,0.16239999,2.6939363,0.7207944234876259
4,2,613235.3258189373,0.16239999,2.694318,0.7210198226509904
4,2,613240.3260128275,0.16239999,2.6947763,0.7212452236486357
4,2,613245.3262067176,0.16239999,2.6948526,0.7214706239814509
4,2,613250.3264006078,0.16239999,2.6952918,0.7216960227392837
4,2,613255.326594498,0.16239999,2.6956735,0.7219214206319319
4,2,613260.3267883882,0.16239999,2.695998,0.7221468215382256
4,2,613265.3269822784,0.16239999,2.6962461,0.7223722220892649
4,2,613270.3271761686,0.16239999,2.6965325,0.7225976213676034
4,2,613275.3273700587,0.16239999,2.6969717,0.7228230194597334
4,2,613280.3275639489,0.16239999,2.6973343,0.7230484172816143
4,2,613285.3277578391,0.16239999,2.6976206,0.7232738168454467
4,2,613290.3279517293,0.16239999,2.6980598,0.7234992154561131
4,2,613295.3281456195,0.16239999,2.698308,0.7237246159201834
4,2,613300.3283395097,0.16239999,2.6988807,0.7239500146462858
4,2,613305.3285333999,0.16239999,2.6993198,0.7241754120022744
4,2,613310.32872729,0.16239999,2.699797,0.7244008097530669
4,2,613315.3289211802,0.16239999,2.700389,0.7246262060857348
4,2,613320.3291150704,0.16239999,2.7004843,0.7248516041571738
4,2,613325.3293089606,0.16239999,2.7009234,0.7250770001136793
4,2,613330.3295028508,0.16239999,2.7013433,0.7253023955027444
4,2,613335.329696741,0.16239999,2.7014577,0.7255277918987465
4,2,613340.3298906311,0.16239999,2.7019732,0.7257531909693381
4,2,613345.3300845213,0.16239999,2.7025268,0.7259785871820301
4,2,613350.3302784115,0.16239999,2.702756,0.7262039845617067
4,2,613355.3304723017,0.16239999,2.7029088,0.7264293842029473
4,2,613360.3306661919,0.16239999,2.7033477,0.7266547834908483
4,2,613365.3308600821,0.16239999,2.7036343,0.7268801818810388
4,2,613370.3310539722,0.16239999,2.7043405,0.7271055794566837
4,2,613375.3312478624,0.16239999,2.7046077,0.7273309737081115
4,2,613380.3314417526,0.16239999,2.7050087,0.7275563703389963
4,2,613385.3316356428,0.16239999,2.7052376,0.7277817669550273
4,2,613390.331829533,0.16239999,2.7056005,0.7280071598413049
4,2,613395.3320234232,0.16239999,2.706116,0.7282325541648667
4,2,613400.3322173133,0.16239999,2.7062876,0.7284579503312012
4,2,613405.3324112035,0.16239999,2.7066505,0.7286833459183334
4,2,613410.3326050937,0.16239999,2.7070131,0.7289087407259254
4,2,613415.3327989839,0.16239999,2.7074332,0.7291341389417334
4,2,613420.3329928741,0.16239999,2.7077196,0.7293595368192113
4,2,613425.3331867643,0.16239999,2.707815,0.7295849348715104
4,2,613430.3333806545,0.16239999,2.7083876,0.7298103321969666
4,2,613435.3335745446,0.16239999,2.708712,0.7300357290391971
4,2,613440.3337684348,0.16239999,2.7090366,0.7302611254920272
4,2,613445.333962325,0.16239999,2.7092466,0.730486522340228
4,2,613450.3341562152,0.16239999,2.7096858,0.7307119191134464
4,2,613455.3343501054,0.16239999,2.710144,0.7309373154270491
4,2,613460.3345439956,0.16239999,2.7103157,0.7311627115304933
4,2,613465.3347378857,0.16239999,2.710774,0.7313881072247599
4,2,613470.3349317759,0.16239999,2.7110794,0.7316135026562461
4,2,613475.3351256661,0.16239999,2.7113276,0.7318388972653771
4,2,613480.3353195563,0.16239999,2.711633,0.7320642933774639
4,2,613485.3355134465,0.16239999,2.7119765,0.7322896893332558
4,2,613490.3357073367,0.16239999,2.7122629,0.7325150844176443
4,2,613495.3359012268,0.16239999,2.7126067,0.7327404817298178
4,2,613500.336095117,0.16239999,2.7130837,0.7329658780928335
4,2,613505.3362890072,0.16239999,2.713332,0.7331912746406841
4,2,613510.3364828974,0.16239999,2.7136948,0.73341667222097
4,2,613515.3366767876,0.16239999,2.7138093,0.7336420712395623
4,2,613520.3368706778,0.16239999,2.714382,0.733867470996604
4,2,613525.337064568,0.16239999,2.7147255,0.7340928716818977
4,2,613530.3372584581,0.16239999,2.7148783,0.7343182714747213
4,2,613535.3374523483,0.16239999,2.71526,0.7345436699839191
4,2,613540.3376462385,0.16239999,2.7155273,0.7347690679232087
4,2,613545.3378401287,0.16239999,2.715871,0.7349944647483683
4,2,613550.3380340189,0.16239999,2.7163482,0.7352198594856219
4,2,613555.3382279091,0.16239999,2.7165773,0.7354452525860508
4,2,613560.3384217992,0.16239999,2.71715,0.7356706466892533
4,2,613565.3386156894,0.16239999,2.717379,0.7358960395706475
4,2,613570.3388095796,0.16239999,2.7178946,0.7361214323578515
4,2,613575.3390034698,0.16239999,2.7182956,0.7363468252364229
4,2,613580.33919736,0.16239999,2.7186391,0.7365722194207193
4,2,613585.3393912502,0.16239999,2.7191355,0.7367976143860542
4,2,613590.3395851403,0.16239999,2.71946,0.7370230088074072
4,2,613595.3397790305,0.16239999,2.7197845,0.737248403184075
4,2,613600.3399729207,0.16239999,2.7202427,0.737473794446627
4,2,613605.3401668109,0.16239999,2.720491,0.7376991883704568
4,2,613610.3403607011,0.16239999,2.7209108,0.737924582358191
4,2,613615.3405545913,0.16239999,2.7212162,0.7381499785914898
4,2,613620.3407484815,0.16239999,2.7215028,0.7383753748770998
4,2,613625.3409423716,0.16239999,2.7219036,0.7386007671013073
4,2,613630.3411362618,0.16239999,2.7223043,0.7388261583696227
4,2,613635.341330152,0.16239999,2.72261,0.7390515484804391
4,2,613640.3415240422,0.16239999,2.72324,0.7392769396679529
4,2,613645.3417179324,0.16239999,2.7236025,0.7395023298549044
4,2,613650.3419118226,0.16239999,2.7238126,0.7397277210791579
4,2,613655.3421057127,0.16239999,2.7242327,0.7399531142895358
4,2,613660.3422996029,0.16239999,2.7245,0.740178507699206
4,2,613665.3424934931,0.16239999,2.7250345,0.7404039009457689
4,2,613670.3426873833,0.16239999,2.7254734,0.7406292918736243
4,2,613675.3428812735,0.16239999,2.725798,0.74085468336363
4,2,613680.3430751637,0.16239999,2.7259698,0.7410800756004124
4,2,613685.3432690538,0.16239999,2.7263134,0.7413054683683112
4,2,613690.343462944,0.16239999,2.7266762,0.7415308595010691
4,2,613695.3436568342,0.16239999,2.7271342,0.7417562493964751
4,2,613700.3438507244,0.16239999,2.7274396,0.7419816394256786
4,2,613705.3440446146,0.16239999,2.7276878,0.7422070310098415
4,2,613710.3442385048,0.16239999,2.727955,0.7424324246315925
4,2,613715.344432395,0.16239999,2.7285852,0.7426578181088164
4,2,613720.3446262851,0.16239999,2.7288334,0.7428832109845573
4,2,613725.3448201753,0.16239999,2.7290242,0.7431086058802856
4,2,613730.3450140655,0.16239999,2.729406,0.7433340021220126
4,2,613735.3452079557,0.16239999,2.7297497,0.7435593970601057
4,2,613740.3454018459,0.16239999,2.7302651,0.7437847881970028
4,2,613745.345595736,0.16239999,2.7307043,0.7440101788692891
4,2,613750.3457896262,0.16239999,2.730914,0.7442355712114327
4,2,613755.3459835164,0.16239999,2.7313533,0.744460964834471
4,2,613760.3461774066,0.16239999,2.7316587,0.7446863602377395
4,2,613765.3463712968,0.16239999,2.731926,0.7449117578074513
4,2,613770.346565187,0.16239999,2.7323651,0.7451371545940467
4,2,613775.3467590772,0.16239999,2.732785,0.7453625504815822
4,2,613780.3469529673,0.16239999,2.733205,0.7455879459500961
4,2,613785.3471468575,0.16239999,2.7334151,0.7458133388331237
4,2,613790.3473407477,0.16239999,2.7337396,0.7460387339995059
4,2,613795.3475346379,0.16239999,2.7342167,0.7462641271472833
4,2,613800.3477285281,0.16239999,2.7344458,0.7464895186571788
4,2,613805.3479224183,0.16239999,2.734866,0.7467149079201928
4,2,613810.3481163085,0.16239999,2.7350378,0.7469402975781331
4,2,613815.3483101986,0.16239999,2.7353814,0.7471656865386701
4,2,613820.3485040888,0.16239999,2.7357059,0.7473910761543946
4,2,613825.348697979,0.16239999,2.7360876,0.7476164656987508
4,2,613830.3488918692,0.16239999,2.7364886,0.7478418575857781
4,2,613835.3490857594,0.16239999,2.736966,0.7480672465382503
4,2,613840.3492796496,0.16239999,2.7373285,0.7482926349159813
4,2,613845.3494735397,0.16239999,2.737825,0.7485180229426691
4,2,613850.3496674299,0.16239999,2.738054,0.7487434140602626
4,2,613855.3498613201,0.16239999,2.738531,0.7489688056855833
4,2,613860.3500552103,0.16239999,2.738894,0.7491941986500714
4,2,613865.3502491005,0.16239999,2.7393713,0.7494195938468644
4,2,613870.3504429907,0.16239999,2.7396193,0.7496449864553837
4,2,613875.3506368808,0.16239999,2.7399056,0.7498703753649455
4,2,613880.350830771,0.16239999,2.7403638,0.7500957647086518
4,2,613885.3510246612,0.16239999,2.7407458,0.7503211554242111
4,2,613890.3512185514,0.16239999,2.7411466,0.7505465505203086
4,2,613895.3514124416,0.16239999,2.7413185,0.7507719430771829
4,2,613900.3516063318,0.16239999,2.741872,0.7509973353754608
4,2,613905.351800222,0.16239999,2.7419865,0.7512227290921305
4,2,613910.3519941121,0.16239999,2.7423685,0.7514481207332631
4,2,613915.3521880023,0.16239999,2.7431319,0.7516735126572222
4,2,613920.3523818925,0.16239999,2.74338,0.7518989029213019
4,2,613925.3525757827,0.16239999,2.743972,0.7521242932688986
4,2,613930.3527696729,0.16239999,2.7442584,0.7523496855020038
4,2,613935.352963563,0.16239999,2.7445638,0.752575075336099
4,2,613940.3531574532,0.16239999,2.7447736,0.7528004661484323
4,2,613945.3533513434,0.16239999,2.7450602,0.7530258549140207
4,2,613950.3535452336,0.16239999,2.7455373,0.7532512453609552
4,2,613955.3537391238,0.16239999,2.746129,0.7534766382236113
4,2,613960.353933014,0.16239999,2.7463963,0.7537020294023666
4,2,613965.3541269042,0.16239999,2.7466636,0.7539274234538853
4,2,613970.3543207943,0.16239999,2.747179,0.7541528191096134
4,2,613975.3545146845,0.16239999,2.7472746,0.7543782112008048
4,2,613980.3547085747,0.16239999,2.7475991,0.7546036023854751
4,2,613985.3549024649,0.16239999,2.7480383,0.7548289931060628
4,2,613990.3550963551,0.16239999,2.7483437,0.7550543845650171
4,2,613995.3552902453,0.16239999,2.7488399,0.7552797767327856
4,2,614000.3554841354,0.16239999,2.7491264,0.7555051705811651
4,2,614005.3556780256,0.16239999,2.7495081,0.7557305644069684
4,2,614010.3558719158,0.16239999,2.7498517,0.7559559601433564
4,2,614015.356065806,0.16239999,2.750119,0.7561813523712073
4,2,614020.3562596962,0.16239999,2.7505581,0.7564067457737862
4,2,614025.3564535864,0.16239999,2.750959,0.756632139881517
4,2,614030.3566474766,0.16239999,2.75136,0.7568575336326109
4,2,614035.3568413667,0.16239999,2.7517416,0.7570829254741069
4,2,614040.3570352569,0.16239999,2.7520852,0.7573083154652819
4,2,614045.3572291471,0.16239999,2.7525434,0.7575337065247393
4,2,614050.3574230373,0.16239999,2.7527153,0.7577590949831543
4,2,614055.3576169275,0.16239999,2.753269,0.757984484143294
4,2,614060.3578108177,0.16239999,2.7534406,0.7582098727054136
4,2,614065.3580047078,0.16239999,2.753956,0.7584352617668579
4,2,614070.358198598,0.16239999,2.7543762,0.7586606521851664
4,2,614075.3583924882,0.16239999,2.754548,0.7588860459885254
4,2,614080.3585863784,0.16239999,2.755159,0.7591114380819007
4,2,614085.3587802686,0.16239999,2.7555406,0.7593368301371158
4,2,614090.3589741588,0.16239999,2.755827,0.7595622218359234
4,2,614095.359168049,0.16239999,2.7563233,0.7597876146170792
4,2,614100.3593619391,0.16239999,2.7567053,0.7600130086073145
4,2,614105.3595558293,0.16239999,2.757068,0.7602384010212833
4,2,614110.3597497195,0.16239999,2.7574878,0.7604637933885104
4,2,614115.3599436097,0.16239999,2.7578697,0.7606891859971687
4,2,614120.3601374999,0.16239999,2.758347,0.7609145793502071
4,2,614125.36033139,0.16239999,2.7587097,0.7611399717638349
4,2,614130.3605252802,0.16239999,2.7588816,0.7613653660269335
4,2,614135.3607191704,0.16239999,2.7593777,0.7615907580375477
4,2,614140.3609130606,0.16239999,2.759626,0.7618161511767908
4,2,614145.3611069508,0.16239999,2.7600079,0.7620415438242848
4,2,614150.361300841,0.16239999,2.7605615,0.7622669361197331
4,2,614155.3614947312,0.16239999,2.7610195,0.7624923259941665
4,2,614160.3616886213,0.16239999,2.7615924,0.7627177160737997
4,2,614165.3618825115,0.16239999,2.7618406,0.7629431072673626
4,2,614170.3620764017,0.16239999,2.7622032,0.7631684987189565
4,2,614175.3622702919,0.16239999,2.762604,0.7633938909227039
4,2,614180.3624641821,0.16239999,2.7631576,0.7636192852208551
4,2,614185.3626580723,0.16239999,2.7635968,0.7638446773167338
4,2,614190.3628519624,0.16239999,2.763883,0.7640700682084621
4,2,614195.3630458526,0.16239999,2.7644176,0.7642954612500547
4,2,614200.3632397428,0.16239999,2.764876,0.7645208560926909
4,2,614205.363433633,0.16239999,2.765124,0.7647462517477823
4,2,614210.3636275232,0.16239999,2.765582,0.7649716454422344
4,2,614215.3638214134,0.16239999,2.7659068,0.7651970382545088
4,2,614220.3640153036,0.16239999,2.7663457,0.765422434633896
4,2,614225.3642091937,0.16239999,2.766804,0.765647831748889
4,2,614230.3644030839,0.16239999,2.7673957,0.7658732275734315
4,2,614235.3645969741,0.16239999,2.7677584,0.7660986215020338
4,2,614240.3647908643,0.16239999,2.7682548,0.7663240168772218
4,2,614245.3649847545,0.16239999,2.7686558,0.7665494135198646
4,2,614250.3651786447,0.16239999,2.7691522,0.7667748080189587
4,2,614255.3653725348,0.16239999,2.7694957,0.7670002001490985
4,2,614260.365566425,0.16239999,2.7700684,0.7672255892773704
4,2,614265.3657603152,0.16239999,2.7704883,0.7674509765441727
4,2,614270.3659542054,0.16239999,2.7707555,0.76767636560881
4,2,614275.3661480956,0.16239999,2.771271,0.7679017566463661
4,2,614280.3663419858,0.16239999,2.7720728,0.7681271480539982
4,2,614285.366535876,0.16239999,2.7722828,0.7683525406134545
4,2,614290.3667297661,0.16239999,2.7726264,0.7685779330171714
4,2,614295.3669236563,0.16239999,2.7732375,0.7688033247754337
4,2,614300.3671175465,0.16239999,2.7734857,0.769028717745532
4,2,614305.3673114371,0.16239999,2.774001,0.769254108640493
4,2,614310.3675053278,0.16239999,2.7743447,0.769479499474995
4,2,614315.3676992184,0.16239999,2.774631,0.7697048881368954
4,2,614320.3678931091,0.16239999,2.7751656,0.7699302747022636
4,2,614325.3680869997,0.16239999,2.7757,0.7701556634410515
4,2,614330.3682808904,0.16239999,2.7760818,0.7703810518131077
4,2,614335.368474781,0.16239999,2.7766736,0.7706064411713732
4,2,614340.3686686717,0.16239999,2.7770936,0.7708318288832815
4,2,614345.3688625623,0.16239999,2.7774563,0.7710572153910286
4,2,614350.369056453,0.16239999,2.7777236,0.771282600820444
4,2,614355.3692503436,0.16239999,2.77822,0.7715079875143521
4,2,614360.3694442343,0.16239999,2.7785444,0.7717333752492181
4,2,614365.369638125,0.16239999,2.7790408,0.7719587622425428
4,2,614370.3698320156,0.16239999,2.7795181,0.7721841480938556
4,2,614375.3700259062,0.16239999,2.7800336,0.7724095356060585
4,2,614380.3702197969,0.16239999,2.78032,0.7726349228143795
4,2,614385.3704136875,0.16239999,2.7808735,0.7728603151848974
4,2,614390.3706075782,0.16239999,2.7813315,0.7730857081415996
4,2,614395.3708014688,0.16239999,2.7818089,0.773311098308696
4,2,614400.3709953595,0.16239999,2.7823815,0.7735364889167112
4,2,614405.3711892499,0.16239999,2.7826488,0.7737618803048618
4,2,614410.3713831399,0.16239999,2.7831452,0.773987275983661
4,2,614415.3715770303,0.16239999,2.783508,0.7742126705064604
4,2,614420.3717709207,0.16239999,2.783966,0.7744380671228787
4,2,614425.3719648111,0.16239999,2.784329,0.7746634624682363
4,2,614430.3721587015,0.16239999,2.7850733,0.7748888567621911
4,2,614435.372352592,0.16239999,2.7854743,0.7751142524292622
4,2,614440.3725464824,0.16239999,2.7857606,0.7753396471771006
4,2,614445.3727403728,0.16239999,2.786238,0.7755650434824994
4,2,614450.3729342632,0.16239999,2.7864096,0.7757904378601226
4,2,614455.3731281537,0.16239999,2.7869442,0.7760158309123595
4,2,614460.3733220443,0.16239999,2.7873642,0.7762412258901551
4,2,614465.3735159348,0.16239999,2.787746,0.7764666178235606
4,2,614470.3737098253,0.16239999,2.7882233,0.7766920085097547
4,2,614475.3739037159,0.16239999,2.7885478,0.7769173990604443
4,2,614480.3740976064,0.16239999,2.789197,0.777142788331385
4,2,614485.3742914972,0.16239999,2.789445,0.7773681752492898
4,2,614490.3744853877,0.16239999,2.7899604,0.7775935635920312
4,2,614495.3746792782,0.16239999,2.7904758,0.7778189555842699
4,2,614500.3748731688,0.16239999,2.7908196,0.7780443452138153
4,2,614505.3750670593,0.16239999,2.7913158,0.7782697372523552
4,2,614510.3752609498,0.16239999,2.7917168,0.7784951296906236
4,2,614515.3754548404,0.16239999,2.7920222,0.7787205216888451
4,2,614520.3756487309,0.16239999,2.7926521,0.7789459124259945
4,2,614525.3758426213,0.16239999,2.7931294,0.7791713050560393
4,2,614530.3760365117,0.16239999,2.7931294,0.7793966965273573
4,2,614535.3762304023,0.16239999,2.7936068,0.7796220846318292
4,2,614540.3764242928,0.16239999,2.7939503,0.779847474699232
4,2,614545.3766181833,0.16239999,2.794313,0.7800728641883586
4,2,614550.3768120739,0.16239999,2.7945611,0.7802982532437333
4,2,614555.3770059643,0.16239999,2.7952104,0.7805236431656775
4,2,614560.3771998547,0.16239999,2.7956111,0.7807490360770976
4,2,614565.3773937451,0.16239999,2.7956493,0.7809744260459928
4,2,614570.3775876355,0.16239999,2.7961648,0.7811998165679414
4,2,614575.3777815255,0.16239999,2.7967758,0.7814252072155117
4,2,614580.3779754159,0.16239999,2.7970238,0.7816505981079792
4,2,614585.3781693063,0.16239999,2.7973866,0.7818759913651625
4,2,614590.3783631967,0.16239999,2.797864,0.7821013865226173
4,2,614595.3785570872,0.16239999,2.7984557,0.782326784982849
4,2,614600.3787509778,0.16239999,2.798742,0.7825521827892037
4,2,614605.3789448682,0.16239999,2.7992,0.7827775807803055
4,2,614610.3791387589,0.16239999,2.7995439,0.7830029758077277
4,2,614615.3793326495,0.16239999,2.7999256,0.7832283711322469
4,2,614620.3795265402,0.16239999,2.8001738,0.7834537676304907
4,2,614625.3797204308,0.16239999,2.8005557,0.7836791647397964
4,2,614630.3799143215,0.16239999,2.8007464,0.7839045622418959
4,2,614635.3801082121,0.16239999,2.8012428,0.78412996045025
4,2,614640.3803021028,0.16239999,2.8017392,0.7843553565302456
4,2,614645.3804959934,0.16239999,2.8020065,0.7845807517645472
4,2,614650.3806898841,0.16239999,2.8024263,0.7848061464724024
4,2,614655.3808837747,0.16239999,2.8029609,0.7850315412103274
4,2,614660.3810776654,0.16239999,2.8033237,0.7852569356114124
4,2,614665.381271556,0.16239999,2.8034763,0.7854823321188884
4,2,614670.3814654467,0.16239999,2.8040874,0.7857077271426781
4,2,614675.3816593373,0.16239999,2.80424,0.7859331208067682
4,2,614680.381853228,0.16239999,2.8046792,0.7861585122189403
4,2,614685.3820471186,0.16239999,2.8050418,0.7863839029730746
4,2,614690.3822410093,0.16239999,2.8051946,0.7866092933348481
4,2,614695.3824348999,0.16239999,2.8057673,0.7868346842482766
4,2,614700.3826287906,0.16239999,2.8061872,0.7870600756889008
4,2,614705.3828226812,0.16239999,2.8066835,0.7872854696842099
4,2,614710.3830165714,0.16239999,2.8071609,0.7875108595131584
4,2,614715.3832104616,0.16239999,2.8076382,0.7877362491132772
4,2,614720.3834043518,0.16239999,2.808058,0.7879616401293069
4,2,614725.383598242,0.16239999,2.8083634,0.7881870310391914
4,2,614730.3837921321,0.16239999,2.8087645,0.7884124212270964
4,2,614735.3839860223,0.16239999,2.8090317,0.7886378116498611
4,2,614740.3841799125,0.16239999,2.8095853,0.7888632026151796
4,2,614745.3843738027,0.16239999,2.8100626,0.789088595552733
4,2,614750.3845676929,0.16239999,2.8107307,0.7893139863249168
4,2,614755.3847615831,0.16239999,2.8109217,0.7895393768674562
4,2,614760.3849554732,0.16239999,2.8113034,0.7897647673360595
4,2,614765.3851493634,0.16239999,2.8118188,0.7899901560277108
4,2,614770.3853432536,0.16239999,2.8121815,0.7902155332520974
4,2,614775.3855371438,0.16239999,2.8124487,0.790440908618502
4,2,614780.385731034,0.16239999,2.813136,0.7906662860003135
4,2,614785.3859249242,0.16239999,2.8133461,0.7908916617530019
4,2,614790.3861188143,0.16239999,2.8138235,0.7911170400104429
4,2,614795.3863127045,0.16239999,2.8143005,0.7913424174071283
4,2,614800.3865065947,0.16239999,2.814835,0.7915677954899062
4,2,614805.3867004849,0.16239999,2.814988,0.7917931743578378
4,2,614810.3868943751,0.16239999,2.8157516,0.7920185542171371
4,2,614815.3870882653,0.16239999,2.8159423,0.7922439357274784
4,2,614820.3872821555,0.16239999,2.8161714,0.7924693185490159
4,2,614825.3874760456,0.16239999,2.8166487,0.7926947018092371
4,2,614830.3876699358,0.16239999,2.816916,0.7929200843345992
4,2,614835.387863826,0.16239999,2.8171833,0.7931454675747559
4,2,614840.3880577162,0.16239999,2.8177178,0.793370848685819
4,2,614845.3882516064,0.16239999,2.8182333,0.7935962297679878
4,2,614850.3884454966,0.16239999,2.8185577,0.7938216120694392
4,2,614855.3886393867,0.16239999,2.8187106,0.7940469950359857
4,2,614860.3888332769,0.16239999,2.8192258,0.7942723771834304
4,2,614865.3890271671,0.16239999,2.8193786,0.7944977584541122
4,2,614870.3892210573,0.16239999,2.8199322,0.7947231405355016
4,2,614875.3894149475,0.16239999,2.8201995,0.7949485215734298
4,2,614880.3896088377,0.16239999,2.820734,0.7951739017698919
4,2,614885.3898027278,0.16239999,2.8211923,0.7953992824319656
4,2,614890.389996618,0.16239999,2.821364,0.7956246607567541
4,2,614895.3901905082,0.16239999,2.8217459,0.7958500404069354
4,2,614900.3903843984,0.16239999,2.8222232,0.7960754197021239
4,2,614905.3905782886,0.16239999,2.822643,0.7963008001792874
4,2,614910.3907721788,0.16239999,2.8231585,0.7965261829803425
4,2,614915.390966069,0.16239999,2.8235593,0.7967515743465726
4,2,614920.3911599591,0.16239999,2.8241131,0.7969769673534604
4,2,614925.3913538493,0.16239999,2.824514,0.797202359269848
4,2,614930.3915477395,0.16239999,2.8250294,0.7974277512794548
4,2,614935.3917416297,0.16239999,2.825564,0.7976531432638463
4,2,614940.3919355199,0.16239999,2.8260984,0.7978785341471927
4,2,614945.3921294101,0.16239999,2.8263085,0.7981039271199344
4,2,614950.3923233002,0.16239999,2.8270528,0.7983293199655832
4,2,614955.3925171904,0.16239999,2.8274348,0.7985547148849083
4,2,614960.3927110806,0.16239999,2.8278928,0.7987801109359327
4,2,614965.3929049708,0.16239999,2.8283892,0.7990055048224798
4,2,614970.393098861,0.16239999,2.8287902,0.7992308998476553
4,2,614975.3932927512,0.16239999,2.829191,0.799456293976578
4,2,614980.3934866413,0.16239999,2.8295155,0.7996816893272454
4,2,614985.3936805315,0.16239999,2.8299546,0.7999070834558958
4,2,614990.3938744217,0.16239999,2.8308136,0.8001324756175127
4,2,614995.3940683119,0.16239999,2.8308136,0.8003578654265466
4,2,615000.3942622021,0.16239999,2.8316536,0.8005832552277773
4,2,615005.3944560923,0.16239999,2.8320165,0.8008086442269489
4,2,615010.3946499825,0.16239999,2.8322837,0.8010340321567179
4,2,615015.3948438726,0.16239999,2.8328564,0.8012594218335197
4,2,615020.3950377628,0.16239999,2.8332763,0.8014848112003253
4,2,615025.395231653,0.16239999,2.833601,0.8017101997575558
4,2,615030.3954255432,0.16239999,2.834269,0.8019355864192277
4,2,615035.3956194334,0.16239999,2.83467,0.8021609746714098
4,2,615040.3958133236,0.16239999,2.83509,0.802386362848236
4,2,615045.3960072137,0.16239999,2.8353763,0.8026117503206445
4,2,615050.3962011039,0.16239999,2.8358536,0.8028371377349045
4,2,615055.3963949941,0.16239999,2.836331,0.8030625246485327
4,2,615060.3965888843,0.16239999,2.8368845,0.8032879135704177
4,2,615065.3967827745,0.16239999,2.837228,0.803513302419456
4,2,615070.3969766647,0.16239999,2.8376098,0.8037386919518076
4,2,615075.3971705548,0.16239999,2.8382018,0.8039640824248953
4,2,615080.397364445,0.16239999,2.8385644,0.804189473803673
4,2,615085.3975583352,0.16239999,2.838717,0.8044148657229406
4,2,615090.3977522254,0.16239999,2.839328,0.8046402578318596
4,2,615095.3979461156,0.16239999,2.8395572,0.8048656464824623
4,2,615100.3981400058,0.16239999,2.840149,0.8050910362331076
4,2,615105.398333896,0.16239999,2.8407598,0.8053164262629288
4,2,615110.3985277861,0.16239999,2.8412752,0.8055418153713929
4,2,615115.3987216763,0.16239999,2.8417716,0.8057672059465005
4,2,615120.3989155665,0.16239999,2.842096,0.805992597504151
4,2,615125.3991094567,0.16239999,2.8424587,0.8062179886319667
4,2,615130.3993033469,0.16239999,2.842745,0.8064433795102567
4,2,615135.399497237,0.16239999,2.8434706,0.8066687713864791
4,2,615140.3996911272,0.16239999,2.8438907,0.8068941637223137
4,2,615145.3998850174,0.16239999,2.844177,0.8071195555508557
4,2,615150.4000789076,0.16239999,2.8446925,0.8073449488413158
4,2,615155.4002727978,0.16239999,2.845036,0.8075703429840421
4,2,615160.400466688,0.16239999,2.8455515,0.8077957357040749
4,2,615165.4006605782,0.16239999,2.846086,0.8080211293921957
4,2,615170.4008544683,0.16239999,2.8463914,0.808246518975814
4,2,615175.4010483585,0.16239999,2.8469641,0.8084719100564964
4,2,615180.4012422487,0.16239999,2.847155,0.8086973011587276
4,2,615185.4014361389,0.16239999,2.8476896,0.8089226938843195
4,2,615190.4016300291,0.16239999,2.8480904,0.809148087409674
4,2,615195.4018239193,0.16239999,2.848625,0.8093734781655452
4,2,615200.4020178095,0.16239999,2.849045,0.8095988674579997
4,2,615205.4022116996,0.16239999,2.8493314,0.8098242569436305
4,2,615210.4024055898,0.16239999,2.8497894,0.8100496483375212
4,2,615215.40259948,0.16239999,2.8502285,0.8102750392204322
4,2,615220.4027933702,0.16239999,2.8508012,0.8105004310664979
4,2,615225.4029872604,0.16239999,2.8512213,0.8107258225151837
4,2,615230.4031811506,0.16239999,2.851775,0.8109512133040335
4,2,615235.4033750407,0.16239999,2.8520422,0.8111766044402874
4,2,615240.4035689309,0.16239999,2.852634,0.8114019929097119
4,2,615245.4037628211,0.16239999,2.8529394,0.8116273821094473
4,2,615250.4039567113,0.16239999,2.8531876,0.8118527713237593
4,2,615255.4041506015,0.16239999,2.8540657,0.812078161127173
4,2,615260.4043444917,0.16239999,2.8542948,0.8123035502058704
4,2,615265.4045383818,0.16239999,2.8549247,0.812528939713107
4,2,615270.404732272,0.16239999,2.855383,0.8127543324186527
4,2,615275.4049261622,0.16239999,2.855822,0.8129797246361257
4,2,615280.4051200524,0.16239999,2.8563182,0.8132051162786887
4,2,615285.4053139426,0.16239999,2.8567193,0.8134305079471376
4,2,615290.4055078328,0.16239999,2.8570628,0.8136558996413513
4,2,615295.405701723,0.16239999,2.857502,0.8138812928089977
4,2,615300.4058956131,0.16239999,2.858132,0.8141066837853588
4,2,615305.4060895033,0.16239999,2.858571,0.8143320754671988
4,2,615310.4062833935,0.16239999,2.8588574,0.8145574662686823
4,2,615315.4064772837,0.16239999,2.8595445,0.8147828575577376
4,2,615320.4066711739,0.16239999,2.8600218,0.8150082488344349
4,2,615325.406865064,0.16239999,2.8605754,0.8152336422157557
4,2,615330.4070589542,0.16239999,2.8610528,0.8154590353851398
4,2,615335.4072528444,0.16239999,2.8614535,0.8156844292954658
4,2,615340.4074467346,0.16239999,2.8618164,0.8159098240511058
4,2,615345.4076406248,0.16239999,2.862561,0.8161352197252443
4,2,615350.407834515,0.16239999,2.863,0.8163606161020784
4,2,615355.4080284052,0.16239999,2.8635154,0.8165860123901522
4,2,615360.4082222953,0.16239999,2.8639355,0.8168114091492011
4,2,615365.4084161855,0.16239999,2.8642027,0.8170368055724392
4,2,615370.4086100757,0.16239999,2.864909,0.8172622001659603
4,2,615375.4088039659,0.16239999,2.8651,0.8174875939152131
4,2,615380.4089978561,0.16239999,2.865787,0.8177129880742263
4,2,615385.4091917463,0.16239999,2.8664553,0.8179383817276407
4,2,615390.4093856364,0.16239999,2.8671043,0.8181637730323298
4,2,615395.4095795266,0.16239999,2.8677726,0.8183891653545828
4,2,615400.4097734168,0.16239999,2.8681352,0.8186145569681441
4,2,615405.409967307,0.16239999,2.8685935,0.8188399451781543
4,2,615410.4101611972,0.16239999,2.8691852,0.8190653359446871
4,2,615415.4103550874,0.16239999,2.8695288,0.8192907284417266
4,2,615420.4105489776,0.16239999,2.8701015,0.8195161182262324
4,2,615425.4107428677,0.16239999,2.870655,0.8197415067822641
4,2,615430.4109367579,0.16239999,2.8713043,0.8199668984685877
4,2,615435.4111306481,0.16239999,2.8718388,0.8201922882293734
4,2,615440.4113245383,0.16239999,2.8722205,0.8204176795910554
4,2,615445.4115184285,0.16239999,2.8728313,0.8206430732784187
4,2,615450.4117123187,0.16239999,2.8733468,0.8208684657815263
4,2,615455.4119062088,0.16239999,2.8740914,0.821093856751787
4,2,615460.412100099,0.16239999,2.8744159,0.821319249284995
4,2,615465.4122939892,0.16239999,2.875065,0.8215446415039979
4,2,615470.4124878794,0.16239999,2.8754277,0.8217700349058426
4,2,615475.4126817696,0.16239999,2.8759813,0.8219954284666304
4,2,615480.4128756598,0.16239999,2.8764777,0.8222208216799265
4,2,615485.41306955,0.16239999,2.8770885,0.8224462156924439
4,2,615490.4132634401,0.16239999,2.8775277,0.8226715981831475
4,2,615495.4134573303,0.16239999,2.878024,0.8228969799308428
4,2,615500.4136512205,0.16239999,2.8784058,0.8231223629007736
4,2,615505.4138451107,0.16239999,2.8787684,0.8233477516320802
4,2,615510.4140390009,0.16239999,2.879284,0.823573139259705
4,2,615515.414232891,0.16239999,2.879933,0.8237985286565787
4,2,615520.4144267812,0.16239999,2.8803148,0.8240239164742653
4,2,615525.4146206714,0.16239999,2.8808303,0.8242493050129239
4,2,615530.4148145616,0.16239999,2.881193,0.8244746932743158
4,2,615535.4150084518,0.16239999,2.8816702,0.8247000836658501
4,2,615540.415202342,0.16239999,2.8822238,0.8249254756318826
4,2,615545.4153962322,0.16239999,2.8827202,0.8251508639674938
4,2,615550.4155901223,0.16239999,2.8833501,0.8253762521700493
4,2,615555.4157840125,0.16239999,2.8836365,0.8256016405321979
4,2,615560.4159779027,0.16239999,2.8844001,0.8258270281647665
4,2,615565.4161717929,0.16239999,2.884782,0.8260524153991273
4,2,615570.4163656831,0.16239999,2.8854692,0.8262778011727173
4,2,615575.4165595733,0.16239999,2.8858893,0.82650319094777
4,2,615580.4167534634,0.16239999,2.8866146,0.826728579249501
4,2,615585.4169473536,0.16239999,2.8870347,0.8269539685462745
4,2,615590.4171412438,0.16239999,2.8874354,0.8271793576473269
4,2,615595.417335134,0.16239999,2.88818,0.8274047488989439
4,2,615600.4175290242,0.16239999,2.8886573,0.8276301376776346
4,2,615605.4177229144,0.16239999,2.8888865,0.8278555265837807
4,2,615610.4179168046,0.16239999,2.88944,0.8280809130243592
4,2,615615.4181106947,0.16239999,2.8899937,0.828306301000917
4,2,615620.4183045849,0.16239999,2.8905473,0.8285316888184803
4,2,615625.4184984751,0.16239999,2.8910055,0.8287570748974787
4,2,615630.4186923653,0.16239999,2.89154,0.82898245882832
4,2,615635.4188862555,0.16239999,2.8918645,0.8292078447260094
4,2,615640.4190801457,0.16239999,2.892399,0.8294332325309605
4,2,615645.4192740358,0.16239999,2.893048,0.8296586184321351
4,2,615650.419467926,0.16239999,2.8934681,0.8298840041826681
4,2,615655.4196618162,0.16239999,2.8941743,0.8301093935008453
4,2,615660.4198557064,0.16239999,2.8946898,0.8303347816061682
4,2,615665.4200495966,0.16239999,2.8950717,0.8305601684988628
4,2,615670.4202434868,0.16239999,2.895797,0.8307855549449911
4,2,615675.420437377,0.16239999,2.8960834,0.8310109402221555
4,2,615680.4206312671,0.16239999,2.8968852,0.8312363270352745
4,2,615685.4208251573,0.16239999,2.8974962,0.8314617144784618
4,2,615690.4210190475,0.16239999,2.897916,0.8316871030006182
4,2,615695.4212129377,0.16239999,2.8982024,0.8319124890830804
4,2,615700.4214068279,0.16239999,2.8989089,0.8321378749139662
4,2,615705.421600718,0.16239999,2.8993478,0.8323632597113811
4,2,615710.4217946082,0.16239999,2.900016,0.8325886447535783
4,2,615715.4219884984,0.16239999,2.900455,0.8328140285159934
4,2,615720.4221823886,0.16239999,2.9010851,0.8330394118876445
4,2,615725.4223762788,0.16239999,2.901505,0.8332647975692223
4,2,615730.422570169,0.16239999,2.9019442,0.8334901829771941
4,2,615735.4227640592,0.16239999,2.9024405,0.8337155707963054
4,2,615740.4229579493,0.16239999,2.9030514,0.8339409580662072
4,2,615745.4231518395,0.16239999,2.9035096,0.8341663460943992
4,2,615750.4233457297,0.16239999,2.9041586,0.8343917324698082
4,2,615755.4235396199,0.16239999,2.904655,0.8346171198607613
4,2,615760.4237335101,0.16239999,2.9051132,0.8348425088540974
4,2,615765.4239274003,0.16239999,2.905705,0.8350678976278044
4,2,615770.4241212904,0.16239999,2.9062204,0.8352932869447126
4,2,615775.4243151806,0.16239999,2.9066021,0.8355186729113488
4,2,615780.4245090708,0.16239999,2.9072704,0.8357440602522935
4,2,615785.424702961,0.16239999,2.9077475,0.8359694462817854
4,2,615790.4248968512,0.16239999,2.908244,0.8361948351871102
4,2,615795.4250907414,0.16239999,2.9087784,0.8364202243578421
4,2,615800.4252846316,0.16239999,2.909351,0.8366456143378412
4,2,615805.4254785217,0.16239999,2.9099813,0.8368710021965599
4,2,615810.4256724119,0.16239999,2.910401,0.8370963908513241
4,2,615815.4258663021,0.16239999,2.9110312,0.8373217785242095
4,2,615820.4260601923,0.16239999,2.9114892,0.8375471634847277
4,2,615825.4262540825,0.16239999,2.9119666,0.8377725468691657
4,2,615830.4264479727,0.16239999,2.9126155,0.8379979314185451
4,2,615835.4266418628,0.16239999,2.9130738,0.8382233195575041
4,2,615840.426835753,0.16239999,2.9136846,0.838448705093308
4,2,615845.4270296432,0.16239999,2.9139137,0.8386740910796039
4,2,615850.4272235334,0.16239999,2.9146583,0.8388994777466121
4,2,615855.4274174236,0.16239999,2.91504,0.839124863909764
4,2,615860.4276113138,0.16239999,2.9155936,0.8393502496465474
4,2,615865.427805204,0.16239999,2.9160519,0.8395756353153914
4,2,615870.4279990941,0.16239999,2.9166627,0.8398010221642236
4,2,615875.4281929843,0.16239999,2.9171019,0.8400264100215341
4,2,615880.4283868745,0.16239999,2.9179227,0.8402517966152567
4,2,615885.4285807647,0.16239999,2.9182281,0.8404771824517893
4,2,615890.4287746549,0.16239999,2.9188008,0.8407025684998686
4,2,615895.428968545,0.16239999,2.9192019,0.8409279533361458
4,2,615900.4291624352,0.16239999,2.9195645,0.841153336709095
4,2,615905.4293563254,0.16239999,2.9202135,0.8413787200844011
4,2,615910.4295502156,0.16239999,2.9207098,0.8416041019590733
4,2,615915.4297441063,0.16239999,2.9212444,0.8418294839891067
4,2,615920.4299379969,0.16239999,2.9216645,0.8420548626465528
4,2,615925.4301318876,0.16239999,2.922199,0.8422802416312276
4,2,615930.4303257782,0.16239999,2.922638,0.8425056207743763
4,2,615935.4305196689,0.16239999,2.923039,0.8427310004612286
4,2,615940.4307135595,0.16239999,2.9235163,0.8429563800668257
4,2,615945.4309074502,0.16239999,2.924108,0.8431817615010395
4,2,615950.4311013408,0.16239999,2.9246426,0.843407143475273
4,2,615955.4312952315,0.16239999,2.925177,0.8436325284994629
4,2,615960.4314891221,0.16239999,2.9258642,0.8438579132461493
4,2,615965.4316830123,0.16239999,2.9260933,0.8440832975251421
4,2,615970.4318769029,0.16239999,2.9267616,0.8443086795272482
4,2,615975.4320707936,0.16239999,2.9272962,0.8445340618364524
4,2,615980.4322646842,0.16239999,2.927697,0.8447594452701636
4,2,615985.4324585749,0.16239999,2.9284415,0.8449848297859341
4,2,615990.4326524655,0.16239999,2.9288423,0.8452102140195761
4,2,615995.4328463562,0.16239999,2.9294724,0.8454355989977835
4,2,616000.4330402468,0.16239999,2.9300642,0.8456609854514063
4,2,616005.4332341375,0.16239999,2.9305797,0.8458863699664517
4,2,616010.4334280281,0.16239999,2.931076,0.846111755278985
4,2,616015.4336219185,0.16239999,2.9316106,0.8463371401007542
4,2,616020.433815809,0.16239999,2.9323359,0.8465625239798239
4,2,616025.4340096994,0.16239999,2.932756,0.846787908663197
4,2,616030.4342035898,0.16239999,2.9332523,0.8470132944622945
4,2,616035.4343974802,0.16239999,2.9337485,0.8472386824101957
4,2,616040.4345913709,0.16239999,2.9343214,0.8474640672404677
4,2,616045.4347852613,0.16239999,2.9347794,0.8476894524931082
4,2,616050.4349791517,0.16239999,2.9352567,0.8479148386649923
4,2,616055.4351730421,0.16239999,2.9359632,0.848140223617761
4,2,616060.4353669325,0.16239999,2.936383,0.8483656086754703
4,2,616065.4355608231,0.16239999,2.9369175,0.8485909923971108
4,2,616070.4357547136,0.16239999,2.9373758,0.8488163781324983
4,2,616075.4359486041,0.16239999,2.9378722,0.8490417623212522
4,2,616080.4361424946,0.16239999,2.9381394,0.8492671442842419
4,2,616085.4363363851,0.16239999,2.9387121,0.8494925291155339
4,2,616090.4365302756,0.16239999,2.9393802,0.8497179120028426
4,2,616095.4367241662,0.16239999,2.939724,0.8499432954538723
4,2,616100.4369180567,0.16239999,2.9402966,0.850168681297588
4,2,616105.4371119472,0.16239999,2.9408312,0.8503940671610131
4,2,616110.4373058378,0.16239999,2.9413273,0.850619455074303
4,2,616115.4374997283,0.16239999,2.9419956,0.8508448417359766
4,2,616120.4376936188,0.16239999,2.942263,0.851070228341049
4,2,616125.4378875094,0.16239999,2.9428165,0.8512956115412142
4,2,616130.4380813993,0.16239999,2.9432938,0.851520995188488
4,2,616135.43827529,0.16239999,2.9440382,0.8517463790836128
4,2,616140.4384691804,0.16239999,2.9443054,0.8519717638873964
4,2,616145.4386630709,0.16239999,2.944859,0.8521971485863403
4,2,616150.4388569614,0.16239999,2.945451,0.8524225351369936
4,2,616155.439050852,0.16239999,2.9457755,0.8526479223898683
4,2,616160.4392447425,0.16239999,2.945909,0.852873310424828
4,2,616165.439438633,0.16239999,2.9464054,0.8530986977322019
4,2,616170.4396325236,0.16239999,2.9470546,0.8533240851396927
4,2,616175.439826414,0.16239999,2.9474745,0.8535494712688485
4,2,616180.4400203044,0.16239999,2.9477227,0.8537748568351982
4,2,616185.4402141948,0.16239999,2.9478755,0.8540002410848696
4,2,616190.4404080852,0.16239999,2.9489827,0.8542256256277023
4,2,616195.4406019757,0.16239999,2.9494982,0.8544510110481994
4,2,616200.4407958661,0.16239999,2.9497654,0.8546763968213582
4,2,616205.4409897567,0.16239999,2.9502425,0.8549017811112942
4,2,616210.4411836471,0.16239999,2.9508727,0.8551271627719709
4,2,616215.4413775376,0.16239999,2.9512353,0.8553525457789112
4,2,616220.441571428,0.16239999,2.951827,0.8555779324143753
4,2,616225.4417653186,0.16239999,2.9523997,0.8558033192151008
4,2,616230.4419592093,0.16239999,2.9531062,0.8560287018272845
4,2,616235.4421530999,0.16239999,2.9537933,0.8562540823430479
4,2,616240.4423469906,0.16239999,2.9543662,0.85647946281629
4,2,616245.4425408812,0.16239999,2.954958,0.8567048436708435
4,2,616250.4427347719,0.16239999,2.9557407,0.8569302263639016
4,2,616255.4429286625,0.16239999,2.9563324,0.8571556102911997
4,2,616260.4431225532,0.16239999,2.9568098,0.8573809948313684
4,2,616265.4433164438,0.16239999,2.9573252,0.8576063799188568
4,2,616270.4435103345,0.16239999,2.9580314,0.8578317656145684
4,2,616275.4437042251,0.16239999,2.9582796,0.8580571537498998
4,2,616280.4438981158,0.16239999,2.9588714,0.8582825376533709
4,2,616285.4440920064,0.16239999,2.9594824,0.8585079216423532
4,2,616290.4442858966,0.16239999,2.9598641,0.8587333052300348
4,2,616295.4444797873,0.16239999,2.9607232,0.8589586908671599
4,2,616300.4446736779,0.16239999,2.9611814,0.8591840782783131
4,2,616305.4448675686,0.16239999,2.9619067,0.8594094635653123
4,2,616310.4450614592,0.16239999,2.9624796,0.8596348493923048
4,2,616315.4452553499,0.16239999,2.9630713,0.859860237253531
4,2,616320.4454492405,0.16239999,2.9637203,0.8600856239756454
4,2,616325.4456431307,0.16239999,2.9644268,0.8603110115392688
4,2,616330.4458370209,0.16239999,2.9649804,0.8605363978191829
4,2,616335.446030911,0.16239999,2.965515,0.8607617839876943
4,2,616340.4462248012,0.16239999,2.9661448,0.8609871716351617
4,2,616345.4464186914,0.16239999,2.966794,0.8612125584539142
4,2,616350.4466125816,0.16239999,2.967271,0.8614379456425152
4,2,616355.4468064718,0.16239999,2.9679775,0.8616633306663541
4,2,616360.447000362,0.16239999,2.968493,0.861888716866927
4,2,616365.4471942522,0.16239999,2.9688556,0.8621141024338305
4,2,616370.4473881423,0.16239999,2.9692566,0.8623394887465247
4,2,616375.4475820325,0.16239999,2.9696383,0.8625648733916605
4,2,616380.4477759227,0.16239999,2.9702492,0.8627902565542567
4,2,616385.4479698129,0.16239999,2.9708984,0.8630156431437076
4,2,616390.4481637031,0.16239999,2.971433,0.8632410292233915
4,2,616395.4483575933,0.16239999,2.972101,0.8634664154682317
4,2,616400.4485514835,0.16239999,2.9726164,0.8636917995721168
4,2,616405.4487453736,0.16239999,2.973132,0.8639171833136173
4,2,616410.4489392638,0.16239999,2.9739337,0.8641425690584282
4,2,616415.449133154,0.16239999,2.97464,0.8643679552870865
4,2,616420.4493270442,0.16239999,2.9751744,0.8645933429753284
4,2,616425.4495209344,0.16239999,2.9757664,0.8648187302991235
4,2,616430.4497148246,0.16239999,2.9765108,0.8650441150465914
4,2,616435.4499087147,0.16239999,2.9770453,0.8652694949649473
4,2,616440.4501026049,0.16239999,2.9776945,0.8654948774492931
4,2,616445.4502964951,0.16239999,2.9780953,0.8657202595604302
4,2,616450.4504903853,0.16239999,2.9784963,0.8659456430637075
4,2,616455.4506842755,0.16239999,2.9791834,0.8661710234960682
4,2,616460.4508781657,0.16239999,2.9800043,0.8663964072269086
4,2,616465.4510720558,0.16239999,2.9804435,0.8666217914121375
4,2,616470.451265946,0.16239999,2.9812453,0.866847174604925
4,2,616475.4514598362,0.16239999,2.9817226,0.8670725555606716
4,2,616480.4516537264,0.16239999,2.9822187,0.8672979403167475
4,2,616485.4518476166,0.16239999,2.982849,0.8675233222918585
4,2,616490.4520415068,0.16239999,2.9836698,0.8677487058540061
4,2,616495.452235397,0.16239999,2.9842234,0.8679740880124304
4,2,616500.4524292871,0.16239999,2.9847007,0.8681994705681975
4,2,616505.4526231773,0.16239999,2.9853497,0.8684248530468783
4,2,616510.4528170675,0.16239999,2.9859605,0.8686502357941494
4,2,616515.4530109577,0.16239999,2.9867623,0.8688756227503014
4,2,616520.4532048479,0.16239999,2.9874115,0.8691010120429612
4,2,616525.453398738,0.16239999,2.9878886,0.8693264021359649
4,2,616530.4535926282,0.16239999,2.988366,0.8695517915345546
4,2,616535.4537865184,0.16239999,2.9889767,0.8697771795227569
4,2,616540.4539804086,0.16239999,2.9896069,0.870002567373645
4,2,616545.4541742988,0.16239999,2.9902558,0.8702279546524461
4,2,616550.454368189,0.16239999,2.990714,0.8704533426169919
4,2,616555.4545620792,0.16239999,2.991325,0.8706787286014177
4,2,616560.4547559693,0.16239999,2.991764,0.8709041168109933
4,2,616565.4549498595,0.16239999,2.992394,0.8711295060715412
4,2,616570.4551437497,0.16239999,2.9932148,0.8713548930421249
4,2,616575.4553376399,0.16239999,2.9940166,0.871580279493933
4,2,616580.4555315301,0.16239999,2.9946656,0.8718056658283573
4,2,616585.4557254203,0.16239999,2.9952002,0.8720310516012105
4,2,616590.4559193105,0.16239999,2.9958112,0.8722564401398112
4,2,616595.4561132006,0.16239999,2.9965749,0.8724818277953277
4,2,616600.4563070908,0.16239999,2.9970329,0.8727072163139492
4,2,616605.456500981,0.16239999,2.9976246,0.872932601659789
4,2,616610.4566948712,0.16239999,2.9982357,0.8731579855682768
4,2,616615.4568887614,0.16239999,2.9988656,0.8733833700853522
4,2,616620.4570826516,0.16239999,2.9994192,0.873608756144927
4,2,616624.1522781327,0.16239999,3.0001256,0.8737753180327641
4,2,616624.1524781324,0.16239999,3.0000873,0.8737753270476049
5,1,616624.1532781329,-0.16239999,2.972341,-1.7928497658835517e-08
5,1,616629.153472025,-0.16239999,2.857311,-0.00022579596450428166
5,1,616634.1536659151,-0.16239999,2.8235977,-0.00045157671933372814
5,1,616639.1538598053,-0.16239999,2.7985702,-0.0006773565163413684
5,1,616644.1540536955,-0.16239999,2.77696,-0.0009031380757606692
5,1,616649.1542475857,-0.16239999,2.7561707,-0.0011289183321115043
5,1,616654.1544414759,-0.16239999,2.733835,-0.0013546983703788783
5,1,616659.154635366,-0.16239999,2.709094,-0.0015804775833462674
5,1,616664.1548292562,-0.16239999,2.6829212,-0.0018062526210008395
5,1,616669.1550231464,-0.16239999,2.6569202,-0.0020320296917019616
5,1,616674.1552170366,-0.16239999,2.6321409,-0.002257806825449069
5,1,616679.1554109268,-0.16239999,2.6081636,-0.0024835847042699653
5,1,616684.155604817,-0.16239999,2.5855033,-0.002709362606777913
5,1,616689.1557987072,-0.16239999,2.5641031,-0.0029351399828965465
5,1,616694.1559925973,-0.16239999,2.5438673,-0.0031609183359204065
5,1,616699.1561864875,-0.16239999,2.5247772,-0.0033866959176229103
5,1,616704.1563803777,-0.16239999,2.5066223,-0.003612474114923841
5,1,616709.1565742679,-0.16239999,2.4893646,-0.003838252596718569
5,1,616714.1567681581,-0.16239999,2.4727943,-0.004064030149356358
5,1,616719.1569620483,-0.16239999,2.456873,-0.004289806763663059
5,1,616724.1571559384,-0.16239999,2.4420207,-0.0045155809634311326
5,1,616729.1573498286,-0.16239999,2.4277794,-0.004741355601515207
5,1,616734.1575437188,-0.16239999,2.413939,-0.004967128884438011
5,1,616739.157737609,-0.16239999,2.4009383,-0.005192905238325397
5,1,616744.1579314992,-0.16239999,2.3882625,-0.005418684532912241
5,1,616749.1581253894,-0.16239999,2.376312,-0.005644467654815979
5,1,616754.1583192796,-0.16239999,2.3648195,-0.005870249825076097
5,1,616759.1585131697,-0.16239999,2.3539953,-0.006096033204058806
5,1,616764.1587070599,-0.16239999,2.3436103,-0.006321814590959086
5,1,616769.1589009501,-0.16239999,2.333645,-0.0065475922497378455
5,1,616774.1590948403,-0.16239999,2.3242526,-0.006773369293525815
5,1,616779.1592887305,-0.16239999,2.3153374,-0.006999148188966844
5,1,616784.1594826207,-0.16239999,2.306556,-0.007224926539847421
5,1,616789.1596765108,-0.16239999,2.2983472,-0.007450704917743803
5,1,616794.159870401,-0.16239999,2.290291,-0.007676483629811142
5,1,616799.1600642912,-0.16239999,2.2827885,-0.007902262103333241
5,1,616804.1602581814,-0.16239999,2.275687,-0.008128038346484304
5,1,616809.1604520716,-0.16239999,2.2688143,-0.008353815581405329
5,1,616814.1606459618,-0.16239999,2.262152,-0.00857959496561024
5,1,616819.160839852,-0.16239999,2.256043,-0.008805372311581341
5,1,616824.1610337421,-0.16239999,2.2501633,-0.00903114767326663
5,1,616829.1612276323,-0.16239999,2.2448943,-0.00925692358941502
5,1,616834.1614215225,-0.16239999,2.23995,-0.009482699623075625
5,1,616839.1616154127,-0.16239999,2.2350438,-0.009708474915685753
5,1,616844.1618093029,-0.16239999,2.2305956,-0.009934251992083257
5,1,616849.162003193,-0.16239999,2.2264912,-0.01016002981773267
5,1,616854.1621970832,-0.16239999,2.2227685,-0.010385807320886188
5,1,616859.1623909734,-0.16239999,2.219008,-0.010611585766178037
5,1,616864.1625848636,-0.16239999,2.2157052,-0.010837362726484735
5,1,616869.1627787538,-0.16239999,2.2128036,-0.011063138129543926
5,1,616874.162972644,-0.16239999,2.2097108,-0.011288914169911709
5,1,616879.1631665342,-0.16239999,2.2070763,-0.01151468805465185
5,1,616884.1633604243,-0.16239999,2.204442,-0.011740464695744217
5,1,616889.1635543145,-0.16239999,2.2020748,-0.011966243934382994
5,1,616894.1637482047,-0.16239999,2.199784,-0.012192020008357863
5,1,616899.1639420949,-0.16239999,2.1976075,-0.012417796168219713
5,1,616904.1641359851,-0.16239999,2.1956031,-0.012643569977922573
5,1,616909.1643298753,-0.16239999,2.193694,-0.012869343299758104
5,1,616914.1645237654,-0.16239999,2.191747,-0.013095117235793008
5,1,616919.1647176556,-0.16239999,2.1899905,-0.013320889291632507
5,1,616924.1649115458,-0.16239999,2.188406,-0.013546662142506905
5,1,616929.165105436,-0.16239999,2.18707,-0.013772432637903426
5,1,616934.1652993262,-0.16239999,2.185199,-0.013998203452796572
5,1,616939.1654932164,-0.16239999,2.1836908,-0.01422397711069468
5,1,616944.1656871065,-0.16239999,2.1822019,-0.014449749000249637
5,1,616949.1658809967,-0.16239999,2.1808846,-0.014675528309351867
5,1,616954.1660748869,-0.16239999,2.1794336,-0.01490130912261539
5,1,616959.1662687771,-0.16239999,2.1780972,-0.015127089119147922
5,1,616964.1664626673,-0.16239999,2.1767993,-0.015352867985983688
5,1,616969.1666565575,-0.16239999,2.1755583,-0.015578646566491987
5,1,616974.1668504477,-0.16239999,2.1742792,-0.015804420017761486
5,1,616979.1670443378,-0.16239999,2.1730385,-0.016030193672123053
5,1,616984.167238228,-0.16239999,2.1717021,-0.016255968182519075
5,1,616989.1674321182,-0.16239999,2.170404,-0.016481743287338146
5,1,616994.1676260084,-0.16239999,2.1692014,-0.016707519160322013
5,1,616999.1678198986,-0.16239999,2.167884,-0.016933296525469252
5,1,617004.1680137888,-0.16239999,2.1667194,-0.017159073818374834
5,1,617009.168207679,-0.16239999,2.1654596,-0.017384851646986266
5,1,617014.1684015691,-0.16239999,2.1641805,-0.017610630746300017
5,1,617019.1685954593,-0.16239999,2.1630352,-0.017836410636733798
5,1,617024.1687893495,-0.16239999,2.1616797,-0.018062188647891907
5,1,617029.1689832397,-0.16239999,2.160515,-0.018287968617852358
5,1,617034.1691771299,-0.16239999,2.1592171,-0.01851374769979632
5,1,617039.16937102,-0.16239999,2.1579762,-0.01873952777942352
5,1,617044.1695649102,-0.16239999,2.156697,-0.018965306701403516
5,1,617049.1697588004,-0.16239999,2.1554754,-0.019191088837263476
5,1,617054.1699526906,-0.16239999,2.1539671,-0.019416871330328277
5,1,617059.1701465808,-0.16239999,2.1528027,-0.01964265327228605
5,1,617064.170340471,-0.16239999,2.15139,-0.019868435108069737
5,1,617069.1705343612,-0.16239999,2.1499965,-0.020094217492682233
5,1,617074.1707282513,-0.16239999,2.1485646,-0.020319996561481715
5,1,617079.1709221415,-0.16239999,2.1473048,-0.020545776645089185
5,1,617084.1711160317,-0.16239999,2.1458728,-0.02077155587625586
5,1,617089.1713099219,-0.16239999,2.1443648,-0.02099733285452011
5,1,617094.1715038121,-0.16239999,2.1427612,-0.021223110737933877
5,1,617099.1716977023,-0.16239999,2.141444,-0.021448887854294642
5,1,617104.1718915924,-0.16239999,2.139955,-0.02167466167606496
5,1,617109.1720854826,-0.16239999,2.138504,-0.021900435870024063
5,1,617114.1722793728,-0.16239999,2.1368623,-0.022126211984323955
5,1,617119.172473263,-0.16239999,2.1352777,-0.02235198759998712
5,1,617124.1726671532,-0.16239999,2.133846,-0.022577763810240556
5,1,617129.1728610434,-0.16239999,2.1321661,-0.022803540313165217
5,1,617134.1730549335,-0.16239999,2.130467,-0.02302931808453384
5,1,617139.1732488237,-0.16239999,2.1288636,-0.023255093912601464
5,1,617144.1734427139,-0.16239999,2.1271834,-0.023480871856291254
5,1,617149.1736366041,-0.16239999,2.1255035,-0.023706651107253292
5,1,617154.1738304943,-0.16239999,2.1237283,-0.023932432162225237
5,1,617159.1740243845,-0.16239999,2.1218956,-0.024158209232283127
5,1,617164.1742182747,-0.16239999,2.1202347,-0.024383985220194682
5,1,617169.1744121648,-0.16239999,2.1184783,-0.024609762313167246
5,1,617174.174606055,-0.16239999,2.1165502,-0.024835537027740637
5,1,617179.1747999452,-0.16239999,2.114775,-0.025061307106634803
5,1,617184.1749938354,-0.16239999,2.112885,-0.025287080699890847
5,1,617189.1751877256,-0.16239999,2.1110713,-0.02551285463668323
5,1,617194.1753816158,-0.16239999,2.1091814,-0.025738626808841193
5,1,617199.175575506,-0.16239999,2.1073105,-0.025964397290441723
5,1,617204.1757693961,-0.16239999,2.1054587,-0.026190168307677737
5,1,617209.1759632863,-0.16239999,2.1033015,-0.02641593929349879
5,1,617214.1761571765,-0.16239999,2.1014307,-0.02664171092331326
5,1,617219.1763510667,-0.16239999,2.099369,-0.026867480371360143
5,1,617224.1765449569,-0.16239999,2.097441,-0.027093249621169428
5,1,617229.176738847,-0.16239999,2.0954554,-0.02731901876979569
5,1,617234.1769327372,-0.16239999,2.0932982,-0.027544789790344727
5,1,617239.1771266274,-0.16239999,2.0912366,-0.027770561570826496
5,1,617244.1773205176,-0.16239999,2.0890028,-0.027996333494983604
5,1,617249.1775144078,-0.16239999,2.0870175,-0.02822210688651766
5,1,617254.177708298,-0.16239999,2.0848413,-0.028447883006544567
5,1,617259.1779021882,-0.16239999,2.082646,-0.028673661402375324
5,1,617264.1780960783,-0.16239999,2.0804887,-0.028899439509203026
5,1,617269.1782899685,-0.16239999,2.0785606,-0.029125216234255985
5,1,617274.1784838587,-0.16239999,2.0763462,-0.029350992257267224
5,1,617279.1786777489,-0.16239999,2.074227,-0.029576766962193766
5,1,617284.1788716391,-0.16239999,2.07207,-0.02980253946456229
5,1,617289.1790655293,-0.16239999,2.070027,-0.030028309523603143
5,1,617294.1792594194,-0.16239999,2.0676217,-0.03025408067500259
5,1,617299.1794533096,-0.16239999,2.065503,-0.030479854067565655
5,1,617304.1796471998,-0.16239999,2.0630975,-0.030705628150359612
5,1,617309.1798410905,-0.16239999,2.0608637,-0.030931404507413496
5,1,617314.1800349811,-0.16239999,2.0588593,-0.031157177017822852
5,1,617319.1802288718,-0.16239999,2.0566068,-0.031382950619129664
5,1,617324.1804227624,-0.16239999,2.0544496,-0.03160872464643418
5,1,617329.1806166531,-0.16239999,2.052006,-0.03183449766324212
5,1,617334.1808105437,-0.16239999,2.049696,-0.03206026971970995
5,1,617339.1810044344,-0.16239999,2.0475388,-0.032286039770974044
5,1,617344.181198325,-0.16239999,2.0454006,-0.03251181007559183
5,1,617349.1813922157,-0.16239999,2.043167,-0.032737581812665686
5,1,617354.1815861063,-0.16239999,2.0407426,-0.03296335368837498
5,1,617359.181779997,-0.16239999,2.0386045,-0.03318912566172331
5,1,617364.1819738876,-0.16239999,2.0363138,-0.033414899699719405
5,1,617369.1821677783,-0.16239999,2.0341375,-0.033640672574995284
5,1,617374.1823616689,-0.16239999,2.0318465,-0.033866446143771205
5,1,617379.1825555596,-0.16239999,2.0297465,-0.034092217895973054
5,1,617384.1827494502,-0.16239999,2.0273795,-0.0343179849306138
5,1,617389.1829433409,-0.16239999,2.0252795,-0.03454375377290861
5,1,617394.1831372315,-0.16239999,2.023065,-0.03476952393574515
5,1,617399.1833311222,-0.16239999,2.0209079,-0.034995293377330726
5,1,617404.1835250128,-0.16239999,2.0185788,-0.035221061395162505
5,1,617409.1837189032,-0.16239999,2.016307,-0.03544683016071385
5,1,617414.1839127936,-0.16239999,2.013959,-0.03567260045005629
5,1,617419.184106684,-0.16239999,2.011878,-0.035898373700384456
5,1,617424.1843005745,-0.16239999,2.0096827,-0.036124145751930764
5,1,617429.1844944649,-0.16239999,2.0072773,-0.036349916912824735
5,1,617434.1846883553,-0.16239999,2.0051584,-0.03657569084103073
5,1,617439.1848822453,-0.16239999,2.0029056,-0.03680146546003304
5,1,617444.1850761357,-0.16239999,2.0007293,-0.03702723944563914
5,1,617449.1852700261,-0.16239999,1.9985721,-0.03725301136659333
5,1,617454.1854639165,-0.16239999,1.9963768,-0.0374787885374079
5,1,617459.185657807,-0.16239999,1.9942005,-0.03770456384063759
5,1,617464.1858516976,-0.16239999,1.9921197,-0.037930341039393495
5,1,617469.1860455881,-0.16239999,1.989886,-0.03815611699196695
5,1,617474.1862394786,-0.16239999,1.9878052,-0.03838188980610833
5,1,617479.1864333692,-0.16239999,1.9854761,-0.038607664026633716
5,1,617484.1866272597,-0.16239999,1.9833381,-0.03883343842269561
5,1,617489.1868211502,-0.16239999,1.9810854,-0.03905921487243886
5,1,617494.1870150408,-0.16239999,1.9789091,-0.039284987799386994
5,1,617499.1872089313,-0.16239999,1.9769046,-0.03951075882618707
5,1,617504.1874028218,-0.16239999,1.9747474,-0.03973653116326943
5,1,617509.1875967124,-0.16239999,1.9726857,-0.039962304260350745
5,1,617514.1877906031,-0.16239999,1.970433,-0.04018807763622782
5,1,617519.1879844937,-0.16239999,1.9683331,-0.04041384880080486
5,1,617524.1881783842,-0.16239999,1.9662522,-0.040639619870817476
5,1,617529.1883722746,-0.16239999,1.964095,-0.04086539093766774
5,1,617534.1885661652,-0.16239999,1.9622242,-0.04109116021333633
5,1,617539.1887600557,-0.16239999,1.9601243,-0.04131692872054045
5,1,617544.1889539462,-0.16239999,1.9581007,-0.041542701721693887
5,1,617549.1891478368,-0.16239999,1.9559625,-0.04176847376485664
5,1,617554.1893417272,-0.16239999,1.9539963,-0.04199424712456347
5,1,617559.1895356176,-0.16239999,1.9520109,-0.04222002061972103
5,1,617564.189729508,-0.16239999,1.949911,-0.04244579862633097
5,1,617569.1899233984,-0.16239999,1.9480973,-0.04267157719870986
5,1,617574.1901172888,-0.16239999,1.9460166,-0.042897355066265484
5,1,617579.1903111793,-0.16239999,1.9438021,-0.04312313123783385
5,1,617584.1905050697,-0.16239999,1.9418739,-0.043348908829040814
5,1,617589.1906989601,-0.16239999,1.9400222,-0.04357468166435012
5,1,617594.1908928505,-0.16239999,1.9382086,-0.043800454009223305
5,1,617599.1910867405,-0.16239999,1.9360704,-0.04402622629531141
5,1,617604.1912806309,-0.16239999,1.9341614,-0.04425199790148105
5,1,617609.1914745215,-0.16239999,1.932157,-0.04447777054628481
5,1,617614.1916684122,-0.16239999,1.9304961,-0.044703544760846425
5,1,617619.1918623028,-0.16239999,1.9286444,-0.04492931844958994
5,1,617624.1920561935,-0.16239999,1.9266399,-0.045155090705980026
5,1,617629.1922500841,-0.16239999,1.9247118,-0.045380862980793746
5,1,617634.1924439748,-0.16239999,1.9226882,-0.045606635916173456
5,1,617639.1926378654,-0.16239999,1.9209701,-0.04583240885867758
5,1,617644.1928317561,-0.16239999,1.9190992,-0.0460581814539921
5,1,617649.1930256467,-0.16239999,1.9173238,-0.04628395332356956
5,1,617654.1932195374,-0.16239999,1.9154339,-0.04650972145673715
5,1,617659.193413428,-0.16239999,1.9134294,-0.04673548885791666
5,1,617664.1936073187,-0.16239999,1.9117304,-0.04696125993812415
5,1,617669.1938012093,-0.16239999,1.9100313,-0.04718703037577868
5,1,617674.1939951,-0.16239999,1.9081604,-0.047412801836310164
5,1,617679.1941889906,-0.16239999,1.9061369,-0.04763857314864629
5,1,617684.1943828813,-0.16239999,1.9045525,-0.04786434485692531
5,1,617689.1945767719,-0.16239999,1.9027388,-0.04809011526392318
5,1,617694.1947706626,-0.16239999,1.901078,-0.048315881624781426
5,1,617699.1949645532,-0.16239999,1.8993407,-0.048541647289951646
5,1,617704.1951584439,-0.16239999,1.8975463,-0.04876741575291836
5,1,617709.1953523345,-0.16239999,1.8958472,-0.048993180842043633
5,1,617714.1955462247,-0.16239999,1.8943582,-0.04921894304874292
5,1,617719.1957401149,-0.16239999,1.8924301,-0.049444703483069945
5,1,617724.1959340051,-0.16239999,1.8906356,-0.04967046807720099
5,1,617729.1961278953,-0.16239999,1.889032,-0.04989623652413571
5,1,617734.1963217854,-0.16239999,1.8876766,-0.0501220033488638
5,1,617739.1965156756,-0.16239999,1.8858631,-0.050347767423056904
5,1,617744.1967095658,-0.16239999,1.8843548,-0.05057352996531875
5,1,617749.196903456,-0.16239999,1.8828086,-0.0507992934031172
5,1,617754.1970973462,-0.16239999,1.8811095,-0.051025058971647594
5,1,617759.1972912364,-0.16239999,1.8794487,-0.05125082420056231
5,1,617764.1974851266,-0.16239999,1.8779978,-0.05147659140382956
5,1,617769.1976790167,-0.16239999,1.8763369,-0.0517023612439914
5,1,617774.1978729069,-0.16239999,1.8748097,-0.05192813044750029
5,1,617779.1980667971,-0.16239999,1.8731489,-0.052153898404421084
5,1,617784.1982606873,-0.16239999,1.8714117,-0.0523796680069897
5,1,617789.1984545775,-0.16239999,1.8698653,-0.052605436042745916
5,1,617794.1986484677,-0.16239999,1.8684527,-0.05283120525541985
5,1,617799.1988423578,-0.16239999,1.8668872,-0.053056974996101534
5,1,617804.199036248,-0.16239999,1.8653028,-0.053282743580381084
5,1,617809.1992301382,-0.16239999,1.863871,-0.05350851014748796
5,1,617814.1994240284,-0.16239999,1.8624201,-0.05373427221879364
5,1,617819.1996179186,-0.16239999,1.8609884,-0.05396003561474633
5,1,617824.1998118088,-0.16239999,1.8595756,-0.05418580155021699
5,1,617829.200005699,-0.16239999,1.858163,-0.05441156844280662
5,1,617834.2001995891,-0.16239999,1.8567312,-0.05463733458597215
5,1,617839.2003934793,-0.16239999,1.8551658,-0.05486310170214294
5,1,617844.2005873695,-0.16239999,1.8536195,-0.055088869660479343
5,1,617849.2007812597,-0.16239999,1.8523023,-0.05531463775399743
5,1,617854.2009751499,-0.16239999,1.8508514,-0.055540407467758506
5,1,617859.20116904,-0.16239999,1.8493242,-0.05576617884953736
5,1,617864.2013629302,-0.16239999,1.8480834,-0.055991951697492784
5,1,617869.2015568204,-0.16239999,1.8464415,-0.05621772498879832
5,1,617874.2017507106,-0.16239999,1.8452388,-0.05644349743305231
5,1,617879.2019446008,-0.16239999,1.8438262,-0.05666927012189728
5,1,617884.202138491,-0.16239999,1.8425472,-0.056895042613570077
5,1,617889.2023323812,-0.16239999,1.8410963,-0.05712081400061152
5,1,617894.2025262713,-0.16239999,1.8397218,-0.05734658765684483
5,1,617899.2027201615,-0.16239999,1.8383281,-0.05757236069909567
5,1,617904.2029140517,-0.16239999,1.8369346,-0.05779813615021194
5,1,617909.2031079419,-0.16239999,1.8358464,-0.05802390948865564
5,1,617914.2033018321,-0.16239999,1.8346246,-0.05824968011177498
5,1,617919.2034957223,-0.16239999,1.8333265,-0.05847545264061708
5,1,617924.2036896124,-0.16239999,1.832162,-0.058701225224650586
5,1,617929.2038835026,-0.16239999,1.8308829,-0.05892699701078569
5,1,617934.2040773928,-0.16239999,1.8295658,-0.05915276770395373
5,1,617939.204271283,-0.16239999,1.8283249,-0.05937853739539038
5,1,617944.2044651732,-0.16239999,1.8272558,-0.05960430711303901
5,1,617949.2046590634,-0.16239999,1.8260341,-0.05983007989733833
5,1,617954.2048529536,-0.16239999,1.8247931,-0.06005584832349752
5,1,617959.2050468437,-0.16239999,1.8233995,-0.06028162009976723
5,1,617964.2052407339,-0.16239999,1.8224069,-0.06050739084062561
5,1,617969.2054346241,-0.16239999,1.8215096,-0.06073316002012128
5,1,617974.2056285143,-0.16239999,1.8202878,-0.06095893167712458
5,1,617979.2058224045,-0.16239999,1.8191234,-0.061184703228685605
5,1,617984.2060162947,-0.16239999,1.8182642,-0.06141047923191224
5,1,617989.2062101848,-0.16239999,1.8170806,-0.06163625721545767
5,1,617994.206404075,-0.16239999,1.8160117,-0.06186203646151226
5,1,617999.2065979652,-0.16239999,1.8148853,-0.06208780650962477
5,1,618004.2067918554,-0.16239999,1.8137971,-0.062313577752026436
5,1,618009.2069857456,-0.16239999,1.8129762,-0.06253934765406369
5,1,618014.2071796358,-0.16239999,1.8120599,-0.06276511904148345
5,1,618019.207373526,-0.16239999,1.8107809,-0.06299088969568661
5,1,618024.2075674161,-0.16239999,1.8098645,-0.06321666082905732
5,1,618029.2077613063,-0.16239999,1.8088337,-0.06344243143201952
5,1,618034.2079551965,-0.16239999,1.8079174,-0.06366820253890589
5,1,618039.2081490867,-0.16239999,1.8066573,-0.06389397344080029
5,1,618044.2083429769,-0.16239999,1.8058556,-0.06411974686801518
5,1,618049.208536867,-0.16239999,1.8050729,-0.06434552133055281
5,1,618054.2087307572,-0.16239999,1.8038893,-0.06457129363546274
5,1,618059.2089246474,-0.16239999,1.803202,-0.06479706758963898
5,1,618064.2091185376,-0.16239999,1.8023047,-0.06502284159364884
5,1,618069.2093124278,-0.16239999,1.8014076,-0.06524861550560512
5,1,618074.209506318,-0.16239999,1.8005103,-0.06547439114930483
5,1,618079.2097002082,-0.16239999,1.7995939,-0.06570016556024222
5,1,618084.2098940983,-0.16239999,1.7988304,-0.06592593547528074
5,1,618089.2100879885,-0.16239999,1.7977804,-0.06615170511538289
5,1,618094.2102818787,-0.16239999,1.7969786,-0.066377475808214
5,1,618099.2104757689,-0.16239999,1.7961386,-0.06660324458145767
5,1,618104.2106696591,-0.16239999,1.7953559,-0.06682901206988513
5,1,618109.2108635493,-0.16239999,1.794955,-0.06705477969495541
5,1,618114.2110574394,-0.16239999,1.793886,-0.06728054872009658
5,1,618119.2112513296,-0.16239999,1.7932751,-0.06750631619974394
5,1,618124.2114452198,-0.16239999,1.7924924,-0.06773208250174839
5,1,618129.21163911,-0.16239999,1.7915951,-0.06795784647978596
5,1,618134.2118330002,-0.16239999,1.7910415,-0.06818361052092084
5,1,618139.2120268904,-0.16239999,1.7902778,-0.06840937672676645
5,1,618144.2122207806,-0.16239999,1.7896098,-0.06863514411395956
5,1,618149.2124146707,-0.16239999,1.7886553,-0.06886091288615102
5,1,618154.2126085609,-0.16239999,1.7881016,-0.06908668237168343
5,1,618159.2128024511,-0.16239999,1.7874526,-0.0693124545877518
5,1,618164.2129963413,-0.16239999,1.7868226,-0.06953822753386862
5,1,618169.2131902315,-0.16239999,1.7864026,-0.06976399845451117
5,1,618174.2133841217,-0.16239999,1.7856199,-0.06998977124525194
5,1,618179.2135780118,-0.16239999,1.7850662,-0.0702155461360001
5,1,618184.213771902,-0.16239999,1.7843217,-0.07044132496097602
5,1,618189.2139657922,-0.16239999,1.7836536,-0.0706671011563225
5,1,618194.2141596824,-0.16239999,1.7831191,-0.07089287640155853
5,1,618199.2143535726,-0.16239999,1.7825081,-0.07111865217259196
5,1,618204.2145474628,-0.16239999,1.7819545,-0.07134442599657344
5,1,618209.214741353,-0.16239999,1.7814009,-0.07157019659557691
5,1,618214.2149352431,-0.16239999,1.7809045,-0.07179596726634603
5,1,618219.2151291333,-0.16239999,1.7802364,-0.07202173731625826
5,1,618224.2153230235,-0.16239999,1.7797782,-0.07224750825890734
5,1,618229.2155169137,-0.16239999,1.77953,-0.07247327795031916
5,1,618234.2157108039,-0.16239999,1.7789764,-0.07269904615431032
5,1,618239.215904694,-0.16239999,1.7783464,-0.0729248139664506
5,1,618244.2160985842,-0.16239999,1.7779264,-0.0731505814294807
5,1,618249.2162924744,-0.16239999,1.777411,-0.07337635109255217
5,1,618254.2164863646,-0.16239999,1.7768383,-0.0736021196113676
5,1,618259.2166802548,-0.16239999,1.776342,-0.07382788980147079
5,1,618264.216874145,-0.16239999,1.7760556,-0.07405365830767156
5,1,618269.2170680352,-0.16239999,1.775521,-0.07427942461815396
5,1,618274.2172619253,-0.16239999,1.7750438,-0.07450519086215564
5,1,618279.2174558155,-0.16239999,1.7745665,-0.07473095802756152
5,1,618284.2176497057,-0.16239999,1.7741466,-0.0749567288416707
5,1,618289.2178435959,-0.16239999,1.7737648,-0.07518249699295397
5,1,618294.2180374861,-0.16239999,1.7733066,-0.07540826454370968
5,1,618299.2182313763,-0.16239999,1.7727911,-0.07563403382505644
5,1,618304.2184252664,-0.16239999,1.7724667,-0.07585980179795211
5,1,618309.2186191566,-0.16239999,1.7721803,-0.07608556981853895
5,1,618314.2188130468,-0.16239999,1.7717985,-0.07631133645501238
5,1,618319.219006937,-0.16239999,1.7713594,-0.07653710346190634
5,1,618324.2192008272,-0.16239999,1.7708821,-0.076762869728903
5,1,618329.2193947174,-0.16239999,1.7703094,-0.07698863674573769
5,1,618334.2195886075,-0.16239999,1.7701567,-0.0772144049510774
5,1,618339.2197824977,-0.16239999,1.7697368,-0.07744016835648734
5,1,618344.2199763879,-0.16239999,1.7693168,-0.0776659318101812
5,1,618349.2201702781,-0.16239999,1.768954,-0.07789169639056509
5,1,618354.2203641683,-0.16239999,1.7687823,-0.07811745921184124
5,1,618359.2205580585,-0.16239999,1.7684386,-0.07834322188145007
5,1,618364.2207519487,-0.16239999,1.7681332,-0.07856898408999462
5,1,618369.2209458388,-0.16239999,1.7675986,-0.07879474502290705
5,1,618374.221139729,-0.16239999,1.7673886,-0.07902050753901736
5,1,618379.2213336192,-0.16239999,1.767255,-0.0792462688792464
5,1,618384.2215275094,-0.16239999,1.766835,-0.07947203007439527
5,1,618389.2217213996,-0.16239999,1.7666823,-0.07969779221915126
5,1,618394.2219152898,-0.16239999,1.7662432,-0.07992355523124009
5,1,618399.22210918,-0.16239999,1.7658805,-0.08014931832465036
5,1,618404.2223030701,-0.16239999,1.7654986,-0.08037507905069659
5,1,618409.2224969603,-0.16239999,1.765365,-0.0806008421947559
5,1,618414.2226908505,-0.16239999,1.7650214,-0.08082660139602177
5,1,618419.2228847407,-0.16239999,1.7648497,-0.08105236089704189
5,1,618424.2230786309,-0.16239999,1.7646205,-0.08127812102565918
5,1,618429.223272521,-0.16239999,1.7643723,-0.08150388013360156
5,1,618434.2234664112,-0.16239999,1.7642387,-0.08172963871497664
5,1,618439.2236603014,-0.16239999,1.763876,-0.08195539689514045
5,1,618444.2238541916,-0.16239999,1.763666,-0.08218115463190198
5,1,618449.2240480818,-0.16239999,1.7633988,-0.08240691640409582
5,1,618454.224241972,-0.16239999,1.7633033,-0.08263267591930185
5,1,618459.2244358622,-0.16239999,1.7629406,-0.08285843483709465
5,1,618464.2246297523,-0.16239999,1.7626542,-0.0830841961656685
5,1,618469.2248236425,-0.16239999,1.7625015,-0.08330995904478683
5,1,618474.2250175327,-0.16239999,1.7623678,-0.08353572049014357
5,1,618479.2252114229,-0.16239999,1.7620434,-0.0837614858587633
5,1,618484.2254053131,-0.16239999,1.7620815,-0.08398725025367244
5,1,618489.2255992033,-0.16239999,1.7618333,-0.0842130151378695
5,1,618494.2257930934,-0.16239999,1.7615852,-0.08443877987987221
5,1,618499.2259869836,-0.16239999,1.7613943,-0.08466454480686125
5,1,618504.2261808738,-0.16239999,1.7612797,-0.08489031050030725
5,1,618509.226374764,-0.16239999,1.7610888,-0.08511607569064038
5,1,618514.2265686542,-0.16239999,1.7607642,-0.08534184137132436
5,1,618519.2267625444,-0.16239999,1.7606115,-0.0855676015690375
5,1,618524.2269564345,-0.16239999,1.760497,-0.08579336287492104
5,1,618529.2271503247,-0.16239999,1.760268,-0.0860191252462707
5,1,618534.2273442149,-0.16239999,1.760077,-0.08624489237560004
5,1,618539.2275381051,-0.16239999,1.7599626,-0.08647065826052514
5,1,618544.2277319953,-0.16239999,1.7597716,-0.08669642388010276
5,1,618549.2279258855,-0.16239999,1.7594852,-0.08692218937432189
5,1,618554.2281197757,-0.16239999,1.7594088,-0.08714795537602739
5,1,618559.2283136658,-0.16239999,1.7592752,-0.08737371924976925
5,1,618564.228507556,-0.16239999,1.7589889,-0.08759948267233954
5,1,618569.2287014462,-0.16239999,1.7589698,-0.08782524676788353
5,1,618574.2288953364,-0.16239999,1.7588744,-0.08805101020452218
5,1,618579.2290892266,-0.16239999,1.7588362,-0.08827677401051508
5,1,618584.2292831168,-0.16239999,1.758588,-0.0885025368173222
5,1,618589.229477007,-0.16239999,1.7585498,-0.08872830165201594
5,1,618594.2296708971,-0.16239999,1.758359,-0.0889540666889234
5,1,618599.2298647873,-0.16239999,1.7581489,-0.08917983367283894
5,1,618604.2300586775,-0.16239999,1.7580917,-0.08940560048907915
5,1,618609.2302525677,-0.16239999,1.757958,-0.0896313661959751
5,1,618614.2304464579,-0.16239999,1.757748,-0.089857130551974
5,1,618619.230640348,-0.16239999,1.7575381,-0.09008289688058779
5,1,618624.2308342382,-0.16239999,1.7575572,-0.09030866011882327
5,1,618629.2310281284,-0.16239999,1.7571753,-0.09053442573051819
5,1,618634.2312220186,-0.16239999,1.757309,-0.09076018850598155
5,1,618639.2314159088,-0.16239999,1.7571944,-0.09098594975986582
5,1,618644.231609799,-0.16239999,1.7570035,-0.09121171164643187
5,1,618649.2318036892,-0.16239999,1.7568316,-0.09143747476219057
5,1,618654.2319975793,-0.16239999,1.7567172,-0.09166323740592931
5,1,618659.2321914695,-0.16239999,1.756698,-0.09188899987931386
5,1,618664.2323853597,-0.16239999,1.7565644,-0.09211476089647
5,1,618669.2325792499,-0.16239999,1.7564499,-0.09234052033832339
5,1,618674.2327731401,-0.16239999,1.7564117,-0.09256628012158723
5,1,618679.2329670303,-0.16239999,1.756259,-0.09279204252009508
5,1,618684.2331609204,-0.16239999,1.7562017,-0.0930178046780949
5,1,618689.2333548106,-0.16239999,1.7560872,-0.09324356499892889
5,1,618694.2335487008,-0.16239999,1.756259,-0.09346932496385443
5,1,618699.233742591,-0.16239999,1.7558771,-0.0936950886230891
5,1,618704.2339364812,-0.16239999,1.7558581,-0.0939208498185989
5,1,618709.2341303714,-0.16239999,1.7557244,-0.09414661444954409
5,1,618714.2343242615,-0.16239999,1.7557054,-0.09437238008848413
5,1,618719.2345181517,-0.16239999,1.7555526,-0.09459814276263781
5,1,618724.2347120419,-0.16239999,1.7555908,-0.09482390633699134
5,1,618729.2349059321,-0.16239999,1.7553426,-0.09504966609519308
5,1,618734.2350998223,-0.16239999,1.7551708,-0.09527542809537055
5,1,618739.2352937125,-0.16239999,1.7551708,-0.09550118957256942
5,1,618744.2354876027,-0.16239999,1.7551517,-0.09572694976670464
5,1,618749.2356814928,-0.16239999,1.7550945,-0.09595271161921821
5,1,618754.235875383,-0.16239999,1.7549609,-0.09617847546672575
5,1,618759.2360692732,-0.16239999,1.7548654,-0.09640423975757346
5,1,618764.2362631634,-0.16239999,1.7547699,-0.09663000328515804
5,1,618769.2364570536,-0.16239999,1.7546744,-0.09685576756372388
5,1,618774.2366509438,-0.16239999,1.7546554,-0.097081531385113
5,1,618779.2368448339,-0.16239999,1.7546172,-0.09730729381444557
5,1,618784.2370387241,-0.16239999,1.7545027,-0.0975330563046113
5,1,618789.2372326143,-0.16239999,1.7543881,-0.09775881890840583
5,1,618794.2374265045,-0.16239999,1.7545408,-0.09798458269138141
5,1,618799.2376203947,-0.16239999,1.754369,-0.09821034617753745
5,1,618804.2378142849,-0.16239999,1.7542354,-0.09843611216642711
5,1,618809.238008175,-0.16239999,1.75435,-0.0986618782770452
5,1,618814.2382020652,-0.16239999,1.7541591,-0.09888764609893665
5,1,618819.2383959554,-0.16239999,1.7540255,-0.09911341255113652
5,1,618824.2385898456,-0.16239999,1.7540636,-0.09933917693173144
5,1,618829.2387837358,-0.16239999,1.7540064,-0.09956493858790898
5,1,618834.238977626,-0.16239999,1.7537582,-0.09979069974568158
5,1,618839.2391715162,-0.16239999,1.7537582,-0.10001645928035348
5,1,618844.2393654063,-0.16239999,1.7537963,-0.10024221980249554
5,1,618849.2395592965,-0.16239999,1.7538536,-0.10046798252859632
5,1,618854.2397531867,-0.16239999,1.7535481,-0.10069374450429201
5,1,618859.2399470769,-0.16239999,1.7537009,-0.10091950482012418
5,1,618864.2401409671,-0.16239999,1.7535291,-0.10114526718225417
5,1,618869.2403348573,-0.16239999,1.7533,-0.1013710306299147
5,1,618874.2405287474,-0.16239999,1.7534719,-0.10159679412562653
5,1,618879.2407226376,-0.16239999,1.7532046,-0.10182255470940889
5,1,618884.2409165278,-0.16239999,1.7532046,-0.10204831568371592
5,1,618889.241110418,-0.16239999,1.7533,-0.10227407733425171
5,1,618894.2413043082,-0.16239999,1.75309,-0.10249983837764633
5,1,618899.2414981984,-0.16239999,1.7533,-0.10272560106702816
5,1,618904.2416920885,-0.16239999,1.7533573,-0.10295136277944682
5,1,618909.2418859787,-0.16239999,1.75309,-0.10317712809392565
5,1,618914.2420798689,-0.16239999,1.753071,-0.10340289449615367
5,1,618919.2422737596,-0.16239999,1.7529755,-0.10362866240676828
5,1,618924.2424676502,-0.16239999,1.7530327,-0.10385442717541676
5,1,618929.2426615409,-0.16239999,1.752899,-0.10408019294805085
5,1,618934.2428554315,-0.16239999,1.7529373,-0.10430595940392139
5,1,618939.2430493222,-0.16239999,1.7528228,-0.10453172662066673
5,1,618944.2432432128,-0.16239999,1.7528228,-0.1047574948694839
5,1,618949.2434371035,-0.16239999,1.7528609,-0.10498326157390331
5,1,618954.2436309941,-0.16239999,1.75267,-0.1052090276569915
5,1,618959.2438248848,-0.16239999,1.7526318,-0.10543479437024068
5,1,618964.2440187754,-0.16239999,1.7526891,-0.1056605609107258
5,1,618969.2442126661,-0.16239999,1.7526891,-0.1058863281734222
5,1,618974.2444065567,-0.16239999,1.7527273,-0.10611209647749452
5,1,618979.2446004474,-0.16239999,1.752651,-0.10633786594611246
5,1,618984.244794338,-0.16239999,1.752651,-0.1065636327547771
5,1,618989.2449882287,-0.16239999,1.7523837,-0.10678940042468911
5,1,618994.2451821188,-0.16239999,1.7525936,-0.10701516674504682
5,1,618999.2453760095,-0.16239999,1.7524791,-0.10724093438997621
5,1,619004.2455699001,-0.16239999,1.7525173,-0.10746670064041686
5,1,619009.2457637908,-0.16239999,1.7522691,-0.10769246939742239
5,1,619014.2459576814,-0.16239999,1.7523264,-0.10791824074304605
5,1,619019.2461515719,-0.16239999,1.7522691,-0.10814401262719354
5,1,619024.2463454623,-0.16239999,1.7522501,-0.10836978462320489
5,1,619029.2465393527,-0.16239999,1.7523073,-0.10859555651583197
5,1,619034.2467332431,-0.16239999,1.7522118,-0.10882132793932496
5,1,619039.2469271335,-0.16239999,1.7520972,-0.10904709672552683
5,1,619044.247121024,-0.16239999,1.7520782,-0.1092728660737823
5,1,619049.2473149144,-0.16239999,1.7521355,-0.10949863195045546
5,1,619054.2475088048,-0.16239999,1.7521355,-0.10972440013065195
5,1,619059.2477026952,-0.16239999,1.7521355,-0.10995016798505772
5,1,619064.2478965856,-0.16239999,1.7521546,-0.11017593596638828
5,1,619069.2480904764,-0.16239999,1.7520782,-0.11040170384791831
5,1,619074.2482843669,-0.16239999,1.7519064,-0.11062747322188572
5,1,619079.2484782574,-0.16239999,1.7519255,-0.11085324285811027
5,1,619084.248672148,-0.16239999,1.7519255,-0.11107901233649592
5,1,619089.2488660385,-0.16239999,1.7518873,-0.11130478222292171
5,1,619094.249059929,-0.16239999,1.7517918,-0.11153055424646625
5,1,619099.2492538196,-0.16239999,1.7517728,-0.11175632451404058
5,1,619104.2494477101,-0.16239999,1.7517537,-0.1119820941098896
5,1,619109.2496416005,-0.16239999,1.7517918,-0.11220786514874471
5,1,619114.2498354911,-0.16239999,1.7517346,-0.11243363715113955
5,1,619119.2500293816,-0.16239999,1.75183,-0.11265940892565092
5,1,619124.2502232721,-0.16239999,1.7517155,-0.11288518079331938
5,1,619129.2504171627,-0.16239999,1.75183,-0.11311095144190896
5,1,619134.2506110531,-0.16239999,1.7517918,-0.11333671861331172
5,1,619139.2508049437,-0.16239999,1.7517346,-0.11356248667893318
5,1,619144.2509988341,-0.16239999,1.7518109,-0.11378825538952077
5,1,619149.2511927247,-0.16239999,1.7516963,-0.1140140226271087
5,1,619154.2513866147,-0.16239999,1.7516773,-0.11423979033702619
5,1,619159.2515805053,-0.16239999,1.7516582,-0.11446555732402212
5,1,619164.2517743958,-0.16239999,1.75162,-0.11469132376943701
5,1,619169.2519682862,-0.16239999,1.7516391,-0.11491709254830586
5,1,619174.2521621767,-0.16239999,1.7514864,-0.11514285849274206
5,1,619179.2523560671,-0.16239999,1.7515819,-0.11536862351361421
5,1,619184.2525499577,-0.16239999,1.75162,-0.11559439024198477
5,1,619189.2527438481,-0.16239999,1.7515627,-0.11582015780487581
5,1,619194.2529377386,-0.16239999,1.7515246,-0.11604592378062928
5,1,619199.253131629,-0.16239999,1.7514673,-0.11627169067371064
5,1,619204.2533255194,-0.16239999,1.7514673,-0.11649745968504588
5,1,619209.2535194098,-0.16239999,1.75141,-0.11672322864942922
5,1,619214.2537133002,-0.16239999,1.7514292,-0.11694899811684843
5,1,619219.2539071906,-0.16239999,1.75141,-0.11717476894588692
5,1,619224.2541010813,-0.16239999,1.7512764,-0.11740053897490772
5,1,619229.2542949719,-0.16239999,1.7512573,-0.11762630935105191
5,1,619234.2544888626,-0.16239999,1.7514292,-0.11785207778313017
5,1,619239.2546827532,-0.16239999,1.7513719,-0.11807784904411359
5,1,619244.2548766439,-0.16239999,1.7512956,-0.11830361934275269
5,1,619249.2550705345,-0.16239999,1.7512382,-0.11852938874866902
5,1,619254.2552644252,-0.16239999,1.751181,-0.11875515814324143
5,1,619259.2554583158,-0.16239999,1.7514483,-0.11898092736582712
5,1,619264.2556522065,-0.16239999,1.7511427,-0.11920669591083134
5,1,619269.2558460971,-0.16239999,1.7512573,-0.11943246311665415
5,1,619274.2560399878,-0.16239999,1.7511237,-0.11965822853409919
5,1,619279.2562338784,-0.16239999,1.75099,-0.11988399410509655
5,1,619284.2564277691,-0.16239999,1.751181,-0.12010975913128759
5,1,619289.2566216597,-0.16239999,1.7510283,-0.12033552316451326
5,1,619294.2568155504,-0.16239999,1.7510855,-0.1205612876433027
5,1,619299.257009441,-0.16239999,1.7510664,-0.12078705022186957
5,1,619304.2572033317,-0.16239999,1.7509519,-0.12101281352515277
5,1,619309.2573972223,-0.16239999,1.750971,-0.12123857661077883
5,1,619314.257591113,-0.16239999,1.7509137,-0.12146434025622828
5,1,619319.2577850032,-0.16239999,1.7509328,-0.12169010608421603
5,1,619324.2579788938,-0.16239999,1.7508183,-0.1219158726605045
5,1,619329.258172784,-0.16239999,1.7507801,-0.12214164012346009
5,1,619334.2583666742,-0.16239999,1.7509137,-0.1223674095990559
5,1,619339.2585605644,-0.16239999,1.7507037,-0.12259317909278974
5,1,619344.2587544546,-0.16239999,1.7508373,-0.12281895046139846
5,1,619349.2589483447,-0.16239999,1.7508183,-0.12304472132551014
5,1,619354.2591422349,-0.16239999,1.7508373,-0.12327049053567986
5,1,619359.2593361251,-0.16239999,1.7507418,-0.1234962611824548
5,1,619364.2595300153,-0.16239999,1.7507228,-0.12372203176239636
5,1,619369.2597239055,-0.16239999,1.7507037,-0.12394779995499558
5,1,619374.2599177957,-0.16239999,1.7506274,-0.12417356883084697
5,1,619379.2601116858,-0.16239999,1.750551,-0.12439933995922578
5,1,619384.260305576,-0.16239999,1.7506274,-0.12462511098645136
5,1,619389.2604994662,-0.16239999,1.7507992,-0.12485088225948154
5,1,619394.2606933564,-0.16239999,1.7506846,-0.12507665228142678
5,1,619399.2608872466,-0.16239999,1.7506655,-0.1253024214884507
5,1,619404.2610811368,-0.16239999,1.7504746,-0.12552819171566523
5,1,619409.261275027,-0.16239999,1.7507037,-0.12575396282309134
5,1,619414.2614689171,-0.16239999,1.7505128,-0.12597973348937852
5,1,619419.2616628073,-0.16239999,1.7506274,-0.12620550528464308
5,1,619424.2618566975,-0.16239999,1.7503219,-0.1264312814464396
5,1,619429.2620505877,-0.16239999,1.7503409,-0.1266570573211197
5,1,619434.2622444779,-0.16239999,1.750551,-0.12688283526624
5,1,619439.262438368,-0.16239999,1.7506655,-0.12710861318760372
5,1,619444.2626322582,-0.16239999,1.7504555,-0.12733439179435793
5,1,619449.2628261484,-0.16239999,1.7503792,-0.1275601692429169
5,1,619454.2630200386,-0.16239999,1.7502837,-0.1277859443741897
5,1,619459.2632139288,-0.16239999,1.7503792,-0.1280117184309389
5,1,619464.263407819,-0.16239999,1.7503219,-0.12823749472675564
5,1,619469.2636017092,-0.16239999,1.7502837,-0.12846326949600304
5,1,619474.2637955993,-0.16239999,1.7503601,-0.12868904340233828
5,1,619479.2639894895,-0.16239999,1.7502265,-0.1289148161653215
5,1,619484.2641833797,-0.16239999,1.7503219,-0.12914058883126173
5,1,619489.2643772699,-0.16239999,1.7504555,-0.1293663620705258
5,1,619494.2645711601,-0.16239999,1.7503601,-0.12959213644963927
5,1,619499.2647650503,-0.16239999,1.7504174,-0.12981791129218548
5,1,619504.2649589404,-0.16239999,1.7502073,-0.13004368497170932
5,1,619509.2651528306,-0.16239999,1.7502456,-0.13026945722574998
5,1,619514.2653467208,-0.16239999,1.7501501,-0.13049523445428504
5,1,619519.265540611,-0.16239999,1.7503601,-0.13072100985408502
5,1,619524.2657345012,-0.16239999,1.7502837,-0.13094678605689203
5,1,619529.2659283914,-0.16239999,1.7501882,-0.13117256518803136
5,1,619534.2661222816,-0.16239999,1.7502456,-0.13139834341721912
5,1,619539.2663161717,-0.16239999,1.7502646,-0.13162411967172155
5,1,619544.2665100619,-0.16239999,1.7501882,-0.13184989679571998
5,1,619549.2667039521,-0.16239999,1.7502073,-0.13207567122224897
5,1,619554.2668978423,-0.16239999,1.7501501,-0.13230144134076532
5,1,619559.2670917325,-0.16239999,1.7500929,-0.1325272122868541
5,1,619564.2672856227,-0.16239999,1.7501119,-0.13275298527318172
5,1,619569.2674795128,-0.16239999,1.750131,-0.13297875825068453
5,1,619574.267673403,-0.16239999,1.7500355,-0.1332045339583367
5,1,619579.2678672932,-0.16239999,1.7500546,-0.1334303076177183
5,1,619584.2680611834,-0.16239999,1.7499783,-0.13365607999094425
5,1,619589.2682550736,-0.16239999,1.7499592,-0.13388185161156968
5,1,619594.2684489638,-0.16239999,1.7498065,-0.13410762108037555
5,1,619599.268642854,-0.16239999,1.7497873,-0.13433339042369044
5,1,619604.2688367441,-0.16239999,1.749921,-0.13455915978924862
5,1,619609.2690306343,-0.16239999,1.7499019,-0.13478493230077143
5,1,619614.2692245245,-0.16239999,1.7497492,-0.13501070902187806
5,1,619619.2694184147,-0.16239999,1.7498065,-0.13523648704062335
5,1,619624.2696123049,-0.16239999,1.7497492,-0.13546226138609996
5,1,619629.269806195,-0.16239999,1.7498828,-0.13568803959443684
5,1,619634.2700000852,-0.16239999,1.749711,-0.13591381782777953
5,1,619639.2701939754,-0.16239999,1.7496537,-0.13613959370429002
5,1,619644.2703878656,-0.16239999,1.7497492,-0.13636536764717946
5,1,619649.2705817558,-0.16239999,1.7497301,-0.1365911402018494
5,1,619654.270775646,-0.16239999,1.7496537,-0.13681691386345377
5,1,619659.2709695362,-0.16239999,1.7498065,-0.13704268689442609
5,1,619664.2711634263,-0.16239999,1.7495774,-0.13726845882914482
5,1,619669.2713573165,-0.16239999,1.7495201,-0.1374942312974973
5,1,619674.2715512067,-0.16239999,1.749711,-0.13772000187716155
5,1,619679.2717450969,-0.16239999,1.7496729,-0.1379457726733115
5,1,619684.2719389871,-0.16239999,1.7496346,-0.1381715430776644
5,1,619689.2721328773,-0.16239999,1.7495583,-0.13839731212912765
5,1,619694.2723267674,-0.16239999,1.7495201,-0.138623083195511
5,1,619699.2725206576,-0.16239999,1.749501,-0.13884885544234696
5,1,619704.2727145478,-0.16239999,1.7496156,-0.13907462692463662
5,1,619709.272908438,-0.16239999,1.7494819,-0.1393003980154405
5,1,619714.2731023282,-0.16239999,1.7496156,-0.13952617072869772
5,1,619719.2732962184,-0.16239999,1.749501,-0.13975194330990498
5,1,619724.2734901085,-0.16239999,1.7494628,-0.13997771237798218
5,1,619729.2736839987,-0.16239999,1.7494819,-0.14020348142656452
5,1,619734.2738778889,-0.16239999,1.7495393,-0.14042925085900243
5,1,619739.2740717791,-0.16239999,1.7493864,-0.14065502176625547
5,1,619744.2742656693,-0.16239999,1.7494056,-0.14088079158404487
5,1,619749.2744595595,-0.16239999,1.7493101,-0.141106559202379
5,1,619754.2746534497,-0.16239999,1.7494247,-0.14133232848089453
5,1,619759.2748473398,-0.16239999,1.7493864,-0.14155809563184296
5,1,619764.27504123,-0.16239999,1.7492337,-0.1417838614653243
5,1,619769.2752351202,-0.16239999,1.7493101,-0.14200962849352194
5,1,619774.2754290104,-0.16239999,1.749272,-0.14223539531548338
5,1,619779.2756229006,-0.16239999,1.7493864,-0.14246116361319539
5,1,619784.2758167908,-0.16239999,1.7492337,-0.14268693154576687
5,1,619789.276010681,-0.16239999,1.7491956,-0.14291269944198862
5,1,619794.2762045711,-0.16239999,1.7491956,-0.1431384681660394
5,1,619799.2763984613,-0.16239999,1.7491574,-0.1433642367790161
5,1,619804.2765923515,-0.16239999,1.7491574,-0.14359000591482654
5,1,619809.2767862417,-0.16239999,1.7491384,-0.14381577432368464
5,1,619814.2769801319,-0.16239999,1.7491574,-0.1440415392274817
5,1,619819.277174022,-0.16239999,1.749272,-0.14426730491307976
5,1,619824.2773679122,-0.16239999,1.7490238,-0.14449307204135445
5,1,619829.2775618024,-0.16239999,1.7491192,-0.14471884302178792
5,1,619834.2777556926,-0.16239999,1.7491192,-0.14494461692248556
5,1,619839.2779495828,-0.16239999,1.749081,-0.1451703885356124
5,1,619844.278143473,-0.16239999,1.7489855,-0.14539616058358243
5,1,619849.2783373632,-0.16239999,1.749081,-0.14562193431870746
5,1,619854.2785312533,-0.16239999,1.7489092,-0.14584770705562025
5,1,619859.2787251435,-0.16239999,1.7489474,-0.14607347578284746
5,1,619864.2789190337,-0.16239999,1.7490047,-0.14629924369847053
5,1,619869.2791129239,-0.16239999,1.7489092,-0.14652501401263002
5,1,619874.2793068141,-0.16239999,1.7488711,-0.1467507836300195
5,1,619879.2795007043,-0.16239999,1.7488711,-0.14697655385970265
5,1,619884.2796945944,-0.16239999,1.7487947,-0.14720232378305353
5,1,619889.2798884846,-0.16239999,1.7488711,-0.14742809562500425
5,1,619894.2800823748,-0.16239999,1.7487947,-0.14765386687714052
5,1,619899.280276265,-0.16239999,1.7488328,-0.14787963712096985
5,1,619904.2804701552,-0.16239999,1.7488902,-0.14810540861592883
5,1,619909.2806640454,-0.16239999,1.7488137,-0.14833118081353053
5,1,619914.2808579355,-0.16239999,1.7487756,-0.14855695235413588
5,1,619919.2810518257,-0.16239999,1.7487947,-0.1487827233572994
5,1,619924.2812457159,-0.16239999,1.7487565,-0.1490084919047358
5,1,619929.2814396061,-0.16239999,1.7487375,-0.14923425888573816
5,1,619934.2816334963,-0.16239999,1.7485846,-0.14946002794380012
5,1,619939.2818273865,-0.16239999,1.7484702,-0.14968579579878621
5,1,619944.2820212767,-0.16239999,1.7485846,-0.14991156252507143
5,1,619949.2822151668,-0.16239999,1.7487375,-0.15013733327973988
5,1,619954.282409057,-0.16239999,1.7486038,-0.15036310333417877
5,1,619959.2826029472,-0.16239999,1.7484893,-0.15058887227659862
5,1,619964.2827968374,-0.16239999,1.7486038,-0.1508146415028359
5,1,619969.2829907276,-0.16239999,1.748661,-0.1510404097831268
5,1,619974.2831846178,-0.16239999,1.7485465,-0.1512661769364561
5,1,619979.283378508,-0.16239999,1.7484893,-0.15149194416843542
5,1,619984.2835723981,-0.16239999,1.7485846,-0.1517177126621217
5,1,619989.2837662883,-0.16239999,1.7485846,-0.15194348112251796
5,1,619994.2839601785,-0.16239999,1.7485274,-0.15216924662142184
5,1,619999.2841540687,-0.16239999,1.7485846,-0.15239501391142793
5,1,620004.2843479589,-0.16239999,1.7485465,-0.15262078121317363
5,1,620009.284541849,-0.16239999,1.7484702,-0.15284654832731207
5,1,620014.2847357392,-0.16239999,1.7485656,-0.1530723145235315
5,1,620019.2849296294,-0.16239999,1.7485656,-0.1532980812278342
5,1,620024.2851235196,-0.16239999,1.7484702,-0.15352384815901784
5,1,620029.2853174098,-0.16239999,1.7483366,-0.15374961410929944
5,1,620034.2855113,-0.16239999,1.7483747,-0.15397537957769156
5,1,620039.2857051902,-0.16239999,1.7483938,-0.15420115093140324
5,1,620044.2858990803,-0.16239999,1.7482601,-0.15442692319945267
5,1,620049.2860929705,-0.16239999,1.7482411,-0.15465269777771273
5,1,620054.2862868607,-0.16239999,1.7484893,-0.15487847193073503
5,1,620059.2864807509,-0.16239999,1.7483556,-0.15510424658832309
5,1,620064.2866746411,-0.16239999,1.7482983,-0.1553300199816726
5,1,620069.2868685313,-0.16239999,1.7482601,-0.15555579234380795
5,1,620074.2870624214,-0.16239999,1.7482029,-0.15578156583860872
5,1,620079.2872563116,-0.16239999,1.7483747,-0.15600734038465247
5,1,620084.2874502018,-0.16239999,1.7482029,-0.15623311503442733
5,1,620089.287644092,-0.16239999,1.7482029,-0.15645888977277636
5,1,620094.2878379822,-0.16239999,1.7482029,-0.15668466361748618
5,1,620099.2880318724,-0.16239999,1.7482029,-0.15691043632611076
5,1,620104.2882257625,-0.16239999,1.7482601,-0.15713620974132939
5,1,620109.2884196527,-0.16239999,1.7481074,-0.1573619848114983
5,1,620114.2886135429,-0.16239999,1.7481838,-0.15758775923145835
5,1,620119.2888074331,-0.16239999,1.7481456,-0.15781353417456423
5,1,620124.2890013233,-0.16239999,1.748222,-0.15803930711553435
5,1,620129.2891952135,-0.16239999,1.7480693,-0.15826508044616572
5,1,620134.2893891037,-0.16239999,1.7479547,-0.15849084990832896
5,1,620139.2895829938,-0.16239999,1.7481647,-0.1587166258782573
5,1,620144.289776884,-0.16239999,1.748012,-0.15894240391988995
5,1,620149.2899707742,-0.16239999,1.7482029,-0.15916818205669384
5,1,620154.2901646644,-0.16239999,1.7480693,-0.1593939595930099
5,1,620159.2903585546,-0.16239999,1.7479929,-0.159619740179515
5,1,620164.2905524448,-0.16239999,1.7479738,-0.15984551754642387
5,1,620169.2907463349,-0.16239999,1.7479738,-0.1600712967249199
5,1,620174.2909402251,-0.16239999,1.7479929,-0.16029707465725748
5,1,620179.2911341153,-0.16239999,1.7478402,-0.16052285148321116
5,1,620184.2913280055,-0.16239999,1.747802,-0.16074862715447635
5,1,620189.2915218957,-0.16239999,1.7478974,-0.16097440332317045
5,1,620194.2917157859,-0.16239999,1.7478211,-0.16120018000139238
5,1,620199.291909676,-0.16239999,1.747783,-0.16142595559092057
5,1,620204.2921035662,-0.16239999,1.747802,-0.1616517280468455
5,1,620209.2922974564,-0.16239999,1.7479357,-0.1618775014529115
5,1,620214.2924913466,-0.16239999,1.7478592,-0.16210327321356313
5,1,620219.2926852368,-0.16239999,1.7477065,-0.16232904451457933
5,1,620224.292879127,-0.16239999,1.7478402,-0.16255481657561188
5,1,620229.2930730172,-0.16239999,1.7477447,-0.1627805917005351
5,1,620234.2932669073,-0.16239999,1.7477638,-0.1630063695765703
5,1,620239.2934607975,-0.16239999,1.7478211,-0.16323214652877244
5,1,620244.2936546877,-0.16239999,1.7476301,-0.16345792042174548
5,1,620249.2938485779,-0.16239999,1.7476493,-0.16368369523103976
5,1,620254.2940424681,-0.16239999,1.7475538,-0.1639094691575586
5,1,620259.2942363583,-0.16239999,1.7476493,-0.16413524309646696
5,1,620264.2944302484,-0.16239999,1.7474965,-0.16436101438788434
5,1,620269.2946241386,-0.16239999,1.7475348,-0.16458678339784866
5,1,620274.2948180288,-0.16239999,1.7475348,-0.16481255453145943
5,1,620279.295011919,-0.16239999,1.7474583,-0.16503832373594518
5,1,620284.2952058092,-0.16239999,1.7475538,-0.1652640937901738
5,1,620289.2953996994,-0.16239999,1.7474774,-0.16548986374735858
5,1,620294.2955935895,-0.16239999,1.7473247,-0.16571563273943157
5,1,620299.2957874797,-0.16239999,1.7473438,-0.16594140259923892
5,1,620304.2959813699,-0.16239999,1.7474202,-0.1661671692229851
5,1,620309.2961752601,-0.16239999,1.7474202,-0.16639293978624484
5,1,620314.2963691503,-0.16239999,1.7473629,-0.16661870954128047
5,1,620319.2965630405,-0.16239999,1.7473247,-0.1668444769933433
5,1,620324.2967569306,-0.16239999,1.7473247,-0.16707024370556925
5,1,620329.2969508208,-0.16239999,1.7473247,-0.16729601211338677
5,1,620334.297144711,-0.16239999,1.747172,-0.16752177996055306
5,1,620339.2973386012,-0.16239999,1.7472101,-0.16774754827238308
5,1,620344.2975324914,-0.16239999,1.747172,-0.1679733209417961
5,1,620349.2977263816,-0.16239999,1.7471911,-0.16819909394334026
5,1,620354.2979202718,-0.16239999,1.7472292,-0.16842486719901298
5,1,620359.2981141619,-0.16239999,1.7471529,-0.1686506399514321
5,1,620364.2983080521,-0.16239999,1.7472101,-0.16887641249194343
5,1,620369.2985019423,-0.16239999,1.7471339,-0.16910218119437345
5,1,620374.2986958325,-0.16239999,1.7469429,-0.16932794877766252
5,1,620379.2988897227,-0.16239999,1.7470002,-0.16955371631139612
5,1,620384.2990836129,-0.16239999,1.7471148,-0.1697794848330875
5,1,620389.299277503,-0.16239999,1.7470002,-0.1700052535302988
5,1,620394.2994713932,-0.16239999,1.7469621,-0.17023102264147183
5,1,620399.2996652834,-0.16239999,1.7468475,-0.17045679041058004
5,1,620404.2998591736,-0.16239999,1.7469047,-0.17068255723528825
5,1,620409.3000530638,-0.16239999,1.7468284,-0.1709083234049207
5,1,620414.300246954,-0.16239999,1.7468475,-0.17113408941620517
5,1,620419.3004408441,-0.16239999,1.7468857,-0.17135985597648318
5,1,620424.3006347343,-0.16239999,1.7468857,-0.17158562100930608
5,1,620429.3008286245,-0.16239999,1.7468092,-0.17181138625445147
5,1,620434.3010225147,-0.16239999,1.7466756,-0.17203715173206657
5,1,620439.3012164049,-0.16239999,1.7468284,-0.17226291526502882
5,1,620444.3014102951,-0.16239999,1.746752,-0.1724886807129666
5,1,620449.3016041853,-0.16239999,1.7466184,-0.17271444480525636
5,1,620454.3017980754,-0.16239999,1.7468284,-0.17294021201913323
5,1,620459.3019919656,-0.16239999,1.7466375,-0.17316598007235195
5,1,620464.3021858558,-0.16239999,1.7465229,-0.17339174574102892
5,1,620469.302379746,-0.16239999,1.7465802,-0.17361750966272851
5,1,620474.3025736362,-0.16239999,1.746542,-0.17384327195379237
5,1,620479.3027675264,-0.16239999,1.7465802,-0.17406903338461882
5,1,620484.3029614165,-0.16239999,1.7464657,-0.17429479722432062
5,1,620489.3031553067,-0.16239999,1.7465038,-0.1745205603772006
5,1,620494.3033491969,-0.16239999,1.7464083,-0.17474632349421015
5,1,620499.3035430871,-0.16239999,1.7463702,-0.17497208780693443
5,1,620504.3037369773,-0.16239999,1.746313,-0.175197851651273
5,1,620509.3039308675,-0.16239999,1.7465038,-0.17542361701041723
5,1,620514.3041247576,-0.16239999,1.7463511,-0.17564938102068767
5,1,620519.3043186478,-0.16239999,1.7463511,-0.17587514607753868
5,1,620524.304512538,-0.16239999,1.746313,-0.17610091050108206
5,1,620529.3047064287,-0.16239999,1.7463702,-0.1763266748640729
5,1,620534.3049003193,-0.16239999,1.7464466,-0.1765524389330415
5,1,620539.30509421,-0.16239999,1.7462556,-0.17677820447213383
5,1,620544.3052881006,-0.16239999,1.746313,-0.17700396835950447
5,1,620549.3054819908,-0.16239999,1.7462747,-0.1772297352966883
5,1,620554.3056758814,-0.16239999,1.7462366,-0.17745550345322672
5,1,620559.3058697721,-0.16239999,1.7462175,-0.17768127063780792
5,1,620564.3060636627,-0.16239999,1.7461793,-0.17790703953552348
5,1,620569.3062575534,-0.16239999,1.7461411,-0.1781328083139602
5,1,620574.306451444,-0.16239999,1.7461793,-0.17835857499576793
5,1,620579.3066453347,-0.16239999,1.7461029,-0.17858434267672751
5,1,620584.3068392253,-0.16239999,1.7462175,-0.1788101091044001
5,1,620589.307033116,-0.16239999,1.7459884,-0.17903587674892962
5,1,620594.3072270066,-0.16239999,1.7459502,-0.1792616444949874
5,1,620599.3074208973,-0.16239999,1.7459121,-0.17948741430596118
5,1,620604.307614788,-0.16239999,1.7459311,-0.17971318308059644
5,1,620609.3078086786,-0.16239999,1.7458547,-0.17993894974642516
5,1,620614.3080025692,-0.16239999,1.745893,-0.18016471671162898
5,1,620619.3081964599,-0.16239999,1.7459502,-0.18039048311027325
5,1,620624.3083903505,-0.16239999,1.745893,-0.1806162491511332
5,1,620629.3085842412,-0.16239999,1.7458166,-0.18084201742617143
5,1,620634.3087781316,-0.16239999,1.7458738,-0.18106778466909398
5,1,620639.308972022,-0.16239999,1.7459502,-0.1812935509297494
5,1,620644.3091659124,-0.16239999,1.7457975,-0.18151931731600748
5,1,620649.3093598029,-0.16239999,1.745702,-0.18174508442094114
5,1,620654.3095536933,-0.16239999,1.7457975,-0.18197085242780567
5,1,620659.3097475837,-0.16239999,1.745683,-0.18219662116007526
5,1,620664.3099414741,-0.16239999,1.7455684,-0.18242238979643272
5,1,620669.3101353645,-0.16239999,1.7456257,-0.18264815938878576
5,1,620674.310329255,-0.16239999,1.7453011,-0.1828739289948462
5,1,620679.3105231454,-0.16239999,1.7455493,-0.18309969925844521
5,1,620684.3107170359,-0.16239999,1.7455493,-0.18332546565496444
5,1,620689.3109109264,-0.16239999,1.7455302,-0.1835512320037511
5,1,620694.311104817,-0.16239999,1.7454157,-0.18377699873999773
5,1,620699.3112987075,-0.16239999,1.7455493,-0.18400276581199818
5,1,620704.311492598,-0.16239999,1.7453202,-0.18422853256096544
5,1,620709.3116864881,-0.16239999,1.7454157,-0.18445429965912072
5,1,620714.3118803786,-0.16239999,1.7454538,-0.1846800670545434
5,1,620719.3120742692,-0.16239999,1.7452439,-0.18490583485018894
5,1,620724.3122681597,-0.16239999,1.7453202,-0.1851316019288568
5,1,620729.3124620502,-0.16239999,1.7452439,-0.185357367747533
5,1,620734.3126559408,-0.16239999,1.7453011,-0.18558313258473677
5,1,620739.3128498313,-0.16239999,1.7453585,-0.18580889684054855
5,1,620744.3130437217,-0.16239999,1.7451866,-0.18603466108718036
5,1,620749.3132376124,-0.16239999,1.745263,-0.186260423220758
5,1,620754.3134315028,-0.16239999,1.7451484,-0.1864861882698571
5,1,620759.3136253933,-0.16239999,1.7451103,-0.1867119541996761
5,1,620764.3138192839,-0.16239999,1.7450148,-0.18693772074660348
5,1,620769.3140131744,-0.16239999,1.7449957,-0.18716348825733217
5,1,620774.3142070649,-0.16239999,1.7449002,-0.18738925490147226
5,1,620779.3144009555,-0.16239999,1.7449957,-0.18761501716059797
5,1,620784.314594846,-0.16239999,1.7449193,-0.18784078169804252
5,1,620789.3147887366,-0.16239999,1.7447094,-0.18806654358740915
5,1,620794.314982627,-0.16239999,1.7448049,-0.18829230532495034
5,1,620799.3151765175,-0.16239999,1.7448812,-0.18851806864036805
5,1,620804.3153704079,-0.16239999,1.7446903,-0.18874383449448084
5,1,620809.3155642983,-0.16239999,1.7448239,-0.18896959825994258
5,1,620814.3157581887,-0.16239999,1.7447666,-0.18919536199345294
5,1,620819.3159520791,-0.16239999,1.744633,-0.18942112532074604
5,1,620824.3161459693,-0.16239999,1.7446903,-0.18964688957870027
5,1,620829.3163398597,-0.16239999,1.7446139,-0.1898726522528912
5,1,620834.3165337504,-0.16239999,1.7445757,-0.19009841585450724
5,1,620839.316727641,-0.16239999,1.744652,-0.19032417959008635
5,1,620844.3169215317,-0.16239999,1.744652,-0.19054994221965657
5,1,620849.3171154223,-0.16239999,1.7442511,-0.1907757042363553
5,1,620854.317309313,-0.16239999,1.744423,-0.1910014699832832
5,1,620859.3175032036,-0.16239999,1.7442894,-0.19122723419210913
5,1,620864.3176970943,-0.16239999,1.744423,-0.1914529998562189
5,1,620869.3178909849,-0.16239999,1.744423,-0.19167876769039469
5,1,620874.3180848751,-0.16239999,1.7443275,-0.19190453546925407
5,1,620879.3182787658,-0.16239999,1.7442703,-0.1921303036222195
5,1,620884.3184726564,-0.16239999,1.7442511,-0.1923560705410534
5,1,620889.3186665471,-0.16239999,1.744213,-0.19258183861409398
5,1,620894.3188604377,-0.16239999,1.744213,-0.19280760753277712
5,1,620899.3190543284,-0.16239999,1.7442894,-0.19303337575297327
5,1,620904.319248219,-0.16239999,1.7441939,-0.19325914198849206
5,1,620909.3194421097,-0.16239999,1.7441748,-0.19348490857251424
5,1,620914.3196360003,-0.16239999,1.7440984,-0.19371067449113416
5,1,620919.319829891,-0.16239999,1.744232,-0.19393644095100068
5,1,620924.3200237816,-0.16239999,1.7440221,-0.1941622059148908
5,1,620929.3202176723,-0.16239999,1.743984,-0.19438796975042277
5,1,620934.3204115629,-0.16239999,1.7440984,-0.19461373342920116
5,1,620939.3206054531,-0.16239999,1.7439076,-0.19483949589707972
5,1,620944.3207993433,-0.16239999,1.744003,-0.19506525722419987
5,1,620949.3209932335,-0.16239999,1.7440794,-0.19529101687478956
5,1,620954.3211871237,-0.16239999,1.7440221,-0.19551677640862036
5,1,620959.3213810138,-0.16239999,1.7438694,-0.1957425406252098
5,1,620964.321574904,-0.16239999,1.7439457,-0.19596830304118595
5,1,620969.3217687942,-0.16239999,1.744003,-0.19619406560002783
5,1,620974.3219626844,-0.16239999,1.7438504,-0.19641983216073633
5,1,620979.3221565746,-0.16239999,1.743793,-0.19664560097673886
5,1,620984.3223504648,-0.16239999,1.7437549,-0.1968713686580362
5,1,620989.322544355,-0.16239999,1.7438121,-0.19709713365087264
5,1,620994.3227382451,-0.16239999,1.7436212,-0.19732289841304076
5,1,620999.3229321353,-0.16239999,1.7437167,-0.19754866436056398
5,1,621004.3231260255,-0.16239999,1.7434876,-0.19777443005089482
5,1,621009.3233199157,-0.16239999,1.7436403,-0.19800019323145784
5,1,621014.3235138059,-0.16239999,1.7434685,-0.19822595785205252
5,1,621019.323707696,-0.16239999,1.7434876,-0.19845172142767098
5,1,621024.3239015862,-0.16239999,1.7434876,-0.19867748625023682
5,1,621029.3240954764,-0.16239999,1.7433921,-0.1989032512967547
5,1,621034.3242893666,-0.16239999,1.743373,-0.19912901832104743
5,1,621039.3244832568,-0.16239999,1.7433921,-0.1993547858317753
5,1,621044.324677147,-0.16239999,1.7434303,-0.19958055054961246
5,1,621049.3248710372,-0.16239999,1.743373,-0.19980631608448196
5,1,621054.3250649273,-0.16239999,1.7432585,-0.20003208001159895
5,1,621059.3252588175,-0.16239999,1.743354,-0.2002578431928499
5,1,621064.3254527077,-0.16239999,1.7432966,-0.200483607795814
5,1,621069.3256465979,-0.16239999,1.7432013,-0.20070937176506568
5,1,621074.3258404881,-0.16239999,1.7430676,-0.2009351370685607
5,1,621079.3260343783,-0.16239999,1.7431822,-0.20116090346618923
5,1,621084.3262282684,-0.16239999,1.7430485,-0.20138667054316584
5,1,621089.3264221586,-0.16239999,1.7430676,-0.20161243481420577
5,1,621094.3266160488,-0.16239999,1.7431248,-0.20183820168656458
5,1,621099.326809939,-0.16239999,1.7429912,-0.20206396495562393
5,1,621104.3270038292,-0.16239999,1.742934,-0.20228972971529197
5,1,621109.3271977194,-0.16239999,1.7428385,-0.20251549440250727
5,1,621114.3273916095,-0.16239999,1.7427813,-0.20274126093345812
5,1,621119.3275854997,-0.16239999,1.7428576,-0.20296702617469858
5,1,621124.3277793899,-0.16239999,1.7428194,-0.20319279091882886
5,1,621129.3279732801,-0.16239999,1.742934,-0.2034185545529021
5,1,621134.3281671703,-0.16239999,1.7426858,-0.2036443207278824
5,1,621139.3283610605,-0.16239999,1.7428385,-0.20387008877601157
5,1,621144.3285549507,-0.16239999,1.7428194,-0.20409585793567378
5,1,621149.3287488408,-0.16239999,1.7427813,-0.20432162527196784
5,1,621154.328942731,-0.16239999,1.742743,-0.20454739314953332
5,1,621159.3291366212,-0.16239999,1.7427049,-0.2047731602962275
5,1,621164.3293305114,-0.16239999,1.7427813,-0.20499892992391203
5,1,621169.3295244016,-0.16239999,1.7426094,-0.20522470236083218
5,1,621174.3297182918,-0.16239999,1.7425331,-0.20545047518764287
5,1,621179.329912182,-0.16239999,1.7426094,-0.20567624581675495
5,1,621184.3301060721,-0.16239999,1.7423995,-0.2059020167618561
5,1,621189.3302999623,-0.16239999,1.7423613,-0.20612778770371706
5,1,621194.3304938525,-0.16239999,1.7423995,-0.20635355871243374
5,1,621199.3306877427,-0.16239999,1.7424567,-0.20657933270592505
5,1,621204.3308816329,-0.16239999,1.742304,-0.20680510510958167
5,1,621209.331075523,-0.16239999,1.7422849,-0.20703087448674704
5,1,621214.3312694132,-0.16239999,1.7423804,-0.20725664344608052
5,1,621219.3314633034,-0.16239999,1.7422277,-0.2074824155379709
5,1,621224.3316571936,-0.16239999,1.7421513,-0.20770818408652325
5,1,621229.3318510838,-0.16239999,1.7421703,-0.20793395225122666
5,1,621234.332044974,-0.16239999,1.7422467,-0.2081597206020497
5,1,621239.3322388642,-0.16239999,1.7421513,-0.20838548940177604
5,1,621244.3324327543,-0.16239999,1.7422085,-0.2086112570469397
5,1,621249.3326266445,-0.16239999,1.7419412,-0.2088370214216528
5,1,621254.3328205347,-0.16239999,1.7421322,-0.20906278834460437
5,1,621259.3330144249,-0.16239999,1.7419604,-0.2092885557798703
5,1,621264.3332083151,-0.16239999,1.7421513,-0.20951432339029274
5,1,621269.3334022053,-0.16239999,1.7419221,-0.20974009506611704
5,1,621274.3335960954,-0.16239999,1.7419031,-0.2099658659768586
5,1,621279.3337899856,-0.16239999,1.7417122,-0.21019163458490384
5,1,621284.3339838758,-0.16239999,1.7418458,-0.21041740270530196
5,1,621289.334177766,-0.16239999,1.7418076,-0.21064317182952758
5,1,621294.3343716562,-0.16239999,1.7417122,-0.2108689357424504
5,1,621299.3345655464,-0.16239999,1.7416167,-0.21109469868415276
5,1,621304.3347594365,-0.16239999,1.7416167,-0.21132046267358226
5,1,621309.3349533267,-0.16239999,1.7415977,-0.21154622800509065
5,1,621314.3351472169,-0.16239999,1.7415022,-0.21177199434474123
5,1,621319.3353411071,-0.16239999,1.741445,-0.2119977612567512
5,1,621324.3355349973,-0.16239999,1.7414067,-0.2122235259414962
5,1,621329.3357288875,-0.16239999,1.7415595,-0.21244929080806518
5,1,621334.3359227777,-0.16239999,1.7413495,-0.21267505342670873
5,1,621339.3361166678,-0.16239999,1.7413304,-0.2129008153708719
5,1,621344.336310558,-0.16239999,1.7413304,-0.21312657488488418
5,1,621349.3365044482,-0.16239999,1.741273,-0.21335233538187887
5,1,621354.3366983384,-0.16239999,1.7414067,-0.21357809715015288
5,1,621359.3368922286,-0.16239999,1.7411013,-0.213803857323044
5,1,621364.3370861188,-0.16239999,1.7410631,-0.21402961621638067
5,1,621369.337280009,-0.16239999,1.7410631,-0.21425537772929182
5,1,621374.3374738991,-0.16239999,1.7410822,-0.21448113882005887
5,1,621379.3376677893,-0.16239999,1.7410631,-0.2147069025099891
5,1,621384.3378616795,-0.16239999,1.7408913,-0.21493266866492738
5,1,621389.3380555697,-0.16239999,1.7409867,-0.21515843282884203
5,1,621394.3382494599,-0.16239999,1.741025,-0.21538419655992763
5,1,621399.33844335,-0.16239999,1.7408531,-0.21560996036496685
5,1,621404.3386372402,-0.16239999,1.7407768,-0.21583572352962868
5,1,621409.3388311304,-0.16239999,1.7407386,-0.21606148811304746
5,1,621414.3390250206,-0.16239999,1.7407577,-0.21628725125812254
5,1,621419.3392189108,-0.16239999,1.7406813,-0.2165130151877239
5,1,621424.339412801,-0.16239999,1.7406431,-0.2167387797028912
5,1,621429.3396066912,-0.16239999,1.7407004,-0.21696454242093707
5,1,621434.3398005813,-0.16239999,1.7405477,-0.21719030553586877
5,1,621439.3399944715,-0.16239999,1.7406431,-0.21741607007158975
5,1,621444.3401883617,-0.16239999,1.7406622,-0.21764183342695828
5,1,621449.3403822519,-0.16239999,1.7405477,-0.21786759559092186
5,1,621454.3405761421,-0.16239999,1.740395,-0.21809335879343594
5,1,621459.3407700323,-0.16239999,1.7405667,-0.21831912380963742
5,1,621464.3409639224,-0.16239999,1.7404331,-0.21854488914928846
5,1,621469.3411578126,-0.16239999,1.7402613,-0.2187706530993367
5,1,621474.3413517028,-0.16239999,1.7403377,-0.21899642053901003
5,1,621479.341545593,-0.16239999,1.7404714,-0.21922218819764103
5,1,621484.3417394832,-0.16239999,1.7403185,-0.21944795372792678
5,1,621489.3419333734,-0.16239999,1.7402995,-0.219673716121552
5,1,621494.3421272635,-0.16239999,1.7401277,-0.2198994823999936
5,1,621499.3423211537,-0.16239999,1.7402995,-0.2201252460995111
5,1,621504.3425150439,-0.16239999,1.7400705,-0.2203510100814329
5,1,621509.3427089341,-0.16239999,1.7401086,-0.22057677684447846
5,1,621514.3429028243,-0.16239999,1.7401658,-0.22080254429440546
5,1,621519.3430967145,-0.16239999,1.7400513,-0.22102831093857866
5,1,621524.3432906047,-0.16239999,1.739994,-0.22125407599865576
5,1,621529.3434844948,-0.16239999,1.739975,-0.22147984241422444
5,1,621534.343678385,-0.16239999,1.7401086,-0.2217056101832242
5,1,621539.3438722752,-0.16239999,1.7400895,-0.22193137702977173
5,1,621544.3440661654,-0.16239999,1.7400131,-0.22215714427941222
5,1,621549.3442600556,-0.16239999,1.7398986,-0.22238291124781895
5,1,621554.3444539458,-0.16239999,1.7399559,-0.22260867665409556
5,1,621559.3446478359,-0.16239999,1.7397649,-0.22283444151179338
5,1,621564.3448417261,-0.16239999,1.7396505,-0.22306020933498452
5,1,621569.3450356163,-0.16239999,1.7397459,-0.22328597329784775
5,1,621574.3452295065,-0.16239999,1.7395359,-0.2235117391760996
5,1,621579.3454233967,-0.16239999,1.7395359,-0.2237375051288399
5,1,621584.3456172869,-0.16239999,1.7395741,-0.22396327379763717
5,1,621589.345811177,-0.16239999,1.7396313,-0.2241890421943699
5,1,621594.3460050672,-0.16239999,1.739555,-0.22441480911642656
5,1,621599.3461989574,-0.16239999,1.7395741,-0.22464057791381756
5,1,621604.3463928476,-0.16239999,1.7394595,-0.22486634495016447
5,1,621609.3465867378,-0.16239999,1.7393068,-0.22509211159712086
5,1,621614.346780628,-0.16239999,1.739364,-0.22531787757677513
5,1,621619.3469745182,-0.16239999,1.7392113,-0.22554364381271033
5,1,621624.3471684083,-0.16239999,1.7392113,-0.22576940998868655
5,1,621629.3473622985,-0.16239999,1.7392496,-0.22599517526960466
5,1,621634.3475561887,-0.16239999,1.7391541,-0.22622094085127376
5,1,621639.3477500789,-0.16239999,1.739135,-0.2264467054782635
5,1,621644.3479439691,-0.16239999,1.739135,-0.22667247078327515
5,1,621649.3481378593,-0.16239999,1.7390586,-0.2268982350370761
5,1,621654.3483317494,-0.16239999,1.7390205,-0.227123997800674
5,1,621659.3485256396,-0.16239999,1.7389823,-0.22734976242770846
5,1,621664.3487195298,-0.16239999,1.7390205,-0.22757552744503332
5,1,621669.34891342,-0.16239999,1.7389823,-0.22780129396102425
5,1,621674.3491073102,-0.16239999,1.7389631,-0.2280270589939026
5,1,621679.3493012004,-0.16239999,1.7388868,-0.2282528248062698
5,1,621684.3494950905,-0.16239999,1.738925,-0.22847859086808575
5,1,621689.3496889807,-0.16239999,1.7387532,-0.22870435607035886
5,1,621694.3498828709,-0.16239999,1.7388104,-0.2289301240484989
5,1,621699.3500767611,-0.16239999,1.7388487,-0.22915589529335595
5,1,621704.3502706513,-0.16239999,1.7387723,-0.22938166503083304
5,1,621709.3504645415,-0.16239999,1.7387341,-0.22960743484901153
5,1,621714.3506584316,-0.16239999,1.7385622,-0.22983320304663493
5,1,621719.3508523218,-0.16239999,1.7386768,-0.2300589704449625
5,1,621724.351046212,-0.16239999,1.738505,-0.23028473781844655
5,1,621729.3512401022,-0.16239999,1.7384859,-0.23051050577004267
5,1,621734.3514339924,-0.16239999,1.7383904,-0.23073627480229997
5,1,621739.3516278826,-0.16239999,1.7385814,-0.23096204126042555
5,1,621744.3518217728,-0.16239999,1.738295,-0.23118780952135734
5,1,621749.3520156629,-0.16239999,1.7382377,-0.23141357445364788
5,1,621754.3522095531,-0.16239999,1.7382187,-0.23163933999286687
5,1,621759.3524034433,-0.16239999,1.7382568,-0.23186510340416858
5,1,621764.3525973335,-0.16239999,1.738295,-0.23209086624499092
5,1,621769.3527912237,-0.16239999,1.7382187,-0.23231663053938595
5,1,621774.3529851139,-0.16239999,1.7380469,-0.23254239356950104
5,1,621779.353179004,-0.16239999,1.7381614,-0.2327681583691249
5,1,621784.3533728942,-0.16239999,1.7379705,-0.23299392604370595
5,1,621789.3535667844,-0.16239999,1.7379323,-0.23321969658353608
5,1,621794.3537606746,-0.16239999,1.7380086,-0.23344546403231983
5,1,621799.3539545648,-0.16239999,1.7378178,-0.23367123239407123
5,1,621804.354148455,-0.16239999,1.7378368,-0.23389700167475488
5,1,621809.3543423451,-0.16239999,1.7377414,-0.23412276888512087
5,1,621814.3545362353,-0.16239999,1.7377605,-0.23434853531911898
5,1,621819.3547301255,-0.16239999,1.7376077,-0.2345743037254232
5,1,621824.3549240157,-0.16239999,1.7377032,-0.23480007118493662
5,1,621829.3551179059,-0.16239999,1.737665,-0.23502583629351537
5,1,621834.3553117961,-0.16239999,1.7375505,-0.23525160072406312
5,1,621839.3555056863,-0.16239999,1.7375314,-0.23547736636294853
5,1,621844.3556995764,-0.16239999,1.7373978,-0.23570313377387586
5,1,621849.3558934666,-0.16239999,1.7373787,-0.23592890097331765
5,1,621854.3560873568,-0.16239999,1.7374359,-0.2361546651732178
5,1,621859.356281247,-0.16239999,1.7373596,-0.236380430423394
5,1,621864.3564751372,-0.16239999,1.7373214,-0.236606200932512
5,1,621869.3566690274,-0.16239999,1.7372451,-0.23683196871614554
5,1,621874.3568629175,-0.16239999,1.737226,-0.23705773855023599
5,1,621879.3570568077,-0.16239999,1.7371496,-0.2372835075938008
5,1,621884.3572506979,-0.16239999,1.7370924,-0.2375092790229554
5,1,621889.3574445881,-0.16239999,1.7370924,-0.23773505129284594
5,1,621894.3576384783,-0.16239999,1.7368442,-0.23796082571442692
5,1,621899.3578323685,-0.16239999,1.737035,-0.23818659865974406
5,1,621904.3580262586,-0.16239999,1.7370541,-0.23841237354588363
5,1,621909.3582201488,-0.16239999,1.7369014,-0.238638146597052
5,1,621914.358414039,-0.16239999,1.7368059,-0.23886391769746132
5,1,621919.3586079292,-0.16239999,1.7368442,-0.23908968918459966
5,1,621924.3588018194,-0.16239999,1.7368823,-0.23931546147431537
5,1,621929.3589957096,-0.16239999,1.7368059,-0.2395412311317368
5,1,621934.3591895998,-0.16239999,1.7367105,-0.23976700067874065
5,1,621939.3593834899,-0.16239999,1.7368251,-0.23999277390862278
5,1,621944.3595773801,-0.16239999,1.7367105,-0.24021854526107367
5,1,621949.3597712703,-0.16239999,1.7366341,-0.24044431679633366
5,1,621954.3599651605,-0.16239999,1.7365388,-0.24067008966815245
5,1,621959.3601590507,-0.16239999,1.7364433,-0.24089586095190235
5,1,621964.3603529409,-0.16239999,1.7366151,-0.24112163251448443
5,1,621969.360546831,-0.16239999,1.7364051,-0.24134740740236826
5,1,621974.3607407212,-0.16239999,1.7365005,-0.24157318155570515
5,1,621979.3609346114,-0.16239999,1.7364242,-0.2417989560073873
5,1,621984.3611285016,-0.16239999,1.7363478,-0.2420247351117302
5,1,621989.3613223918,-0.16239999,1.7363096,-0.2422505151027228
5,1,621994.361516282,-0.16239999,1.7362906,-0.24247629246361907
5,1,621999.3617101721,-0.16239999,1.7361187,-0.242702069452334
5,1,622004.3619040623,-0.16239999,1.7363287,-0.24292784736126435
5,1,622009.3620979525,-0.16239999,1.735966,-0.24315362400274745
5,1,622014.3622918427,-0.16239999,1.735966,-0.2433794026228614
5,1,622019.3624857329,-0.16239999,1.7360042,-0.24360518059194028
5,1,622024.3626796231,-0.16239999,1.7358323,-0.24383095848138406
5,1,622029.3628735133,-0.16239999,1.7359469,-0.24405673596337793
5,1,622034.3630674034,-0.16239999,1.7357751,-0.2442825155172549
5,1,622039.3632612936,-0.16239999,1.7358897,-0.24450829538077387
5,1,622044.3634551838,-0.16239999,1.7358133,-0.2447340725154581
5,1,622049.363649074,-0.16239999,1.735756,-0.2449598511905043
5,1,622054.3638429642,-0.16239999,1.7356796,-0.24518562991870466
5,1,622059.3640368544,-0.16239999,1.7355841,-0.24541140666990335
5,1,622064.3642307445,-0.16239999,1.7356224,-0.2456371805699412
5,1,622069.3644246347,-0.16239999,1.7354697,-0.24586295268797234
5,1,622074.3646185249,-0.16239999,1.7354697,-0.24608872801277973
5,1,622079.3648124151,-0.16239999,1.735546,-0.24631450127378127
5,1,622084.3650063053,-0.16239999,1.7352406,-0.2465402745658542
5,1,622089.3652001955,-0.16239999,1.7354314,-0.2467660493125578
5,1,622094.3653940856,-0.16239999,1.7353742,-0.24699182348644505
5,1,622099.3655879758,-0.16239999,1.7352597,-0.24721759778088104
5,1,622104.365781866,-0.16239999,1.7352597,-0.24744337202939412
5,1,622109.3659757562,-0.16239999,1.7351834,-0.24766914629812228
5,1,622114.3661696464,-0.16239999,1.7352215,-0.24789491946814643
5,1,622119.3663635366,-0.16239999,1.7350879,-0.24812069473426396
5,1,622124.3665574268,-0.16239999,1.7350115,-0.24834646739550617
5,1,622129.3667513169,-0.16239999,1.7349924,-0.24857223983695792
5,1,622134.3669452071,-0.16239999,1.7348969,-0.24879801477686583
5,1,622139.3671390973,-0.16239999,1.7348015,-0.24902378920162158
5,1,622144.367332988,-0.16239999,1.7348588,-0.24924956156173037
5,1,622149.3675268786,-0.16239999,1.7347633,-0.24947533372471667
5,1,622154.3677207693,-0.16239999,1.7348015,-0.2497011077592027
5,1,622159.3679146599,-0.16239999,1.7347633,-0.24992688374051222
5,1,622164.3681085506,-0.16239999,1.7346488,-0.2501526581110733
5,1,622169.3683024412,-0.16239999,1.734687,-0.2503784314842152
5,1,622174.3684963319,-0.16239999,1.7345724,-0.25060420509546605
5,1,622179.3686902225,-0.16239999,1.7345724,-0.250829976535977
5,1,622184.3688841132,-0.16239999,1.7346106,-0.251055748218525
5,1,622189.3690780038,-0.16239999,1.7344388,-0.2512815201394792
5,1,622194.3692718945,-0.16239999,1.7343816,-0.2515072928343815
5,1,622199.3694657851,-0.16239999,1.734267,-0.25173306460737793
5,1,622204.3696596758,-0.16239999,1.7343051,-0.2519588358526199
5,1,622209.3698535664,-0.16239999,1.7342097,-0.2521846101053947
5,1,622214.370047457,-0.16239999,1.7340951,-0.2524103838651936
5,1,622219.3702413477,-0.16239999,1.7342097,-0.2526361555030373
5,1,622224.3704352384,-0.16239999,1.734076,-0.25286192807578484
5,1,622229.370629129,-0.16239999,1.7340951,-0.2530877003032476
5,1,622234.3708230196,-0.16239999,1.7340188,-0.25331347209363037
5,1,622239.3710169103,-0.16239999,1.7340188,-0.25353924306391945
5,1,622244.3712108007,-0.16239999,1.7339233,-0.25376501362302756
5,1,622249.3714046911,-0.16239999,1.7339615,-0.25399078210293025
5,1,622254.3715985816,-0.16239999,1.7338088,-0.2542165507593554
5,1,622259.371792472,-0.16239999,1.7338088,-0.25444232253993404
5,1,622264.3719863619,-0.16239999,1.7336943,-0.2546680946643876
5,1,622269.3721802523,-0.16239999,1.7337706,-0.2548938665464158
5,1,622274.3723741428,-0.16239999,1.7337325,-0.25511963939480337
5,1,622279.3725680332,-0.16239999,1.7336179,-0.2553454129756666
5,1,622284.3727619236,-0.16239999,1.7336179,-0.2555711890202986
5,1,622289.372955814,-0.16239999,1.7335033,-0.2557969607346208
5,1,622294.3731497045,-0.16239999,1.7334079,-0.25602273184177293
5,1,622299.3733435951,-0.16239999,1.7334461,-0.2562485028377599
5,1,622304.3735374856,-0.16239999,1.7334843,-0.2564742749816669
5,1,622309.3737313761,-0.16239999,1.7332551,-0.2567000493904039
5,1,622314.3739252667,-0.16239999,1.7331979,-0.25692582437622313
5,1,622319.3741191572,-0.16239999,1.7331598,-0.2571515982086768
5,1,622324.3743130477,-0.16239999,1.7331406,-0.2573773731167368
5,1,622329.3745069383,-0.16239999,1.7330643,-0.2576031477308449
5,1,622334.3747008288,-0.16239999,1.7330834,-0.2578289203357119
5,1,622339.3748947193,-0.16239999,1.7330261,-0.25805469423076866
5,1,622344.3750886101,-0.16239999,1.7328542,-0.25828046804413884
5,1,622349.3752825006,-0.16239999,1.7327589,-0.2585062408058596
5,1,622354.3754763912,-0.16239999,1.7328542,-0.2587320107425553
5,1,622359.3756702817,-0.16239999,1.7325488,-0.25895778038902106
5,1,622364.3758641721,-0.16239999,1.7327015,-0.2591835511614666
5,1,622369.3760580627,-0.16239999,1.732797,-0.25940932325751437
5,1,622374.3762519532,-0.16239999,1.732778,-0.25963509447334393
5,1,622379.3764458436,-0.16239999,1.732587,-0.259860868350636
5,1,622384.3766397341,-0.16239999,1.7325679,-0.26008664378807544
5,1,622389.3768336247,-0.16239999,1.7325298,-0.2603124172856983
5,1,622394.3770275151,-0.16239999,1.7323006,-0.26053819375766335
5,1,622399.3772214055,-0.16239999,1.7324724,-0.26076397132327755
5,1,622404.3774152959,-0.16239999,1.7323961,-0.26098974613833115
5,1,622409.3776091863,-0.16239999,1.732358,-0.2612155209965534
5,1,622414.3778030768,-0.16239999,1.732358,-0.26144129524859805
5,1,622419.3779969672,-0.16239999,1.7322053,-0.2616670679344959
5,1,622424.3781908576,-0.16239999,1.7322816,-0.2618928396899371
5,1,622429.3783847475,-0.16239999,1.7320524,-0.2621186098034657
5,1,622434.378578638,-0.16239999,1.7319762,-0.2623443784493268
5,1,622439.3787725284,-0.16239999,1.7319952,-0.26257014729448347
5,1,622444.378966419,-0.16239999,1.7319571,-0.2627959170605567
5,1,622449.3791603097,-0.16239999,1.7318425,-0.2630216886025479
5,1,622454.3793542003,-0.16239999,1.7319188,-0.26324745938875627
5,1,622459.379548091,-0.16239999,1.7316707,-0.2634732287441527
5,1,622464.3797419816,-0.16239999,1.7318044,-0.26369899799009927
5,1,622469.3799358723,-0.16239999,1.7317089,-0.26392476705915746
5,1,622474.3801297629,-0.16239999,1.731747,-0.2641505353919352
5,1,622479.3803236536,-0.16239999,1.731728,-0.2643763045610978
5,1,622484.3805175442,-0.16239999,1.7316325,-0.2646020713633839
5,1,622489.3807114349,-0.16239999,1.7315179,-0.26482783927680736
5,1,622494.3809053255,-0.16239999,1.7315179,-0.2650536062465759
5,1,622499.3810992162,-0.16239999,1.7315179,-0.2652793767900676
5,1,622504.3812931068,-0.16239999,1.7315179,-0.2655051472534804
5,1,622509.3814869975,-0.16239999,1.731327,-0.2657309196444354
5,1,622514.3816808881,-0.16239999,1.731327,-0.2659566919794333
5,1,622519.3818747788,-0.16239999,1.731327,-0.26618246253278954
5,1,622524.3820686694,-0.16239999,1.7313461,-0.2664082364564904
5,1,622529.3822625601,-0.16239999,1.7311553,-0.26663400803670056
5,1,622534.3824564507,-0.16239999,1.731308,-0.26685977708658926
5,1,622539.3826503414,-0.16239999,1.7311362,-0.2670855464967044
5,1,622544.382844232,-0.16239999,1.731117,-0.26731131858967594
5,1,622549.3830381222,-0.16239999,1.7310407,-0.26753709229359046
5,1,622554.3832320124,-0.16239999,1.7311362,-0.26776286549189204
5,1,622559.3834259026,-0.16239999,1.7311934,-0.2679886380310631
5,1,622564.3836197928,-0.16239999,1.7308497,-0.2682144130141612
5,1,622569.383813683,-0.16239999,1.7309071,-0.26844018684089277
5,1,622574.3840075731,-0.16239999,1.7308116,-0.2686659588450658
5,1,622579.3842014633,-0.16239999,1.7309262,-0.26889173333959204
5,1,622584.3843953535,-0.16239999,1.7308116,-0.269117510679207
5,1,622589.3845892437,-0.16239999,1.7307162,-0.2693432858091875
5,1,622594.3847831339,-0.16239999,1.7307353,-0.26956906007327724
5,1,622599.384977024,-0.16239999,1.730468,-0.2697948355344965
5,1,622604.3851709142,-0.16239999,1.7305253,-0.2700206120539797
5,1,622609.3853648044,-0.16239999,1.7304871,-0.27024638750742136
5,1,622614.3855586946,-0.16239999,1.7306207,-0.27047216352261777
5,1,622619.3857525848,-0.16239999,1.7305253,-0.2706979416843008
5,1,622624.385946475,-0.16239999,1.730449,-0.2709237193713247
5,1,622629.3861403652,-0.16239999,1.7304298,-0.2711494968199102
5,1,622634.3863342553,-0.16239999,1.7302198,-0.2713752742876602
5,1,622639.3865281455,-0.16239999,1.7300481,-0.27160105188661987
5,1,622644.3867220357,-0.16239999,1.7301434,-0.27182683175437655
5,1,622649.3869159259,-0.16239999,1.7301817,-0.2720526128394356
5,1,622654.3871098161,-0.16239999,1.7299907,-0.2722783932818755
5,1,622659.3873037063,-0.16239999,1.7299526,-0.272504173232433
5,1,622664.3874975964,-0.16239999,1.7299526,-0.2727299550760282
5,1,622669.3876914866,-0.16239999,1.7299526,-0.27295573643626947
5,1,622674.3878853768,-0.16239999,1.7298571,-0.2731815162346861
5,1,622679.388079267,-0.16239999,1.7298762,-0.27340729683873816
5,1,622684.3882731572,-0.16239999,1.7297235,-0.2736330800718468
5,1,622689.3884670474,-0.16239999,1.7297425,-0.2738588593918161
5,1,622694.3886609375,-0.16239999,1.7297235,-0.27408464204193167
5,1,622699.3888548277,-0.16239999,1.7296089,-0.27431042156185387
5,1,622704.3890487179,-0.16239999,1.7296853,-0.27453620265312917
5,1,622709.3892426081,-0.16239999,1.7295707,-0.2747619870492842
5,1,622714.3894364983,-0.16239999,1.729399,-0.2749877716870772
5,1,622719.3896303885,-0.16239999,1.729399,-0.27521355306293327
5,1,622724.3898242787,-0.16239999,1.7293799,-0.2754393352281262
5,1,622729.3900181688,-0.16239999,1.7293035,-0.2756651146372963
5,1,622734.390212059,-0.16239999,1.7293035,-0.27589089660656874
5,1,622739.3904059492,-0.16239999,1.729208,-0.27611667602346185
5,1,622744.3905998394,-0.16239999,1.7292844,-0.2763424556456499
5,1,622749.3907937296,-0.16239999,1.7291889,-0.27656823520204604
5,1,622754.3909876198,-0.16239999,1.7291126,-0.276794012161664
5,1,622759.39118151,-0.16239999,1.7290362,-0.2770197885021213
5,1,622764.3913754001,-0.16239999,1.7289026,-0.27724556648394977
5,1,622769.3915692903,-0.16239999,1.7291698,-0.2774713429558643
5,1,622774.3917631805,-0.16239999,1.7289026,-0.2776971195389771
5,1,622779.3919570707,-0.16239999,1.728979,-0.2779228953868235
5,1,622784.3921509609,-0.16239999,1.7288454,-0.2781486693664435
5,1,622789.392344851,-0.16239999,1.728769,-0.27837444513008924
5,1,622794.3925387412,-0.16239999,1.7287308,-0.2786002161470628
5,1,622799.3927326314,-0.16239999,1.7286544,-0.27882598776866346
5,1,622804.3929265216,-0.16239999,1.7285972,-0.2790517596358344
5,1,622809.3931204118,-0.16239999,1.728559,-0.2792775325790008
5,1,622814.393314302,-0.16239999,1.7285972,-0.2795033063229382
5,1,622819.3935081922,-0.16239999,1.7284062,-0.2797290825214048
5,1,622824.3937020823,-0.16239999,1.7283871,-0.2799548571595311
5,1,622829.3938959725,-0.16239999,1.7281772,-0.28018062995903625
5,1,622834.3940898627,-0.16239999,1.728349,-0.28040640147170853
5,1,622839.3942837529,-0.16239999,1.7284062,-0.28063217600749363
5,1,622844.3944776431,-0.16239999,1.7282726,-0.2808579505181877
5,1,622849.3946715333,-0.16239999,1.7280817,-0.28108372702703227
5,1,622854.3948654234,-0.16239999,1.7280245,-0.2813095048117995
5,1,622859.3950593136,-0.16239999,1.7280817,-0.2815352814656613
5,1,622864.3952532038,-0.16239999,1.7280626,-0.2817610557122993
5,1,622869.395447094,-0.16239999,1.7278717,-0.28198682921770307
5,1,622874.3956409842,-0.16239999,1.7278908,-0.28221260244218765
5,1,622879.3958348744,-0.16239999,1.7278335,-0.2824383737270419
5,1,622884.3960287645,-0.16239999,1.7276617,-0.2826641441169249
5,1,622889.3962226547,-0.16239999,1.7277954,-0.2828899145132014
5,1,622894.3964165449,-0.16239999,1.7276617,-0.28311568407877785
5,1,622899.3966104351,-0.16239999,1.7276045,-0.28334145472702305
5,1,622904.3968043253,-0.16239999,1.72749,-0.2835672258020913
5,1,622909.3969982155,-0.16239999,1.7273945,-0.28379299849863937
5,1,622914.3971921057,-0.16239999,1.72749,-0.28401877259532454
5,1,622919.3973859958,-0.16239999,1.7273945,-0.28424454678020306
5,1,622924.397579886,-0.16239999,1.7272799,-0.2844703205796655
5,1,622929.3977737762,-0.16239999,1.7273754,-0.28469609534473395
5,1,622934.3979676664,-0.16239999,1.7274135,-0.2849218693689506
5,1,622939.3981615566,-0.16239999,1.7272799,-0.2851476408014944
5,1,622944.3983554468,-0.16239999,1.7271463,-0.2853734114016718
5,1,622949.3985493369,-0.16239999,1.7272036,-0.28559917894748194
5,1,622954.3987432271,-0.16239999,1.7271272,-0.2858249464784613
5,1,622959.3989371173,-0.16239999,1.7268981,-0.28605071255194897
5,1,622964.3991310075,-0.16239999,1.7269936,-0.2862764811843104
5,1,622969.3993248977,-0.16239999,1.7270126,-0.28650224947029357
5,1,622974.3995187879,-0.16239999,1.726879,-0.28672801770397444
5,1,622979.399712678,-0.16239999,1.7269171,-0.28695378585555986
5,1,622984.3999065682,-0.16239999,1.7268027,-0.2871795507310215
5,1,622989.4001004584,-0.16239999,1.7268027,-0.2874053173846801
5,1,622994.4002943486,-0.16239999,1.7266308,-0.2876310826322544
5,1,622999.4004882388,-0.16239999,1.7267454,-0.2878568495659944
5,1,623004.400682129,-0.16239999,1.7266308,-0.2880826161196124
5,1,623009.4008760192,-0.16239999,1.7263635,-0.2883083833348916
5,1,623014.4010699093,-0.16239999,1.7265354,-0.2885341524985002
5,1,623019.4012637995,-0.16239999,1.7264781,-0.28875992203923395
5,1,623024.4014576897,-0.16239999,1.7263445,-0.28898569288057585
5,1,623029.4016515799,-0.16239999,1.7263826,-0.28921146489787514
5,1,623034.4018454701,-0.16239999,1.7262682,-0.2894372377040833
5,1,623039.4020393603,-0.16239999,1.7262299,-0.28966301068258365
5,1,623044.4022332504,-0.16239999,1.7260581,-0.2898887800502727
5,1,623049.4024271406,-0.16239999,1.7259626,-0.2901145483855522
5,1,623054.4026210308,-0.16239999,1.7259818,-0.29034031826603407
5,1,623059.402814921,-0.16239999,1.7259245,-0.29056608852247556
5,1,623064.4030088112,-0.16239999,1.7257718,-0.29079185853233847
5,1,623069.4032027014,-0.16239999,1.7258099,-0.2910176272850119
5,1,623074.4033965915,-0.16239999,1.725829,-0.2912433976453062
5,1,623079.4035904817,-0.16239999,1.7257909,-0.2914691683674413
5,1,623084.4037843719,-0.16239999,1.7257146,-0.29169493730692564
5,1,623089.4039782621,-0.16239999,1.7255427,-0.29192070738021036
5,1,623094.4041721523,-0.16239999,1.7256572,-0.29214647603037375
5,1,623099.4043660425,-0.16239999,1.7255045,-0.2923722430560465
5,1,623104.4045599326,-0.16239999,1.725409,-0.292598012533466
5,1,623109.4047538228,-0.16239999,1.7253327,-0.2928237843723951
5,1,623114.404947713,-0.16239999,1.72539,-0.29304955387168047
5,1,623119.4051416032,-0.16239999,1.7253518,-0.2932753242464115
5,1,623124.4053354934,-0.16239999,1.7253137,-0.29350109547349146
5,1,623129.4055293836,-0.16239999,1.7251418,-0.2937268641667432
5,1,623134.4057232738,-0.16239999,1.7251991,-0.2939526377082732
5,1,623139.4059171639,-0.16239999,1.7251608,-0.2941784084251672
5,1,623144.4061110541,-0.16239999,1.7250845,-0.2944041762964402
5,1,623149.4063049443,-0.16239999,1.7250655,-0.294629942887312
5,1,623154.4064988345,-0.16239999,1.7250081,-0.2948557107925489
5,1,623159.4066927247,-0.16239999,1.724989,-0.295081478071192
5,1,623164.4068866149,-0.16239999,1.7248745,-0.29530724702909833
5,1,623169.407080505,-0.16239999,1.7248554,-0.29553301644392227
5,1,623174.4072743952,-0.16239999,1.7249509,-0.2957587849518011
5,1,623179.4074682854,-0.16239999,1.7247791,-0.29598455469562607
5,1,623184.4076621756,-0.16239999,1.7247409,-0.2962103213957266
5,1,623189.4078560658,-0.16239999,1.7247027,-0.2964360867743384
5,1,623194.408049956,-0.16239999,1.7245691,-0.296661852756208
5,1,623199.4082438461,-0.16239999,1.7245119,-0.2968876153390738
5,1,623204.4084377363,-0.16239999,1.7244736,-0.29711338161733325
5,1,623209.4086316265,-0.16239999,1.72434,-0.2973391501532105
5,1,623214.4088255167,-0.16239999,1.7242827,-0.2975649173535869
5,1,623219.4090194069,-0.16239999,1.7243018,-0.2977906868556886
5,1,623224.4092132971,-0.16239999,1.7242255,-0.2980164577293155
5,1,623229.4094071873,-0.16239999,1.7240536,-0.2982422284540061
5,1,623234.4096010774,-0.16239999,1.7241491,-0.2984679996520942
5,1,623239.4097949676,-0.16239999,1.7239964,-0.2986937721918944
5,1,623244.4099888578,-0.16239999,1.7239009,-0.29891954624227585
5,1,623249.410182748,-0.16239999,1.7239009,-0.2991453184786247
5,1,623254.4103766382,-0.16239999,1.7238437,-0.2993710905736849
5,1,623259.4105705284,-0.16239999,1.7238818,-0.29959686259543467
5,1,623264.4107644185,-0.16239999,1.7237864,-0.29982263373649687
5,1,623269.4109583087,-0.16239999,1.7236718,-0.30004840416069317
5,1,623274.4111521989,-0.16239999,1.7235382,-0.3002741756305685
5,1,623279.4113460891,-0.16239999,1.723691,-0.30049994709081773
5,1,623284.4115399793,-0.16239999,1.7234237,-0.30072572028699013
5,1,623289.4117338695,-0.16239999,1.7234619,-0.3009514921045692
5,1,623294.4119277596,-0.16239999,1.7234045,-0.3011772611640956
5,1,623299.4121216498,-0.16239999,1.7234237,-0.3014030272475414
5,1,623304.41231554,-0.16239999,1.7233282,-0.3016287946885344
5,1,623309.4125094302,-0.16239999,1.7232518,-0.3018545647472532
5,1,623314.4127033204,-0.16239999,1.7231946,-0.30208033535866685
5,1,623319.4128972106,-0.16239999,1.7232327,-0.30230610387434065
5,1,623324.4130911008,-0.16239999,1.7230037,-0.30253187276475796
5,1,623329.4132849909,-0.16239999,1.7231374,-0.30275764293107144
5,1,623334.4134788811,-0.16239999,1.7229083,-0.3029834130095956
5,1,623339.4136727713,-0.16239999,1.7230228,-0.3032091833941672
5,1,623344.4138666615,-0.16239999,1.7229083,-0.3034349530512815
5,1,623349.4140605517,-0.16239999,1.7229083,-0.3036607236729885
5,1,623354.4142544419,-0.16239999,1.7227365,-0.30388649420979125
5,1,623359.414448332,-0.16239999,1.7227365,-0.30411226182911383
5,1,623364.4146422222,-0.16239999,1.7225646,-0.30433802754662687
5,1,623369.4148361124,-0.16239999,1.722641,-0.304563793453484
5,1,623374.4150300026,-0.16239999,1.7223928,-0.3047895571215857
5,1,623379.4152238928,-0.16239999,1.7223547,-0.30501532174436174
5,1,623384.415417783,-0.16239999,1.7221828,-0.30524108707340813
5,1,623389.4156116731,-0.16239999,1.722221,-0.30546685271361806
5,1,623394.4158055633,-0.16239999,1.722221,-0.30569261836112294
5,1,623399.4159994535,-0.16239999,1.7221446,-0.3059183826092101
5,1,623404.4161933437,-0.16239999,1.722221,-0.3061441464980891
5,1,623409.4163872339,-0.16239999,1.7220874,-0.30636990968858535
5,1,623414.4165811241,-0.16239999,1.7221255,-0.30659567388714104
5,1,623419.4167750143,-0.16239999,1.7219347,-0.30682143878060164
5,1,623424.4169689044,-0.16239999,1.7219155,-0.30704720107897454
5,1,623429.4171627946,-0.16239999,1.7218201,-0.30727296724516073
5,1,623434.4173566848,-0.16239999,1.7217246,-0.3074987368481706
5,1,623439.417550575,-0.16239999,1.7216865,-0.30772450640982224
5,1,623444.4177444652,-0.16239999,1.7217246,-0.3079502749916017
5,1,623449.4179383554,-0.16239999,1.7215719,-0.3081760416684159
5,1,623454.4181322455,-0.16239999,1.7216674,-0.30840180775147674
5,1,623459.4183261357,-0.16239999,1.7216865,-0.30862757260107826
5,1,623464.4185200259,-0.16239999,1.7215338,-0.30885333533262127
5,1,623469.4187139161,-0.16239999,1.7214001,-0.3090790973787349
5,1,623474.4189078063,-0.16239999,1.7212282,-0.3093048582048383
5,1,623479.4191016965,-0.16239999,1.7215147,-0.3095306158743674
5,1,623484.4192955866,-0.16239999,1.7213428,-0.3097563742378652
5,1,623489.4194894768,-0.16239999,1.7212092,-0.30998213533856467
5,1,623494.419683367,-0.16239999,1.7211329,-0.3102078969162379
5,1,623499.4198772572,-0.16239999,1.7211329,-0.3104336599817863
5,1,623504.4200711474,-0.16239999,1.7208083,-0.31065942142948083
5,1,623509.4202650376,-0.16239999,1.7209802,-0.3108851805065157
5,1,623514.4204589278,-0.16239999,1.7209419,-0.31111094157282165
5,1,623519.4206528179,-0.16239999,1.7207892,-0.31133670132665153
5,1,623524.4208467081,-0.16239999,1.7208465,-0.3115624628572172
5,1,623529.4210405983,-0.16239999,1.720732,-0.31178822348065655
5,1,623534.4212344885,-0.16239999,1.7206365,-0.3120139877966011
5,1,623539.4214283787,-0.16239999,1.7206365,-0.31223975148962
5,1,623544.4216222689,-0.16239999,1.7205983,-0.3124655183967532
5,1,623549.421816159,-0.16239999,1.7206365,-0.31269128242688937
5,1,623554.4220100492,-0.16239999,1.7205793,-0.3129170472683068
5,1,623559.4222039394,-0.16239999,1.720541,-0.3131428116918502
5,1,623564.4223978296,-0.16239999,1.7204074,-0.31336857677990676
5,1,623569.4225917198,-0.16239999,1.7202165,-0.3135943442081658
5,1,623574.42278561,-0.16239999,1.7203311,-0.31382010688277645
5,1,623579.4229795001,-0.16239999,1.720121,-0.3140458735036351
5,1,623584.4231733903,-0.16239999,1.7201401,-0.3142716407588942
5,1,623589.4233672805,-0.16239999,1.720102,-0.31449740664552134
5,1,623594.4235611707,-0.16239999,1.7200447,-0.31472317246712395
5,1,623599.4237550609,-0.16239999,1.7200065,-0.31494893746820984
5,1,623604.4239489511,-0.16239999,1.719892,-0.31517470259901864
5,1,623609.4241428412,-0.16239999,1.7197392,-0.31540047121731424
5,1,623614.4243367314,-0.16239999,1.719701,-0.3156262392359035
5,1,623619.4245306216,-0.16239999,1.7196629,-0.31585200666917596
5,1,623624.4247245118,-0.16239999,1.7197584,-0.316077774086909
5,1,623629.424918402,-0.16239999,1.7196056,-0.31630353982816123
5,1,623634.4251122922,-0.16239999,1.7194529,-0.31652930395756895
5,1,623639.4253061824,-0.16239999,1.7193383,-0.3167550686465343
5,1,623644.4255000725,-0.16239999,1.7194338,-0.316980833349563
5,1,623649.4256939627,-0.16239999,1.7194338,-0.3172065964899806
5,1,623654.4258878529,-0.16239999,1.7193192,-0.31743236032658545
5,1,623659.4260817431,-0.16239999,1.7191856,-0.3176581270864728
5,1,623664.4262756333,-0.16239999,1.7191284,-0.3178838882844951
5,1,623669.4264695235,-0.16239999,1.7191284,-0.31810964740266795
5,1,623674.4266634136,-0.16239999,1.7190138,-0.31833540649891456
5,1,623679.4268573038,-0.16239999,1.7190138,-0.3185611653117378
5,1,623684.427051194,-0.16239999,1.7187084,-0.31878692328916713
5,1,623689.4272450842,-0.16239999,1.7187847,-0.3190126846127069
5,1,623694.4274389744,-0.16239999,1.7188802,-0.31923844730107376
5,1,623699.4276328646,-0.16239999,1.718842,-0.3194642081795945
5,1,623704.4278267547,-0.16239999,1.7185366,-0.31968997032020463
5,1,623709.4280206449,-0.16239999,1.7186129,-0.31991573135646156
5,1,623714.4282145351,-0.16239999,1.7185366,-0.3201414932016388
5,1,623719.4284084253,-0.16239999,1.7185174,-0.32036725551525724
5,1,623724.4286023155,-0.16239999,1.7184411,-0.3205930166435413
5,1,623729.4287962057,-0.16239999,1.7183647,-0.3208187772435038
5,1,623734.4289900959,-0.16239999,1.7183266,-0.32104453951508194
5,1,623739.429183986,-0.16239999,1.7182311,-0.32127030146714686
5,1,623744.4293778762,-0.16239999,1.718212,-0.32149606352248594
5,1,623749.4295717664,-0.16239999,1.7180021,-0.32172182890500844
5,1,623754.429765657,-0.16239999,1.7180402,-0.3219475939353925
5,1,623759.4299595477,-0.16239999,1.7181548,-0.32217335814088144
5,1,623764.4301534384,-0.16239999,1.7180021,-0.3223991231871998
5,1,623769.430347329,-0.16239999,1.717773,-0.32262488874478285
5,1,623774.4305412197,-0.16239999,1.717792,-0.3228506513937718
5,1,623779.4307351103,-0.16239999,1.7177539,-0.32307641324810743
5,1,623784.430929001,-0.16239999,1.7177539,-0.32330217275503503
5,1,623789.4311228916,-0.16239999,1.7176965,-0.32352793297276045
5,1,623794.4313167823,-0.16239999,1.7175248,-0.3237536954237361
5,1,623799.4315106729,-0.16239999,1.7175248,-0.32397945837172676
5,1,623804.4317045636,-0.16239999,1.7175057,-0.3242052210228573
5,1,623809.4318984542,-0.16239999,1.7174102,-0.3244309849814298
5,1,623814.4320923449,-0.16239999,1.717353,-0.3246567536545112
5,1,623819.432286235,-0.16239999,1.7171239,-0.3248825220180118
5,1,623824.4324801257,-0.16239999,1.717162,-0.3251082879489045
5,1,623829.4326740163,-0.16239999,1.7169902,-0.3253340530560436
5,1,623834.432867907,-0.16239999,1.7170476,-0.32555981794527067
5,1,623839.4330617976,-0.16239999,1.7170284,-0.32578558284472814
5,1,623844.4332556883,-0.16239999,1.7169139,-0.32601135206415643
5,1,623849.4334495789,-0.16239999,1.7168947,-0.32623711953538215
5,1,623854.4336434694,-0.16239999,1.716723,-0.3264628870745307
5,1,623859.4338373598,-0.16239999,1.7166467,-0.3266886534533415
5,1,623864.4340312502,-0.16239999,1.7165703,-0.3269144197178439
5,1,623869.4342251406,-0.16239999,1.716513,-0.3271401844438254
5,1,623874.434419031,-0.16239999,1.7164557,-0.3273659461984003
5,1,623879.4346129214,-0.16239999,1.7165321,-0.32759170669227733
5,1,623884.4348068119,-0.16239999,1.7163221,-0.32781746822327185
5,1,623889.4350007023,-0.16239999,1.7163602,-0.32804322965617866
5,1,623894.4351945927,-0.16239999,1.7161694,-0.3282689914233773
5,1,623899.4353884833,-0.16239999,1.716093,-0.3284947512742684
5,1,623904.4355823739,-0.16239999,1.7160739,-0.3287205110356946
5,1,623909.4357762644,-0.16239999,1.7160739,-0.3289462725712555
5,1,623914.4359701549,-0.16239999,1.7159976,-0.3291720361515977
5,1,623919.4361640455,-0.16239999,1.7158449,-0.3293978007735177
5,1,623924.436357936,-0.16239999,1.7159402,-0.32962356311224295
5,1,623929.4365518265,-0.16239999,1.7157685,-0.32984932686962165
5,1,623934.436745717,-0.16239999,1.7156922,-0.330075092598068
5,1,623939.4369396075,-0.16239999,1.7155967,-0.3303008579958228
5,1,623944.437133498,-0.16239999,1.7155585,-0.33052662419897544
5,1,623949.4373273886,-0.16239999,1.7156157,-0.3307523907215328
5,1,623954.4375212791,-0.16239999,1.7155203,-0.3309781555940813
5,1,623959.4377151696,-0.16239999,1.7155585,-0.3312039223699178
5,1,623964.4379090602,-0.16239999,1.7152339,-0.33142968910015846
5,1,623969.4381029506,-0.16239999,1.7154057,-0.33165545524764367
5,1,623974.4382968412,-0.16239999,1.7153294,-0.3318812203681922
5,1,623979.4384907316,-0.16239999,1.7152913,-0.3321069883873543
5,1,623984.4386846217,-0.16239999,1.7150431,-0.3323327582126572
5,1,623989.4388785122,-0.16239999,1.7149667,-0.3325585250892885
5,1,623994.4390724028,-0.16239999,1.7149857,-0.33278428791355646
5,1,623999.4392662933,-0.16239999,1.7148712,-0.33301005535274636
5,1,624004.4394601837,-0.16239999,1.7147949,-0.33323582584029493
5,1,624009.4396540741,-0.16239999,1.7148904,-0.33346159655573027
5,1,624014.4398479648,-0.16239999,1.7148712,-0.3336873679148097
5,1,624019.4400418552,-0.16239999,1.714814,-0.33391313864270983
5,1,624024.4402357456,-0.16239999,1.7147185,-0.33413891019882647
5,1,624029.440429636,-0.16239999,1.7146422,-0.3343646834257565
5,1,624034.4406235265,-0.16239999,1.7144512,-0.33459045542599314
5,1,624039.4408174169,-0.16239999,1.7144703,-0.33481622481806383
5,1,624044.4410113073,-0.16239999,1.7143176,-0.3350419942865576
5,1,624049.4412051977,-0.16239999,1.7143368,-0.3352677628425349
5,1,624054.4413990881,-0.16239999,1.7142794,-0.3354935322532635
5,1,624059.4415929788,-0.16239999,1.7142985,-0.3357193009432908
5,1,624064.4417868694,-0.16239999,1.7141649,-0.33594506938500346
5,1,624069.4419807601,-0.16239999,1.7140886,-0.3361708372131352
5,1,624074.4421746507,-0.16239999,1.7140886,-0.33639660460177206
5,1,624079.4423685414,-0.16239999,1.7140503,-0.3366223724157154
5,1,624084.442562432,-0.16239999,1.7139167,-0.33684814156399234
5,1,624089.4427563227,-0.16239999,1.7138404,-0.33707391045369767
5,1,624094.4429502133,-0.16239999,1.7137067,-0.3372996789566392
5,1,624099.443144104,-0.16239999,1.7136877,-0.3375254480961948
5,1,624104.4433379946,-0.16239999,1.7134776,-0.3377512180979432
5,1,624109.4435318853,-0.16239999,1.7136877,-0.337976988135177
5,1,624114.4437257759,-0.16239999,1.7135922,-0.3382027603728413
5,1,624119.4439196666,-0.16239999,1.7135731,-0.3384285322593986
5,1,624124.4441135572,-0.16239999,1.713554,-0.33865430556810705
5,1,624129.4443074479,-0.16239999,1.7134585,-0.338880076823178
5,1,624134.4445013385,-0.16239999,1.7132868,-0.33910584708245073
5,1,624139.4446952292,-0.16239999,1.7132485,-0.3393316168408416
5,1,624144.4448891198,-0.16239999,1.7131913,-0.33955738643880495
5,1,624149.44508301,-0.16239999,1.7131722,-0.3397831573312942
5,1,624154.4452769007,-0.16239999,1.7130576,-0.34000892891510054
5,1,624159.4454707913,-0.16239999,1.7129431,-0.3402347014385807
5,1,624164.4456646815,-0.16239999,1.7130004,-0.3404604737774835
5,1,624169.4458585717,-0.16239999,1.7128668,-0.34068624383812046
5,1,624174.4460524619,-0.16239999,1.7128094,-0.34091201491553813
5,1,624179.446246352,-0.16239999,1.7126567,-0.34113778275845097
5,1,624184.4464402422,-0.16239999,1.7126949,-0.34136355358817655
5,1,624189.4466341324,-0.16239999,1.7126186,-0.3415893199585856
5,1,624194.4468280226,-0.16239999,1.7124276,-0.3418150863766494
5,1,624199.4470219128,-0.16239999,1.7124468,-0.34204085285638086
5,1,624204.447215803,-0.16239999,1.712485,-0.3422666216767693
5,1,624209.4474096932,-0.16239999,1.7124085,-0.34249239144455373
5,1,624214.4476035833,-0.16239999,1.7123704,-0.3427181598862143
5,1,624219.4477974735,-0.16239999,1.7122558,-0.3429439295889924
5,1,624224.4479913637,-0.16239999,1.7123132,-0.3431696982270858
5,1,624229.4481852539,-0.16239999,1.7121603,-0.34339546658980247
5,1,624234.4483791441,-0.16239999,1.7120267,-0.343621235753286
5,1,624239.4485730343,-0.16239999,1.7119504,-0.34384700566239884
5,1,624244.4487669244,-0.16239999,1.7119695,-0.34407277544832543
5,1,624249.4489608146,-0.16239999,1.7119504,-0.3442985452611685
5,1,624254.4491547048,-0.16239999,1.7116832,-0.34452431400532013
5,1,624259.449348595,-0.16239999,1.7117404,-0.34475008393886836
5,1,624264.4495424852,-0.16239999,1.7116641,-0.344975853841226
5,1,624269.4497363754,-0.16239999,1.711454,-0.34520162275319116
5,1,624274.4499302655,-0.16239999,1.7115114,-0.34542739134378797
5,1,624279.4501241557,-0.16239999,1.7114159,-0.3456531615769025
5,1,624284.4503180459,-0.16239999,1.7114731,-0.3458789304489086
5,1,624289.4505119361,-0.16239999,1.7114731,-0.3461046986541779
5,1,624294.4507058263,-0.16239999,1.7113395,-0.34633046661472217
5,1,624299.4508997165,-0.16239999,1.7112823,-0.3465562342206519
5,1,624304.4510936067,-0.16239999,1.7111486,-0.3467819992114386
5,1,624309.4512874968,-0.16239999,1.7111295,-0.34700776675433725
5,1,624314.451481387,-0.16239999,1.7110722,-0.3472335325574484
5,1,624319.4516752772,-0.16239999,1.711034,-0.34745929848267615
5,1,624324.4518691674,-0.16239999,1.7108814,-0.3476850635027925
5,1,624329.4520630576,-0.16239999,1.7109195,-0.34791082794439776
5,1,624334.4522569478,-0.16239999,1.7107096,-0.3481365922309548
5,1,624339.4524508379,-0.16239999,1.7105569,-0.3483623561955995
5,1,624344.4526447281,-0.16239999,1.7105759,-0.3485881207199815
5,1,624349.4528386183,-0.16239999,1.7105186,-0.3488138836835787
5,1,624354.4530325085,-0.16239999,1.7103277,-0.3490396485675522
5,1,624359.4532263987,-0.16239999,1.7104232,-0.3492654154225876
5,1,624364.4534202889,-0.16239999,1.7103277,-0.34949118398853046
5,1,624369.453614179,-0.16239999,1.7101941,-0.34971695427412525
5,1,624374.4538080692,-0.16239999,1.7101177,-0.34994272668271
5,1,624379.4540019594,-0.16239999,1.710175,-0.35016849940157335
5,1,624384.4541958496,-0.16239999,1.7101177,-0.3503942689503852
5,1,624389.4543897398,-0.16239999,1.7102132,-0.35062003913721096
5,1,624394.45458363,-0.16239999,1.7099841,-0.35084580597782866
5,1,624399.4547775201,-0.16239999,1.7099268,-0.3510715718089308
5,1,624404.4549714103,-0.16239999,1.7098314,-0.35129734144619096
5,1,624409.4551653005,-0.16239999,1.709736,-0.3515231080536129
5,1,624414.4553591907,-0.16239999,1.7097551,-0.351748871845458
5,1,624419.4555530809,-0.16239999,1.7096596,-0.35197463832405446
5,1,624424.4557469711,-0.16239999,1.7096405,-0.352200404872039
5,1,624429.4559408613,-0.16239999,1.7096596,-0.35242617006524557
5,1,624434.4561347514,-0.16239999,1.709526,-0.3526519367490989
5,1,624439.4563286416,-0.16239999,1.7093923,-0.3528777056002309
5,1,624444.4565225318,-0.16239999,1.7094305,-0.3531034728718448
5,1,624449.456716422,-0.16239999,1.7092968,-0.3533292421719008
5,1,624454.4569103122,-0.16239999,1.7092968,-0.35355501168152015
5,1,624459.4571042024,-0.16239999,1.7090869,-0.3537807813151883
5,1,624464.4572980925,-0.16239999,1.7090486,-0.3540065530630622
5,1,624469.4574919827,-0.16239999,1.7089342,-0.3542323262216969
5,1,624474.4576858729,-0.16239999,1.7088387,-0.3544580996892327
5,1,624479.4578797631,-0.16239999,1.7087432,-0.35468387207063773
5,1,624484.4580736533,-0.16239999,1.7087623,-0.3549096458513603
5,1,624489.4582675435,-0.16239999,1.7085905,-0.35513541896052564
5,1,624494.4584614336,-0.16239999,1.7085141,-0.3553611915700683
5,1,624499.4586553238,-0.16239999,1.7083997,-0.35558696549656643
5,1,624504.458849214,-0.16239999,1.7086287,-0.3558127410715991
5,1,624509.4590431042,-0.16239999,1.708476,-0.3560385159453475
5,1,624514.4592369944,-0.16239999,1.7083806,-0.35626429067963683
5,1,624519.4594308846,-0.16239999,1.7081896,-0.35649006446916104
5,1,624524.4596247748,-0.16239999,1.7083042,-0.35671583640894616
5,1,624529.4598186649,-0.16239999,1.7083232,-0.3569416059787148
5,1,624534.4600125551,-0.16239999,1.7080941,-0.3571673755491226
5,1,624539.4602064453,-0.16239999,1.7080369,-0.3573931464167244
5,1,624544.4604003355,-0.16239999,1.7078842,-0.35761891723025163
5,1,624549.4605942257,-0.16239999,1.7079033,-0.35784468865692604
5,1,624554.4607881159,-0.16239999,1.7076741,-0.35807046239737905
5,1,624559.460982006,-0.16239999,1.7076932,-0.35829623632950486
5,1,624564.4611758962,-0.16239999,1.7075788,-0.3585220139673872
5,1,624569.4613697864,-0.16239999,1.7075405,-0.3587477898997936
5,1,624574.4615636766,-0.16239999,1.7075024,-0.35897356601476077
5,1,624579.4617575668,-0.16239999,1.7072923,-0.3591993424860089
5,1,624584.461951457,-0.16239999,1.7074642,-0.3594251157185881
5,1,624589.4621453471,-0.16239999,1.7072542,-0.3596508877776653
5,1,624594.4623392373,-0.16239999,1.7072542,-0.3598766616033985
5,1,624599.4625331275,-0.16239999,1.7073306,-0.36010243661302316
5,1,624604.4627270177,-0.16239999,1.7070633,-0.36032820866245596
5,1,624609.4629209079,-0.16239999,1.7070633,-0.36055398065525773
5,1,624614.4631147981,-0.16239999,1.7069488,-0.36077974957884834
5,1,624619.4633086883,-0.16239999,1.707025,-0.36100552021965787
5,1,624624.4635025784,-0.16239999,1.7068342,-0.36123129152452604
5,1,624629.4636964686,-0.16239999,1.7068915,-0.36145706127400523
5,1,624634.4638903588,-0.16239999,1.7066815,-0.36168283001399115
5,1,624639.464084249,-0.16239999,1.7066433,-0.3619085985447573
5,1,624644.4642781392,-0.16239999,1.7066051,-0.3621343716743828
5,1,624649.4644720294,-0.16239999,1.7065288,-0.3623601446345688
5,1,624654.4646659195,-0.16239999,1.7063761,-0.3625859184370222
5,1,624659.4648598097,-0.16239999,1.7063761,-0.362811693059167
5,1,624664.4650536999,-0.16239999,1.7062234,-0.36303746673521803
5,1,624669.4652475901,-0.16239999,1.7061279,-0.36326323883695727
5,1,624674.4654414803,-0.16239999,1.706166,-0.36348901099398145
5,1,624679.4656353705,-0.16239999,1.706147,-0.363714783478
5,1,624684.4658292606,-0.16239999,1.7060133,-0.36394055601447317
5,1,624689.4660231508,-0.16239999,1.7059752,-0.36416632832716644
5,1,624694.466217041,-0.16239999,1.7059752,-0.36439209870076256
5,1,624699.4664109312,-0.16239999,1.7056888,-0.36461787026360126
5,1,624704.4666048214,-0.16239999,1.7058797,-0.36484364036732986
5,1,624709.4667987116,-0.16239999,1.7057079,-0.3650694111316319
5,1,624714.4669926018,-0.16239999,1.7055933,-0.3652951812267592
5,1,624719.4671864919,-0.16239999,1.7056124,-0.3655209499090321
5,1,624724.4673803821,-0.16239999,1.7056124,-0.3657467198184479
5,1,624729.4675742723,-0.16239999,1.7054979,-0.365972487370577
5,1,624734.4677681625,-0.16239999,1.7054216,-0.36619825350519014
5,1,624739.4679620527,-0.16239999,1.7052879,-0.3664240200539131
5,1,624744.4681559429,-0.16239999,1.7051543,-0.36664978704710294
5,1,624749.468349833,-0.16239999,1.7050397,-0.36687555260158317
5,1,624754.4685437232,-0.16239999,1.7050588,-0.36710132153277747
5,1,624759.4687376134,-0.16239999,1.7050207,-0.36732709311223427
5,1,624764.4689315036,-0.16239999,1.7049061,-0.36755285993055403
5,1,624769.4691253938,-0.16239999,1.7049443,-0.36777862828914887
5,1,624774.469319284,-0.16239999,1.7048297,-0.3680043997972548
5,1,624779.4695131741,-0.16239999,1.7049252,-0.36823016853443763
5,1,624784.4697070643,-0.16239999,1.7047915,-0.36845594020444133
5,1,624789.4699009545,-0.16239999,1.7046388,-0.3686817123370019
5,1,624794.4700948447,-0.16239999,1.7045815,-0.3689074809948692
5,1,624799.4702887349,-0.16239999,1.7045052,-0.3691332499081672
5,1,624804.4704826251,-0.16239999,1.704467,-0.36935901622652983
5,1,624809.4706765153,-0.16239999,1.7043906,-0.3695847860376137
5,1,624814.4708704054,-0.16239999,1.7043334,-0.3698105545158036
5,1,624819.4710642956,-0.16239999,1.7042952,-0.3700363240275107
5,1,624824.4712581858,-0.16239999,1.7040852,-0.3702620932228827
5,1,624829.471452076,-0.16239999,1.7041043,-0.3704878644082502
5,1,624834.4716459662,-0.16239999,1.7040662,-0.3707136348954345
5,1,624839.4718398564,-0.16239999,1.7039516,-0.37093940374828926
5,1,624844.4720337465,-0.16239999,1.7037798,-0.37116517239867286
5,1,624849.4722276367,-0.16239999,1.703818,-0.3713909423289702
5,1,624854.4724215269,-0.16239999,1.7039135,-0.3716167163465252
5,1,624859.4726154171,-0.16239999,1.7037798,-0.3718424888733184
5,1,624864.4728093073,-0.16239999,1.703627,-0.3720682601279307
5,1,624869.4730031975,-0.16239999,1.7035125,-0.3722940317452605
5,1,624874.4731970876,-0.16239999,1.7035125,-0.37251980650432215
5,1,624879.4733909778,-0.16239999,1.7034743,-0.3727455799616051
5,1,624884.473584868,-0.16239999,1.7033406,-0.372971353893019
5,1,624889.4737787582,-0.16239999,1.703207,-0.37319712682247963
5,1,624894.4739726484,-0.16239999,1.7033406,-0.37342289670080997
5,1,624899.4741665386,-0.16239999,1.7030925,-0.3736486641100237
5,1,624904.4743604288,-0.16239999,1.7031498,-0.37387443188820424
5,1,624909.4745543189,-0.16239999,1.7030352,-0.37410019945483297
5,1,624914.4747482091,-0.16239999,1.7028635,-0.3743259662561646
5,1,624919.4749420993,-0.16239999,1.7028444,-0.374551731904249
5,1,624924.4751359895,-0.16239999,1.7026916,-0.3747774972491254
5,1,624929.4753298797,-0.16239999,1.702768,-0.37500326433377856
5,1,624934.4755237699,-0.16239999,1.7026534,-0.3752290305904396
5,1,624939.47571766,-0.16239999,1.7023671,-0.37545479788430014
5,1,624944.4759115502,-0.16239999,1.7024244,-0.37568056388671345
5,1,624949.4761054404,-0.16239999,1.7024435,-0.3759063285699493
5,1,624954.4762993306,-0.16239999,1.7023289,-0.3761320937026679
5,1,624959.4764932208,-0.16239999,1.702348,-0.37635785917673986
5,1,624964.476687111,-0.16239999,1.7023671,-0.3765836254186728
5,1,624969.4768810011,-0.16239999,1.7022525,-0.37680938817534826
5,1,624974.4770748913,-0.16239999,1.7021953,-0.37703515307975627
5,1,624979.4772687815,-0.16239999,1.7022716,-0.377260919371142
5,1,624984.4774626717,-0.16239999,1.7020807,-0.3774866845076819
5,1,624989.4776565619,-0.16239999,1.7020235,-0.3777124503483307
5,1,624994.4778504521,-0.16239999,1.7018899,-0.3779382156419247
5,1,624999.4780443422,-0.16239999,1.7018325,-0.3781639800303717
5,1,625004.4782382324,-0.16239999,1.7016798,-0.3783897440859425
5,1,625009.4784321226,-0.16239999,1.7016034,-0.37861550897246576
5,1,625014.4786260128,-0.16239999,1.7016034,-0.37884127186036337
5,1,625019.478819903,-0.16239999,1.7015271,-0.3790670342638623
5,1,625024.4790137932,-0.16239999,1.701489,-0.37929279770297536
5,1,625029.4792076834,-0.16239999,1.7013553,-0.37951856361011643
5,1,625034.4794015735,-0.16239999,1.7013171,-0.3797443301467844
5,1,625039.4795954637,-0.16239999,1.7010689,-0.37997009548708693
5,1,625044.4797893539,-0.16239999,1.7011262,-0.3801958624575078
5,1,625049.4799832441,-0.16239999,1.7011071,-0.38042162982432026
5,1,625054.4801771343,-0.16239999,1.7011644,-0.38064739818118576
5,1,625059.4803710245,-0.16239999,1.7009162,-0.38087317053231246
5,1,625064.4805649146,-0.16239999,1.7008399,-0.381098940085136
5,1,625069.4807588048,-0.16239999,1.7008208,-0.38132470588396966
5,1,625074.480952695,-0.16239999,1.7006872,-0.38155047185724206
5,1,625079.4811465852,-0.16239999,1.7006681,-0.3817762395690454
5,1,625084.4813404754,-0.16239999,1.7006108,-0.3820020071254395
5,1,625089.4815343656,-0.16239999,1.7006681,-0.3822277746917322
5,1,625094.4817282557,-0.16239999,1.7003244,-0.3824535413886199
5,1,625099.4819221459,-0.16239999,1.7003626,-0.3826793047258976
5,1,625104.4821160361,-0.16239999,1.7002672,-0.38290507044115973
5,1,625109.4823099263,-0.16239999,1.7002672,-0.3831308372573006
5,1,625114.4825038165,-0.16239999,1.7002289,-0.383356603998232
5,1,625119.4826977067,-0.16239999,1.7002863,-0.3835823688212325
5,1,625124.4828915969,-0.16239999,1.7001526,-0.3838081325158293
5,1,625129.483085487,-0.16239999,1.6999807,-0.38403389787247344
5,1,625134.4832793772,-0.16239999,1.699828,-0.38425966010713974
5,1,625139.4834732674,-0.16239999,1.699828,-0.38448542211367837
5,1,625144.4836671576,-0.16239999,1.6997899,-0.384711183912739
5,1,625149.4838610478,-0.16239999,1.6995608,-0.38493694459630035
5,1,625154.484054938,-0.16239999,1.6996181,-0.3851627029571382
5,1,625159.4842488281,-0.16239999,1.6993699,-0.3853884608411547
5,1,625164.4844427183,-0.16239999,1.6994463,-0.3856142195067851
5,1,625169.4846366085,-0.16239999,1.6993699,-0.38583998014257004
5,1,625174.4848304987,-0.16239999,1.6992363,-0.38606574181260483
5,1,625179.4850243889,-0.16239999,1.6991026,-0.386291504174715
5,1,625184.4852182791,-0.16239999,1.6991408,-0.3865172665290864
5,1,625189.4854121692,-0.16239999,1.6990262,-0.3867430298011997
5,1,625194.4856060594,-0.16239999,1.6990072,-0.386968794526201
5,1,625199.4857999496,-0.16239999,1.6988544,-0.3871945580439615
5,1,625204.4859938398,-0.16239999,1.6988163,-0.3874203240264429
5,1,625209.48618773,-0.16239999,1.6986827,-0.3876460875838182
5,1,625214.4863816202,-0.16239999,1.6987208,-0.38787185044934913
5,1,625219.4865755104,-0.16239999,1.698549,-0.38809761088805544
5,1,625224.4867694005,-0.16239999,1.6984917,-0.3883233718607606
5,1,625229.4869632907,-0.16239999,1.6985109,-0.3885491357990725
5,1,625234.4871571809,-0.16239999,1.6981481,-0.3887748970972422
5,1,625239.4873510711,-0.16239999,1.6984345,-0.38900065902519043
5,1,625244.4875449613,-0.16239999,1.6981672,-0.3892264229522122
5,1,625249.4877388515,-0.16239999,1.6981672,-0.3894521882879335
5,1,625254.4879327416,-0.16239999,1.6980526,-0.38967795173846165
5,1,625259.4881266318,-0.16239999,1.6979573,-0.3899037149512484
5,1,625264.488320522,-0.16239999,1.6979954,-0.39012947930365116
5,1,625269.4885144122,-0.16239999,1.6978427,-0.3903552472082755
5,1,625274.4887083024,-0.16239999,1.6977472,-0.3905810159345375
5,1,625279.4889021926,-0.16239999,1.6975754,-0.390806783996956
5,1,625284.4890960827,-0.16239999,1.6976136,-0.39103255616066995
5,1,625289.4892899729,-0.16239999,1.697499,-0.3912583290241855
5,1,625294.4894838631,-0.16239999,1.69748,-0.3914840994594848
5,1,625299.4896777533,-0.16239999,1.6975181,-0.39170986917988104
5,1,625304.4898716435,-0.16239999,1.6972699,-0.3919356392886148
5,1,625309.4900655337,-0.16239999,1.6973845,-0.39216140534222516
5,1,625314.4902594239,-0.16239999,1.6971363,-0.39238717108597415
5,1,625319.490453314,-0.16239999,1.69706,-0.3926129357306292
5,1,625324.4906472042,-0.16239999,1.6970409,-0.3928387003749333
5,1,625329.4908410944,-0.16239999,1.6968309,-0.3930644666575505
5,1,625334.4910349846,-0.16239999,1.69685,-0.39329023528543333
5,1,625339.4912288748,-0.16239999,1.696869,-0.393516003427011
5,1,625344.491422765,-0.16239999,1.6965445,-0.3937417735295384
5,1,625349.4916166551,-0.16239999,1.6966972,-0.39396754555284286
5,1,625354.4918105453,-0.16239999,1.6965255,-0.3941933151593959
5,1,625359.4920044355,-0.16239999,1.6964682,-0.3944190868351316
5,1,625364.4921983262,-0.16239999,1.6965445,-0.3946448582574615
5,1,625369.4923922168,-0.16239999,1.6961246,-0.39487062915275384
5,1,625374.492586107,-0.16239999,1.6961246,-0.3950963974337757
5,1,625379.4927799976,-0.16239999,1.69622,-0.3953221664072744
5,1,625384.4929738883,-0.16239999,1.6961818,-0.39554793796442667
5,1,625389.493167779,-0.16239999,1.6959145,-0.3957737075879405
5,1,625394.4933616696,-0.16239999,1.6958191,-0.39599947907578914
5,1,625399.4935555602,-0.16239999,1.6958001,-0.3962252480503069
5,1,625404.4937494509,-0.16239999,1.6958191,-0.39645101619632755
5,1,625409.4939433415,-0.16239999,1.6956472,-0.396676786785435
5,1,625414.4941372322,-0.16239999,1.6955328,-0.39690255752668496
5,1,625419.4943311228,-0.16239999,1.6955136,-0.3971283267810639
5,1,625424.4945250135,-0.16239999,1.6953418,-0.3973540962941494
5,1,625429.4947189041,-0.16239999,1.6955328,-0.39757986528209643
5,1,625434.4949127948,-0.16239999,1.6953992,-0.39780563453477336
5,1,625439.4951066854,-0.16239999,1.6952082,-0.398031404013909
5,1,625444.4953005761,-0.16239999,1.6952846,-0.39825717335258715
5,1,625449.4954944667,-0.16239999,1.6951127,-0.39848293980961
5,1,625454.4956883574,-0.16239999,1.69496,-0.3987087074219183
5,1,625459.495882248,-0.16239999,1.6948837,-0.3989344752454025
5,1,625464.4960761387,-0.16239999,1.6948837,-0.3991602416459053
5,1,625469.4962700291,-0.16239999,1.6947691,-0.39938601079163827
5,1,625474.4964639195,-0.16239999,1.6947119,-0.399611780080097
5,1,625479.4966578099,-0.16239999,1.69454,-0.3998375479974329
5,1,625484.4968517004,-0.16239999,1.6944447,-0.4000633143136042
5,1,625489.4970455908,-0.16239999,1.6945591,-0.40028908345027975
5,1,625494.4972394812,-0.16239999,1.6941774,-0.40051485417778915
5,1,625499.4974333716,-0.16239999,1.6941582,-0.40074062391279763
5,1,625504.497627262,-0.16239999,1.694101,-0.4009663932376483
5,1,625509.4978211524,-0.16239999,1.6940819,-0.4011921632344785
5,1,625514.4980150429,-0.16239999,1.6939101,-0.4014179346419627
5,1,625519.4982089334,-0.16239999,1.6940055,-0.40164370649177045
5,1,625524.4984028239,-0.16239999,1.6938528,-0.40186947817747254
5,1,625529.4985967145,-0.16239999,1.6937573,-0.40209525063032864
5,1,625534.498790605,-0.16239999,1.6938719,-0.40232102047709417
5,1,625539.4989844951,-0.16239999,1.6936619,-0.40254679138499044
5,1,625544.4991783856,-0.16239999,1.6936429,-0.4027725628870473
5,1,625549.4993722761,-0.16239999,1.6935855,-0.4029983349825082
5,1,625554.4995661667,-0.16239999,1.6933756,-0.40322410664803826
5,1,625559.4997600572,-0.16239999,1.6933756,-0.40344987608613697
5,1,625564.4999539477,-0.16239999,1.6933182,-0.4036756469848831
5,1,625569.5001478383,-0.16239999,1.6932801,-0.4039014174835289
5,1,625574.5003417288,-0.16239999,1.6932229,-0.40412718775067774
5,1,625579.5005356192,-0.16239999,1.6929173,-0.40435295912793906
5,1,625584.5007295099,-0.16239999,1.6929173,-0.40457872988483523
5,1,625589.5009234003,-0.16239999,1.6929747,-0.4048045008621171
5,1,625594.5011172908,-0.16239999,1.692841,-0.4050302739175174
5,1,625599.5013111813,-0.16239999,1.6926501,-0.40525604726055975
5,1,625604.5015050719,-0.16239999,1.6925547,-0.40548182005300504
5,1,625609.5016989624,-0.16239999,1.6924974,-0.40570759341682955
5,1,625614.5018928532,-0.16239999,1.6923256,-0.4059333677573333
5,1,625619.5020867437,-0.16239999,1.6922683,-0.4061591380324327
5,1,625624.5022806341,-0.16239999,1.6920965,-0.40638490810569505
5,1,625629.5024745245,-0.16239999,1.6923065,-0.4066106783756229
5,1,625634.502668415,-0.16239999,1.692211,-0.4068364503726699
5,1,625639.5028623054,-0.16239999,1.6919628,-0.4070622213329719
5,1,625644.5030561958,-0.16239999,1.6918483,-0.4072879914539229
5,1,625649.5032500862,-0.16239999,1.691772,-0.4075137615409308
5,1,625654.5034439764,-0.16239999,1.6914856,-0.4077395333957139
5,1,625659.5036378668,-0.16239999,1.6916002,-0.4079653014655863
5,1,625664.5038317572,-0.16239999,1.6915619,-0.40819106887096956
5,1,625669.5040256479,-0.16239999,1.6915047,-0.40841683457900546
5,1,625674.5042195385,-0.16239999,1.6913711,-0.40864260035947175
5,1,625679.5044134292,-0.16239999,1.6912184,-0.4088683664417627
5,1,625684.5046073198,-0.16239999,1.6913137,-0.40909413477522594
5,1,625689.5048012105,-0.16239999,1.6911801,-0.4093199030379335
5,1,625694.5049951011,-0.16239999,1.6910657,-0.40954567403746606
5,1,625699.5051889918,-0.16239999,1.6908365,-0.4097714449032508
5,1,625704.505382882,-0.16239999,1.6907411,-0.40999721570506154
5,1,625709.5055767726,-0.16239999,1.6906838,-0.41022298718442063
5,1,625714.5057706633,-0.16239999,1.6906074,-0.41044875758101584
5,1,625719.5059645539,-0.16239999,1.6904547,-0.4106745273478284
5,1,625724.5061584446,-0.16239999,1.6907601,-0.4109002954657778
5,1,625729.5063523352,-0.16239999,1.6904929,-0.4111260635292071
5,1,625734.5065462259,-0.16239999,1.6902639,-0.41135183121185964
5,1,625739.5067401165,-0.16239999,1.6904166,-0.41157759787689363
5,1,625744.5069340072,-0.16239999,1.6901493,-0.41180336492760194
5,1,625749.5071278978,-0.16239999,1.6901493,-0.4120291316793549
5,1,625754.5073217885,-0.16239999,1.6899583,-0.4122549012369609
5,1,625759.5075156791,-0.16239999,1.690092,-0.4124806696334287
5,1,625764.5077095698,-0.16239999,1.6897675,-0.4127064394709978
5,1,625769.5079034604,-0.16239999,1.6898247,-0.4129322081941686
5,1,625774.5080973506,-0.16239999,1.689672,-0.41315797912261026
5,1,625779.5082912408,-0.16239999,1.6896338,-0.41338375102872704
5,1,625784.508485131,-0.16239999,1.6895193,-0.4136095215944976
5,1,625789.5086790211,-0.16239999,1.6893284,-0.4138352930115624
5,1,625794.5088729113,-0.16239999,1.6893475,-0.4140610617317116
5,1,625799.5090668015,-0.16239999,1.6893475,-0.41428683355646223
5,1,625804.5092606917,-0.16239999,1.6892139,-0.4145126061380296
5,1,625809.5094545819,-0.16239999,1.6890993,-0.4147383767575884
5,1,625814.5096484721,-0.16239999,1.6890802,-0.41496415065547715
5,1,625819.5098423623,-0.16239999,1.6889848,-0.41518992244902975
5,1,625824.5100362524,-0.16239999,1.6889466,-0.415415691123155
5,1,625829.5102301426,-0.16239999,1.6888894,-0.41564146057471196
5,1,625834.5104240328,-0.16239999,1.6886793,-0.4158672342588883
5,1,625839.510617923,-0.16239999,1.6886029,-0.4160930048823222
5,1,625844.5108118132,-0.16239999,1.6886793,-0.41631877197689293
5,1,625849.5110057034,-0.16239999,1.6885839,-0.4165445392618715
5,1,625854.5111995935,-0.16239999,1.6883739,-0.41677030754007544
5,1,625859.5113934837,-0.16239999,1.688202,-0.4169960748131414
5,1,625864.5115873739,-0.16239999,1.6883548,-0.4172218427029614
5,1,625869.5117812641,-0.16239999,1.6881257,-0.4174476111477992
5,1,625874.5119751543,-0.16239999,1.6880684,-0.4176733769198455
5,1,625879.5121690445,-0.16239999,1.6879348,-0.4178991437360245
5,1,625884.5123629346,-0.16239999,1.6878966,-0.4181249114332702
5,1,625889.5125568248,-0.16239999,1.6877439,-0.41835067781810853
5,1,625894.512750715,-0.16239999,1.6876293,-0.4185764448373696
5,1,625899.5129446052,-0.16239999,1.6876867,-0.4188022122907711
5,1,625904.5131384954,-0.16239999,1.6873811,-0.41902797791733154
5,1,625909.5133323856,-0.16239999,1.6874385,-0.419253746669067
5,1,625914.5135262758,-0.16239999,1.6872284,-0.4194795181066441
5,1,625919.5137201659,-0.16239999,1.6872858,-0.41970528665337603
5,1,625924.5139140561,-0.16239999,1.6872284,-0.4199310557634969
5,1,625929.5141079463,-0.16239999,1.6871139,-0.4201568222276972
5,1,625934.5143018365,-0.16239999,1.686904,-0.42038258844058113
5,1,625939.5144957267,-0.16239999,1.6868849,-0.42060835333927205
5,1,625944.5146896169,-0.16239999,1.6869802,-0.42083411906625395
5,1,625949.514883507,-0.16239999,1.686713,-0.42105988534674277
5,1,625954.5150773972,-0.16239999,1.6865985,-0.4212856518310257
5,1,625959.5152712874,-0.16239999,1.6865221,-0.4215114151279676
5,1,625964.5154651776,-0.16239999,1.6865221,-0.42173718078170863
5,1,625969.5156590678,-0.16239999,1.6861976,-0.42196294826352
5,1,625974.515852958,-0.16239999,1.6862167,-0.42218871486924076
5,1,625979.5160468481,-0.16239999,1.6862358,-0.4224144823614879
5,1,625984.5162407383,-0.16239999,1.6857777,-0.42264024983332044
5,1,625989.5164346285,-0.16239999,1.6859685,-0.42286601643013777
5,1,625994.5166285187,-0.16239999,1.6858349,-0.42309178135012904
5,1,625999.5168224089,-0.16239999,1.6857777,-0.4233175487051977
5,1,626004.5170162991,-0.16239999,1.6855485,-0.4235433181419636
5,1,626009.5172101893,-0.16239999,1.6856631,-0.4237690901380155
5,1,626014.5174040794,-0.16239999,1.6855295,-0.4239948622687739
5,1,626019.5175979696,-0.16239999,1.6854149,-0.42422063329873555
5,1,626024.5177918598,-0.16239999,1.6853194,-0.42444640554294144
5,1,626029.51798575,-0.16239999,1.6852239,-0.42467217618024006
5,1,626034.5181796402,-0.16239999,1.6850712,-0.42489794409934584
5,1,626039.5183735304,-0.16239999,1.6852622,-0.42512371127255993
5,1,626044.5185674205,-0.16239999,1.6849759,-0.4253494829388003
5,1,626049.5187613107,-0.16239999,1.6849376,-0.42557525463999385
5,1,626054.5189552009,-0.16239999,1.6848994,-0.4258010243187587
5,1,626059.5191490911,-0.16239999,1.6847849,-0.42602679481376116
5,1,626064.5193429813,-0.16239999,1.6846131,-0.42625256735891837
5,1,626069.5195368715,-0.16239999,1.6844604,-0.4264783410051952
5,1,626074.5197307616,-0.16239999,1.6844413,-0.42670411261236985
5,1,626079.5199246518,-0.16239999,1.6843649,-0.4269298852885265
5,1,626084.520118542,-0.16239999,1.6842313,-0.42715565587560905
5,1,626089.5203124322,-0.16239999,1.6842122,-0.4273814263684318
5,1,626094.5205063224,-0.16239999,1.6839259,-0.4276071989397695
5,1,626099.5207002126,-0.16239999,1.6840786,-0.42783297240490287
5,1,626104.5208941028,-0.16239999,1.684155,-0.42805874564824736
5,1,626109.5210879929,-0.16239999,1.6837349,-0.4282845174976826
5,1,626114.5212818831,-0.16239999,1.683544,-0.4285102895329146
5,1,626119.5214757733,-0.16239999,1.6836395,-0.4287360598094371
5,1,626124.5216696635,-0.16239999,1.6835631,-0.4289618334803911
5,1,626129.5218635537,-0.16239999,1.6833913,-0.42918760435543524
5,1,626134.5220574439,-0.16239999,1.6833723,-0.4294133742662319
5,1,626139.522251334,-0.16239999,1.6831813,-0.42963914732374814
5,1,626144.5224452242,-0.16239999,1.6831241,-0.42986492273953375
5,1,626149.5226391144,-0.16239999,1.6831241,-0.4300906950465961
5,1,626154.5228330046,-0.16239999,1.6829904,-0.430316468905914
5,1,626159.5230268948,-0.16239999,1.6827804,-0.4305422413240943
5,1,626164.523220785,-0.16239999,1.6827422,-0.43076801306984724
5,1,626169.5234146751,-0.16239999,1.6827804,-0.4309937826806363
5,1,626174.5236085653,-0.16239999,1.682666,-0.431219553523061
5,1,626179.5238024555,-0.16239999,1.6823987,-0.43144532579007977
5,1,626184.5239963457,-0.16239999,1.6824178,-0.4316711004220941
5,1,626189.5241902359,-0.16239999,1.6822841,-0.4318968755661595
5,1,626194.5243841261,-0.16239999,1.6823032,-0.4321226493070107
5,1,626199.5245780163,-0.16239999,1.6821314,-0.4323484214682652
5,1,626204.5247719064,-0.16239999,1.6821696,-0.43257419324028973
5,1,626209.5249657966,-0.16239999,1.6820168,-0.432799963072289
5,1,626214.5251596868,-0.16239999,1.6818641,-0.4330257333632027
5,1,626219.525353577,-0.16239999,1.6818259,-0.4332515050061236
5,1,626224.5255474672,-0.16239999,1.681845,-0.4334772779320303
5,1,626229.5257413574,-0.16239999,1.6816541,-0.4337030515398174
5,1,626234.5259352475,-0.16239999,1.681616,-0.4339288228114394
5,1,626239.5261291377,-0.16239999,1.6813678,-0.4341545963020935
5,1,626244.5263230279,-0.16239999,1.6811196,-0.4343803706995553
5,1,626249.5265169181,-0.16239999,1.6811769,-0.4346061430319446
5,1,626254.5267108083,-0.16239999,1.6811386,-0.43483191282601386
5,1,626259.5269046985,-0.16239999,1.6810433,-0.4350576835595111
5,1,626264.5270985886,-0.16239999,1.6808523,-0.43528345137743135
5,1,626269.5272924788,-0.16239999,1.680776,-0.4355092194224909
5,1,626274.527486369,-0.16239999,1.6808141,-0.4357349850080376
5,1,626279.5276802592,-0.16239999,1.680585,-0.43596075144923213
5,1,626284.5278741494,-0.16239999,1.6804895,-0.4361865179165559
5,1,626289.5280680396,-0.16239999,1.6804132,-0.4364122844326619
5,1,626294.5282619298,-0.16239999,1.6802796,-0.43663805176542103
5,1,626299.5284558199,-0.16239999,1.6802032,-0.4368638192631236
5,1,626304.5286497101,-0.16239999,1.6800888,-0.4370895865979234
5,1,626309.5288436003,-0.16239999,1.6800696,-0.4373153544728555
5,1,626314.5290374905,-0.16239999,1.6799169,-0.4375411220645149
5,1,626319.5292313807,-0.16239999,1.6799169,-0.4377668912833008
5,1,626324.5294252709,-0.16239999,1.6797451,-0.43799265815854466
5,1,626329.529619161,-0.16239999,1.6798978,-0.4382184287448838
5,1,626334.5298130512,-0.16239999,1.6798787,-0.4384441982321961
5,1,626339.5300069414,-0.16239999,1.6797069,-0.43866996502960953
5,1,626344.5302008316,-0.16239999,1.6796114,-0.43889573146674515
5,1,626349.5303947218,-0.16239999,1.679516,-0.4391214978249949
5,1,626354.530588612,-0.16239999,1.6792105,-0.4393472643761592
5,1,626359.5307825021,-0.16239999,1.6792296,-0.4395730333225038
5,1,626364.5309763923,-0.16239999,1.6791533,-0.43979880348805567
5,1,626369.5311702825,-0.16239999,1.6790769,-0.44002457427532954
5,1,626374.5313641727,-0.16239999,1.6790005,-0.4402503408986246
5,1,626379.5315580629,-0.16239999,1.6788478,-0.44047610863235165
5,1,626384.5317519531,-0.16239999,1.6789242,-0.44070187860733256
5,1,626389.5319458432,-0.16239999,1.678676,-0.4409276461081677
5,1,626394.5321397334,-0.16239999,1.6785805,-0.4411534145993746
5,1,626399.5323336236,-0.16239999,1.6785233,-0.4413791824539559
5,1,626404.5325275138,-0.16239999,1.6784278,-0.4416049510484891
5,1,626409.532721404,-0.16239999,1.6783706,-0.44183071989919814
5,1,626414.5329152942,-0.16239999,1.678237,-0.44205648943998077
5,1,626419.5331091844,-0.16239999,1.6780078,-0.442282256582693
5,1,626424.5333030745,-0.16239999,1.6780269,-0.44250802283708823
5,1,626429.5334969647,-0.16239999,1.6778933,-0.4427337883741043
5,1,626434.5336908549,-0.16239999,1.6777979,-0.44295955543482046
5,1,626439.5338847451,-0.16239999,1.6776069,-0.4431853211732638
5,1,626444.5340786353,-0.16239999,1.6776451,-0.44341108529566964
5,1,626449.5342725255,-0.16239999,1.6776069,-0.4436368498419365
5,1,626454.5344664156,-0.16239999,1.6775115,-0.4438626168687368
5,1,626459.5346603058,-0.16239999,1.6774352,-0.44408838202219536
5,1,626464.534854196,-0.16239999,1.6774161,-0.44431414941333064
5,1,626469.5350480862,-0.16239999,1.6772251,-0.44453991653407693
5,1,626474.5352419764,-0.16239999,1.677187,-0.44476568549516543
5,1,626479.5354358666,-0.16239999,1.6769197,-0.44499145360198444
5,1,626484.5356297567,-0.16239999,1.6769006,-0.4452172229300679
5,1,626489.5358236469,-0.16239999,1.6768816,-0.4454429907584438
5,1,626494.5360175371,-0.16239999,1.6768625,-0.4456687564594149
5,1,626499.5362114273,-0.16239999,1.6768242,-0.4458945224692316
5,1,626504.5364053175,-0.16239999,1.6765379,-0.4461202906448965
5,1,626509.5365992077,-0.16239999,1.6766143,-0.4463460572164944
5,1,626514.5367930979,-0.16239999,1.676347,-0.44657182519830924
5,1,626519.536986988,-0.16239999,1.6762897,-0.44679759405194547
5,1,626524.5371808782,-0.16239999,1.676156,-0.44702336493017186
5,1,626529.5373747684,-0.16239999,1.6761179,-0.4472491332338609
5,1,626534.5375686586,-0.16239999,1.6760033,-0.4474748997085293
5,1,626539.5377625488,-0.16239999,1.6760416,-0.44770066579617807
5,1,626544.537956439,-0.16239999,1.675908,-0.4479264317395033
5,1,626549.5381503291,-0.16239999,1.6756788,-0.44815219600979816
5,1,626554.5383442193,-0.16239999,1.6758888,-0.4483779583725656
5,1,626559.5385381095,-0.16239999,1.6755261,-0.4486037222762497
5,1,626564.5387319997,-0.16239999,1.675488,-0.4488294827574127
5,1,626569.5389258899,-0.16239999,1.6754688,-0.44905524340199177
5,1,626574.5391197801,-0.16239999,1.6753161,-0.4492810047962764
5,1,626579.5393136702,-0.16239999,1.6753161,-0.44950676755847857
5,1,626584.5395075604,-0.16239999,1.675278,-0.4497325327204763
5,1,626589.5397014506,-0.16239999,1.6752398,-0.44995829744189636
5,1,626594.5398953408,-0.16239999,1.6749725,-0.45018406218354556
5,1,626599.540089231,-0.16239999,1.6749343,-0.45040982841312044
5,1,626604.5402831212,-0.16239999,1.6749535,-0.4506355971298448
5,1,626609.5404770114,-0.16239999,1.6748389,-0.4508613681298195
5,1,626614.5406709015,-0.16239999,1.674877,-0.4510871350040004
5,1,626619.5408647917,-0.16239999,1.6747053,-0.45131290347759245
5,1,626624.5410586819,-0.16239999,1.6745334,-0.4515386699289645
5,1,626629.5412525721,-0.16239999,1.6744189,-0.4517644392816572
5,1,626634.5414464623,-0.16239999,1.6745526,-0.4519902058975207
5,1,626639.5416403525,-0.16239999,1.6743234,-0.4522159718450431
5,1,626644.5418342426,-0.16239999,1.6742662,-0.45244173468371635
5,1,626649.5420281328,-0.16239999,1.674018,-0.45266749830522873
5,1,626654.542222023,-0.16239999,1.6740562,-0.4528932643192558
5,1,626659.5424159132,-0.16239999,1.6739225,-0.4531190312016431
5,1,626664.5426098034,-0.16239999,1.673808,-0.45334479424483726
5,1,626669.5428036936,-0.16239999,1.6737698,-0.45357055841988225
5,1,626674.5429975837,-0.16239999,1.6736171,-0.45379632419358923
5,1,626679.5431914739,-0.16239999,1.6735216,-0.4540220917927853
5,1,626684.5433853641,-0.16239999,1.6734835,-0.4542478602556709
5,1,626689.5435792543,-0.16239999,1.6734452,-0.45447362633581195
5,1,626694.5437731445,-0.16239999,1.6733499,-0.4546993981266318
5,1,626699.5439670347,-0.16239999,1.6731972,-0.4549251683569019
5,1,626704.5441609249,-0.16239999,1.6730826,-0.4551509366976385
5,1,626709.544354815,-0.16239999,1.6730826,-0.4553767055225147
5,1,626714.5445487052,-0.16239999,1.6728535,-0.4556024730165897
5,1,626719.5447425954,-0.16239999,1.6729299,-0.45582823998245575
5,1,626724.5449364856,-0.16239999,1.6727962,-0.45605400680401237
5,1,626729.5451303758,-0.16239999,1.6727198,-0.45627977318071056
5,1,626734.545324266,-0.16239999,1.6726817,-0.45650554147770733
5,1,626739.5455181561,-0.16239999,1.6723763,-0.45673130956275493
5,1,626744.5457120463,-0.16239999,1.6722999,-0.456957076741321
5,1,626749.5459059365,-0.16239999,1.6722234,-0.45718284206752047
5,1,626754.5460998267,-0.16239999,1.672338,-0.4574086056560119
5,1,626759.5462937169,-0.16239999,1.6719562,-0.4576343689366809
5,1,626764.5464876071,-0.16239999,1.6719371,-0.45786013072800286
5,1,626769.5466814972,-0.16239999,1.6720135,-0.458085894122857
5,1,626774.5468753874,-0.16239999,1.6718799,-0.4583116569568902
5,1,626779.5470692776,-0.16239999,1.6718417,-0.4585374170226403
5,1,626784.5472631678,-0.16239999,1.6716126,-0.458763177631873
5,1,626789.547457058,-0.16239999,1.6715362,-0.4589889363929379
5,1,626794.5476509482,-0.16239999,1.6714216,-0.4592146947100285
5,1,626799.5478448384,-0.16239999,1.6712881,-0.4594404529467911
5,1,626804.5480387285,-0.16239999,1.6712881,-0.45966621304196686
5,1,626809.5482326187,-0.16239999,1.6710972,-0.4598919712936041
5,1,626814.5484265089,-0.16239999,1.6709063,-0.46011772894753916
5,1,626819.5486203991,-0.16239999,1.670868,-0.46034348870079866
5,1,626824.5488142893,-0.16239999,1.670868,-0.4605692526310507
5,1,626829.5490081795,-0.16239999,1.6707344,-0.46079501661867056
5,1,626834.5492020696,-0.16239999,1.670639,-0.46102078230179255
5,1,626839.5493959598,-0.16239999,1.6704863,-0.4612465475160942
5,1,626844.54958985,-0.16239999,1.6704481,-0.46147231189958243
5,1,626849.5497837402,-0.16239999,1.6703335,-0.4616980749657633
5,1,626854.5499776304,-0.16239999,1.6701427,-0.4619238380136166
5,1,626859.5501715206,-0.16239999,1.66999,-0.4621496003768244
5,1,626864.5503654107,-0.16239999,1.6701236,-0.4623753622926091
5,1,626869.5505593009,-0.16239999,1.6700854,-0.4626011236685769
5,1,626874.5507531911,-0.16239999,1.6697799,-0.4628268847447955
5,1,626879.5509470813,-0.16239999,1.6698182,-0.4630526483013819
5,1,626884.5511409715,-0.16239999,1.6697417,-0.46327841318302254
5,1,626889.5513348617,-0.16239999,1.6696081,-0.46350417582632913
5,1,626894.5515287519,-0.16239999,1.6693982,-0.4637299395199731
5,1,626899.551722642,-0.16239999,1.6694173,-0.4639557041137813
5,1,626904.5519165322,-0.16239999,1.6691309,-0.46418146689831447
5,1,626909.5521104224,-0.16239999,1.6690354,-0.4644072315591953
5,1,626914.5523043126,-0.16239999,1.6691117,-0.46463299735868785
5,1,626919.5524982028,-0.16239999,1.6688254,-0.4648587608568964
5,1,626924.552692093,-0.16239999,1.6686536,-0.4650845262477959
5,1,626929.5528859831,-0.16239999,1.668539,-0.4653102941176658
5,1,626934.5530798733,-0.16239999,1.6685964,-0.4655360632860775
5,1,626939.5532737635,-0.16239999,1.6684436,-0.46576183036309715
5,1,626944.5534676537,-0.16239999,1.6682909,-0.4659875963756722
5,1,626949.5536615439,-0.16239999,1.6681764,-0.46621336346347947
5,1,626954.5538554341,-0.16239999,1.6680619,-0.466439128188547
5,1,626959.5540493242,-0.16239999,1.6681191,-0.4666648937347389
5,1,626964.5542432144,-0.16239999,1.6678327,-0.46689065922048256
5,1,626969.5544371046,-0.16239999,1.6679473,-0.46711642541087567
5,1,626974.5546309948,-0.16239999,1.667661,-0.4673421915575753
5,1,626979.5548248854,-0.16239999,1.6677182,-0.4675679580051368
5,1,626984.5550187761,-0.16239999,1.667661,-0.4677937226686104
5,1,626989.5552126667,-0.16239999,1.6675464,-0.46801948827224216
5,1,626994.5554065574,-0.16239999,1.6673746,-0.4682452544165716
5,1,626999.555600448,-0.16239999,1.6672791,-0.4684710185998305
5,1,627004.5557943387,-0.16239999,1.6671646,-0.46869678378348956
5,1,627009.5559882293,-0.16239999,1.6670119,-0.46892255001687916
5,1,627014.55618212,-0.16239999,1.6670691,-0.4691483160963853
5,1,627019.5563760106,-0.16239999,1.6668973,-0.4693740852789291
5,1,627024.5565699013,-0.16239999,1.6667446,-0.46959985387451286
5,1,627029.556763792,-0.16239999,1.6666491,-0.46982562194258637
5,1,627034.5569576826,-0.16239999,1.6665537,-0.4700513928997144
5,1,627039.5571515732,-0.16239999,1.6664201,-0.47027716654994506
5,1,627044.5573454639,-0.16239999,1.6663628,-0.4705029377869525
5,1,627049.5575393545,-0.16239999,1.6659809,-0.4707287113351466
5,1,627054.5577332452,-0.16239999,1.6659809,-0.4709544841275919
5,1,627059.5579271358,-0.16239999,1.6658282,-0.47118025634190275
5,1,627064.5581210265,-0.16239999,1.66558,-0.4714060264934012
5,1,627069.5583149171,-0.16239999,1.6657137,-0.4716317963211032
5,1,627074.5585088078,-0.16239999,1.6655419,-0.4718575671257054
5,1,627079.5587026982,-0.16239999,1.665561,-0.4720833383938621
5,1,627084.5588965886,-0.16239999,1.6652365,-0.4723091093661487
5,1,627089.559090479,-0.16239999,1.6651791,-0.4725348833997655
5,1,627094.559284369,-0.16239999,1.6651983,-0.4727606554152121
5,1,627099.5594782594,-0.16239999,1.6650647,-0.47298642665287605
5,1,627104.5596721498,-0.16239999,1.6649883,-0.4732121988234429
5,1,627109.5598660402,-0.16239999,1.6649119,-0.47343796892919393
5,1,627114.5600599307,-0.16239999,1.6646446,-0.47366373912834375
5,1,627119.5602538211,-0.16239999,1.6645302,-0.47388950891074866
5,1,627124.5604477115,-0.16239999,1.6643201,-0.47411528158789373
5,1,627129.560641602,-0.16239999,1.6641483,-0.4743410526795412
5,1,627134.5608354926,-0.16239999,1.6641293,-0.4745668255880756
5,1,627139.5610293831,-0.16239999,1.6640528,-0.4747926020310289
5,1,627144.5612232736,-0.16239999,1.6638047,-0.475018375365523
5,1,627149.5614171642,-0.16239999,1.6637856,-0.4752441511131972
5,1,627154.5616110547,-0.16239999,1.663862,-0.4754699287592611
5,1,627159.5618049452,-0.16239999,1.6637284,-0.4756956992864244
5,1,627164.5619988358,-0.16239999,1.663671,-0.4759214689994553
5,1,627169.5621927265,-0.16239999,1.6634802,-0.476147239586138
5,1,627174.5623866171,-0.16239999,1.6634228,-0.4763730086239402
5,1,627179.5625805076,-0.16239999,1.6632701,-0.47659877552039503
5,1,627184.5627743981,-0.16239999,1.6630793,-0.47682454228955423
5,1,627189.5629682887,-0.16239999,1.6631174,-0.4770503105023801
5,1,627194.5631621792,-0.16239999,1.6630219,-0.47727607852647536
5,1,627199.5633560696,-0.16239999,1.6628501,-0.47750184313890254
5,1,627204.5635499601,-0.16239999,1.6627356,-0.4777276074336361
5,1,627209.5637438506,-0.16239999,1.6627738,-0.47795337091996104
5,1,627214.5639377411,-0.16239999,1.6627165,-0.4781791370586082
5,1,627219.5641316316,-0.16239999,1.6624874,-0.47840490045751133
5,1,627224.5643255222,-0.16239999,1.662373,-0.47863066619438427
5,1,627229.5645194126,-0.16239999,1.6622775,-0.4788564329737425
5,1,627234.564713303,-0.16239999,1.6621438,-0.479082202733193
5,1,627239.5649071934,-0.16239999,1.6619911,-0.4793079755607198
5,1,627244.5651010838,-0.16239999,1.6618956,-0.4795337472414847
5,1,627249.5652949743,-0.16239999,1.6617811,-0.4797595167267058
5,1,627254.5654888647,-0.16239999,1.6616284,-0.47998528532626983
5,1,627259.5656827546,-0.16239999,1.6616474,-0.480211054576575
5,1,627264.565876645,-0.16239999,1.6614566,-0.4804368198751369
5,1,627269.5660705355,-0.16239999,1.6614375,-0.4806625869057676
5,1,627274.5662644259,-0.16239999,1.6613611,-0.48088835212232595
5,1,627279.5664583165,-0.16239999,1.661132,-0.4811141187467634
5,1,627284.5666522072,-0.16239999,1.6611512,-0.48133988591504107
5,1,627289.5668460978,-0.16239999,1.6610557,-0.48156565417028807
5,1,627294.5670399885,-0.16239999,1.6610175,-0.48179142001345016
5,1,627299.5672338791,-0.16239999,1.6606357,-0.48201718663182364
5,1,627304.5674277698,-0.16239999,1.6606548,-0.4822429535339235
5,1,627309.5676216604,-0.16239999,1.6604257,-0.48246871842231354
5,1,627314.5678155511,-0.16239999,1.6605021,-0.4826944849495035
5,1,627319.5680094417,-0.16239999,1.660273,-0.4829202515311117
5,1,627324.5682033324,-0.16239999,1.6602157,-0.4831460209250218
5,1,627329.568397223,-0.16239999,1.6601012,-0.4833717876240089
5,1,627334.5685911137,-0.16239999,1.660063,-0.48359755415739447
5,1,627339.5687850043,-0.16239999,1.6600248,-0.48382332470858175
5,1,627344.568978895,-0.16239999,1.6598148,-0.4840490928948438
5,1,627349.5691727856,-0.16239999,1.6597193,-0.48427486495917366
5,1,627354.5693666763,-0.16239999,1.659872,-0.4845006365717011
5,1,627359.5695605669,-0.16239999,1.6595666,-0.484726406561392
5,1,627364.5697544576,-0.16239999,1.6594902,-0.48495217385879236
5,1,627369.5699483482,-0.16239999,1.6592612,-0.48517794091841326
5,1,627374.5701422389,-0.16239999,1.6593184,-0.48540370875995187
5,1,627379.5703361295,-0.16239999,1.6591657,-0.4856294776783287
5,1,627384.5705300197,-0.16239999,1.658994,-0.48585524421495524
5,1,627389.5707239099,-0.16239999,1.6588985,-0.48608100863747045
5,1,627394.5709178001,-0.16239999,1.6587839,-0.4863067723805945
5,1,627399.5711116903,-0.16239999,1.658593,-0.48653253807826413
5,1,627404.5713055804,-0.16239999,1.6586312,-0.4867583034496745
5,1,627409.5714994706,-0.16239999,1.6584021,-0.48698406977079056
5,1,627414.5716933608,-0.16239999,1.6582112,-0.4872098362392079
5,1,627419.571887251,-0.16239999,1.6581157,-0.4874356014404346
5,1,627424.5720811412,-0.16239999,1.6581157,-0.487661369943324
5,1,627429.5722750314,-0.16239999,1.6580395,-0.4878871370173907
5,1,627434.5724689215,-0.16239999,1.6579249,-0.4881129029387798
5,1,627439.5726628117,-0.16239999,1.6577148,-0.4883386734565115
5,1,627444.5728567019,-0.16239999,1.6576767,-0.4885644448315178
5,1,627449.5730505921,-0.16239999,1.6576385,-0.48879021453532656
5,1,627454.5732444823,-0.16239999,1.6574285,-0.4890159856043143
5,1,627459.5734383725,-0.16239999,1.6572949,-0.48924175853002316
5,1,627464.5736322626,-0.16239999,1.6571612,-0.48946753077590377
5,1,627469.5738261528,-0.16239999,1.6568177,-0.489693300547993
5,1,627474.574020043,-0.16239999,1.656894,-0.4899190682642774
5,1,627479.5742139332,-0.16239999,1.6568558,-0.49014483785035373
5,1,627484.5744078234,-0.16239999,1.6566267,-0.49037060629312523
5,1,627489.5746017136,-0.16239999,1.6563785,-0.4905963763854553
5,1,627494.5747956038,-0.16239999,1.6565504,-0.49082214414780995
5,1,627499.5749894939,-0.16239999,1.6563785,-0.4910479104098884
5,1,627504.5751833841,-0.16239999,1.6562831,-0.4912736749835179
5,1,627509.5753772743,-0.16239999,1.6561686,-0.4914994391844487
5,1,627514.5755711645,-0.16239999,1.656054,-0.4917252035619276
5,1,627519.5757650547,-0.16239999,1.6559776,-0.49195096763094337
5,1,627524.5759589449,-0.16239999,1.6557868,-0.49217673232486336
5,1,627529.576152835,-0.16239999,1.655634,-0.4924024992948736
5,1,627534.5763467252,-0.16239999,1.6554049,-0.4926282656946049
5,1,627539.5765406154,-0.16239999,1.6553668,-0.49285403076737033
5,1,627544.5767345056,-0.16239999,1.6552904,-0.49307979758787557
5,1,627549.5769283958,-0.16239999,1.6550614,-0.4933055651011242
5,1,627554.577122286,-0.16239999,1.6550231,-0.4935313331886479
5,1,627559.5773161761,-0.16239999,1.6549277,-0.49375710062995537
5,1,627564.5775100663,-0.16239999,1.6547177,-0.4939828659490436
5,1,627569.5777039565,-0.16239999,1.6547177,-0.49420862896578904
5,1,627574.5778978467,-0.16239999,1.6545268,-0.49443439313918996
5,1,627579.5780917369,-0.16239999,1.6544886,-0.49466015759406384
5,1,627584.5782856271,-0.16239999,1.6544313,-0.49488592204206333
5,1,627589.5784795173,-0.16239999,1.6542213,-0.49511168527283084
5,1,627594.5786734074,-0.16239999,1.654145,-0.4953374487261778
5,1,627599.5788672976,-0.16239999,1.6540495,-0.4955632113129461
5,1,627604.5790611878,-0.16239999,1.6538777,-0.49578897433811736
5,1,627609.579255078,-0.16239999,1.6537822,-0.4960147381308292
5,1,627614.5794489682,-0.16239999,1.6536677,-0.496240501239812
5,1,627619.5796428584,-0.16239999,1.6535723,-0.4964662644125039
5,1,627624.5798367485,-0.16239999,1.653534,-0.4966920289949036
5,1,627629.5800306387,-0.16239999,1.6533813,-0.4969177940646251
5,1,627634.5802245289,-0.16239999,1.6532477,-0.49714356109276564
5,1,627639.5804184191,-0.16239999,1.6531523,-0.49736932852845706
5,1,627644.5806123093,-0.16239999,1.653095,-0.49759509791210277
5,1,627649.5808061995,-0.16239999,1.6528659,-0.49782086702104805
5,1,627654.5810000896,-0.16239999,1.6527323,-0.4980466381250734
5,1,627659.5811939798,-0.16239999,1.6527323,-0.49827240781166304
5,1,627664.58138787,-0.16239999,1.6525414,-0.49849817761661014
5,1,627669.5815817602,-0.16239999,1.652465,-0.4987239457812531
5,1,627674.5817756504,-0.16239999,1.6522932,-0.4989497088459563
5,1,627679.5819695406,-0.16239999,1.6522741,-0.49917547303733295
5,1,627684.5821634308,-0.16239999,1.652255,-0.4994012389700063
5,1,627689.5823573209,-0.16239999,1.6520069,-0.49962700753297556
5,1,627694.5825512111,-0.16239999,1.651816,-0.49985277637697656
5,1,627699.5827451013,-0.16239999,1.651816,-0.5000785422610374
5,1,627704.5829389915,-0.16239999,1.6516824,-0.5003043066803845
5,1,627709.5831328817,-0.16239999,1.651606,-0.5005300719198219
5,1,627714.5833267719,-0.16239999,1.6513196,-0.5007558381975176
5,1,627719.583520662,-0.16239999,1.6512815,-0.5009816059439173
5,1,627724.5837145522,-0.16239999,1.6509951,-0.5012073739712395
5,1,627729.5839084424,-0.16239999,1.6511096,-0.501433141236806
5,1,627734.5841023326,-0.16239999,1.6508615,-0.5016589115878194
5,1,627739.5842962228,-0.16239999,1.6508996,-0.501884681710326
5,1,627744.584490113,-0.16239999,1.6507087,-0.5021104536814854
5,1,627749.5846840031,-0.16239999,1.6506324,-0.5023362277166644
5,1,627754.5848778933,-0.16239999,1.6502887,-0.5025620026647051
5,1,627759.5850717835,-0.16239999,1.6502887,-0.502787775989376
5,1,627764.5852656737,-0.16239999,1.6503651,-0.5030135496695356
5,1,627769.5854595639,-0.16239999,1.6502696,-0.5032393254887917
5,1,627774.5856534541,-0.16239999,1.6499261,-0.5034650988450713
5,1,627779.5858473442,-0.16239999,1.6500788,-0.5036908727527427
5,1,627784.5860412344,-0.16239999,1.649697,-0.5039166446811542
5,1,627789.5862351246,-0.16239999,1.6495824,-0.5041424156263223
5,1,627794.5864290148,-0.16239999,1.6496205,-0.5043681875823207
5,1,627799.586622905,-0.16239999,1.6494488,-0.5045939577560832
5,1,627804.5868167952,-0.16239999,1.6492196,-0.5048197295509685
5,1,627809.5870106854,-0.16239999,1.6492006,-0.5050455004617193
5,1,627814.5872045755,-0.16239999,1.6491243,-0.5052712713154704
5,1,627819.5873984657,-0.16239999,1.648857,-0.5054970398424592
5,1,627824.5875923559,-0.16239999,1.6487234,-0.5057228070382659
5,1,627829.5877862461,-0.16239999,1.6487424,-0.50594857410205
5,1,627834.5879801363,-0.16239999,1.6485133,-0.5061743402102027
5,1,627839.5881740265,-0.16239999,1.6485133,-0.5064001056280227
5,1,627844.5883679166,-0.16239999,1.648246,-0.5066258709729041
5,1,627849.5885618068,-0.16239999,1.648227,-0.5068516368627267
5,1,627854.588755697,-0.16239999,1.6481315,-0.5070774030150167
5,1,627859.5889495872,-0.16239999,1.6479025,-0.5073031694443673
5,1,627864.5891434774,-0.16239999,1.6479216,-0.5075289374515662
5,1,627869.5893373676,-0.16239999,1.6477306,-0.5077547035569192
5,1,627874.5895312577,-0.16239999,1.6475588,-0.5079804709608214
5,1,627879.5897251479,-0.16239999,1.6474634,-0.508206238262145
5,1,627884.5899190381,-0.16239999,1.6472343,-0.5084320035919339
5,1,627889.5901129283,-0.16239999,1.6473106,-0.508657768862609
5,1,627894.5903068185,-0.16239999,1.6470625,-0.5088835345178948
5,1,627899.5905007087,-0.16239999,1.6470243,-0.5091092983357292
5,1,627904.5906945989,-0.16239999,1.6468334,-0.5093350610892199
5,1,627909.590888489,-0.16239999,1.6466998,-0.5095608224127811
5,1,627914.5910823792,-0.16239999,1.6466234,-0.5097865836931721
5,1,627919.5912762694,-0.16239999,1.6465662,-0.5100123476557439
5,1,627924.5914701596,-0.16239999,1.6462607,-0.5102381112272057
5,1,627929.5916640498,-0.16239999,1.6461271,-0.5104638764910951
5,1,627934.59185794,-0.16239999,1.6461653,-0.5106896427698736
5,1,627939.5920518301,-0.16239999,1.6461462,-0.5109154072071683
5,1,627944.5922457203,-0.16239999,1.6459552,-0.5111411724184426
5,1,627949.5924396105,-0.16239999,1.6457834,-0.5113669373105298
5,1,627954.5926335007,-0.16239999,1.6457644,-0.5115927078013203
5,1,627959.5928273909,-0.16239999,1.6456498,-0.5118184759422828
5,1,627964.5930212811,-0.16239999,1.6454399,-0.5120442430433662
5,1,627969.5932151712,-0.16239999,1.6454016,-0.5122700097632695
5,1,627974.5934090614,-0.16239999,1.6452107,-0.5124957766368643
5,1,627979.5936029516,-0.16239999,1.6449625,-0.512721543907065
5,1,627984.5937968418,-0.16239999,1.6450771,-0.5129473113219188
5,1,627989.593990732,-0.16239999,1.6450198,-0.5131730768094938
5,1,627994.5941846222,-0.16239999,1.6447334,-0.5133988418063303
5,1,627999.5943785124,-0.16239999,1.6447334,-0.5136246071817591
5,1,628004.5945724025,-0.16239999,1.6445616,-0.5138503755477656
5,1,628009.5947662927,-0.16239999,1.6443135,-0.514076142309889
5,1,628014.5949601829,-0.16239999,1.6441607,-0.5143019112112056
5,1,628019.5951540731,-0.16239999,1.6441417,-0.5145276777655123
5,1,628024.5953479633,-0.16239999,1.6439316,-0.5147534407075367
5,1,628029.5955418535,-0.16239999,1.6438744,-0.5149792051013597
5,1,628034.5957357436,-0.16239999,1.6436453,-0.5152049719615949
5,1,628039.5959296338,-0.16239999,1.6437026,-0.5154307389756182
5,1,628044.596123524,-0.16239999,1.6435117,-0.5156565062217611
5,1,628049.5963174142,-0.16239999,1.6435881,-0.5158822701025553
5,1,628054.5965113044,-0.16239999,1.6432444,-0.5161080340119233
5,1,628059.5967051946,-0.16239999,1.6431681,-0.516333801604764
5,1,628064.5968990847,-0.16239999,1.6431872,-0.5165595683466516
5,1,628069.5970929749,-0.16239999,1.6428244,-0.5167853373729278
5,1,628074.5972868651,-0.16239999,1.6428435,-0.5170111046783731
5,1,628079.5974807553,-0.16239999,1.6428627,-0.5172368716325434
5,1,628084.5976746455,-0.16239999,1.6426717,-0.5174626370510688
5,1,628089.5978685357,-0.16239999,1.6426717,-0.5176884048080714
5,1,628094.5980624259,-0.16239999,1.6424044,-0.517914174363953
5,1,628099.598256316,-0.16239999,1.6423472,-0.5181399422627693
5,1,628104.5984502062,-0.16239999,1.6421753,-0.5183657115603458
5,1,628109.5986440964,-0.16239999,1.6419845,-0.5185914812418003
5,1,628114.5988379866,-0.16239999,1.64208,-0.5188172515138806
5,1,628119.5990318768,-0.16239999,1.641889,-0.5190430225258242
5,1,628124.599225767,-0.16239999,1.6418318,-0.5192687925484566
5,1,628129.5994196571,-0.16239999,1.641679,-0.5194945643388659
5,1,628134.5996135473,-0.16239999,1.64166,-0.5197203320718239
5,1,628139.5998074375,-0.16239999,1.641469,-0.5199461021655621
5,1,628144.6000013277,-0.16239999,1.6411827,-0.520171873961229
5,1,628149.6001952179,-0.16239999,1.6409727,-0.5203976455712108
5,1,628154.6003891081,-0.16239999,1.6408772,-0.5206234171787323
5,1,628159.6005829982,-0.16239999,1.6407436,-0.5208491918320461
5,1,628164.6007768884,-0.16239999,1.6407818,-0.521074965858806
5,1,628169.6009707786,-0.16239999,1.6405336,-0.5213007388568964
5,1,628174.6011646688,-0.16239999,1.6404382,-0.5215265132319493
5,1,628179.601358559,-0.16239999,1.6402854,-0.5217522891704404
5,1,628184.6015524492,-0.16239999,1.6402472,-0.5219780596505103
5,1,628189.6017463394,-0.16239999,1.6403046,-0.5222038272932384
5,1,628194.6019402295,-0.16239999,1.6400564,-0.5224295957661773
5,1,628199.6021341197,-0.16239999,1.63998,-0.5226553644922712
5,1,628204.6023280099,-0.16239999,1.6396745,-0.5228811325720264
5,1,628209.6025219001,-0.16239999,1.6396173,-0.5231069016286463
5,1,628214.6027157903,-0.16239999,1.6394454,-0.5233326701293957
5,1,628219.6029096805,-0.16239999,1.63935,-0.5235584376681494
5,1,628224.6031035706,-0.16239999,1.6392164,-0.5237842061074051
5,1,628229.6032974608,-0.16239999,1.6391591,-0.524009973824278
5,1,628234.603491351,-0.16239999,1.6390445,-0.5242357399398698
5,1,628239.6036852412,-0.16239999,1.6389109,-0.5244615064291148
5,1,628244.6038791314,-0.16239999,1.6386055,-0.5246872747647163
5,1,628249.6040730216,-0.16239999,1.6384909,-0.5249130435846288
5,1,628254.6042669117,-0.16239999,1.6384337,-0.5251388121445896
5,1,628259.6044608019,-0.16239999,1.6381474,-0.5253645818444934
5,1,628264.6046546921,-0.16239999,1.6381855,-0.5255903517588257
5,1,628269.6048485823,-0.16239999,1.6379373,-0.5258161218528488
5,1,628274.6050424725,-0.16239999,1.6379182,-0.5260418934908258
5,1,628279.6052363627,-0.16239999,1.6377846,-0.5262676674197677
5,1,628284.6054302529,-0.16239999,1.63767,-0.5264934383344291
5,1,628289.605624143,-0.16239999,1.6375364,-0.5267192109040374
5,1,628294.6058180332,-0.16239999,1.6373265,-0.5269449823345762
5,1,628299.6060119234,-0.16239999,1.6373073,-0.5271707510073447
5,1,628304.6062058136,-0.16239999,1.6371737,-0.5273965172853823
5,1,628309.6063997038,-0.16239999,1.6370783,-0.52762228502616
5,1,628314.606593594,-0.16239999,1.6366965,-0.5278480514495825
5,1,628319.6067874841,-0.16239999,1.6367346,-0.5280738186058308
5,1,628324.6069813743,-0.16239999,1.6365056,-0.5282995871334396
5,1,628329.6071752645,-0.16239999,1.6364101,-0.5285253554076558
5,1,628334.6073691547,-0.16239999,1.6363528,-0.5287511211262574
5,1,628339.6075630449,-0.16239999,1.6362191,-0.5289768874573796
5,1,628344.6077569351,-0.16239999,1.6359901,-0.5292026543078535
5,1,628349.6079508252,-0.16239999,1.6359137,-0.5294284195310396
5,1,628354.6081447154,-0.16239999,1.6358182,-0.5296541862562693
5,1,628359.6083386056,-0.16239999,1.6357038,-0.5298799533364057
5,1,628364.6085324958,-0.16239999,1.6355128,-0.5301057229889379
5,1,628369.608726386,-0.16239999,1.6353792,-0.5303314931966567
5,1,628374.6089202762,-0.16239999,1.635131,-0.5305572653830146
5,1,628379.6091141663,-0.16239999,1.6353029,-0.5307830381546222
5,1,628384.6093080565,-0.16239999,1.6350547,-0.5310088091942017
5,1,628389.6095019467,-0.16239999,1.6351119,-0.5312345800642995
5,1,628394.6096958369,-0.16239999,1.6347684,-0.5314603525528596
5,1,628399.6098897271,-0.16239999,1.634711,-0.5316861251485971
5,1,628404.6100836173,-0.16239999,1.6344438,-0.5319118959762523
5,1,628409.6102775075,-0.16239999,1.6343292,-0.5321376679917023
5,1,628414.6104713976,-0.16239999,1.6341956,-0.5323634400958993
5,1,628419.6106652878,-0.16239999,1.634062,-0.5325892122770219
5,1,628424.610859178,-0.16239999,1.6339856,-0.5328149851710278
5,1,628429.6110530682,-0.16239999,1.6338902,-0.5330407548957081
5,1,628434.6112469584,-0.16239999,1.6336993,-0.5332665263732981
5,1,628439.6114408486,-0.16239999,1.6337374,-0.5334922981172149
5,1,628444.6116347387,-0.16239999,1.6336038,-0.5337180695067448
5,1,628449.6118286289,-0.16239999,1.6332984,-0.5339438426244121
5,1,628454.6120225191,-0.16239999,1.633222,-0.5341696127836789
5,1,628459.6122164093,-0.16239999,1.6331838,-0.5343953848292201
5,1,628464.6124102995,-0.16239999,1.6328975,-0.5346211588403346
5,1,628469.6126041897,-0.16239999,1.6328784,-0.5348469324150916
5,1,628474.6127980798,-0.16239999,1.6326302,-0.535072704275913
5,1,628479.61299197,-0.16239999,1.632573,-0.53529847639257
5,1,628484.6131858602,-0.16239999,1.632363,-0.5355242494019894
5,1,628489.6133797504,-0.16239999,1.6323439,-0.535750019375505
5,1,628494.6135736406,-0.16239999,1.6320385,-0.5359757899154709
5,1,628499.6137675308,-0.16239999,1.6320002,-0.5362015613524453
5,1,628504.613961421,-0.16239999,1.631733,-0.5364273342426199
5,1,628509.6141553111,-0.16239999,1.6318284,-0.5366531015034123
5,1,628514.6143492013,-0.16239999,1.6314847,-0.5368788689645574
5,1,628519.6145430915,-0.16239999,1.6313703,-0.5371046383229183
5,1,628524.6147369817,-0.16239999,1.6312175,-0.5373304067721677
5,1,628529.6149308719,-0.16239999,1.6311221,-0.5375561756273843
5,1,628534.6151247621,-0.16239999,1.6308739,-0.5377819438387168
5,1,628539.6153186522,-0.16239999,1.6309503,-0.5380077125628272
5,1,628544.6155125424,-0.16239999,1.630893,-0.5382334833694485
5,1,628549.6157064326,-0.16239999,1.6306257,-0.5384592553187505
5,1,628554.6159003228,-0.16239999,1.6305302,-0.538685025296051
5,1,628559.616094213,-0.16239999,1.6304349,-0.5389107953325298
5,1,628564.6162881032,-0.16239999,1.6303775,-0.5391365657481902
5,1,628569.6164819933,-0.16239999,1.6300912,-0.5393623382615873
5,1,628574.6166758835,-0.16239999,1.6300912,-0.5395881103828222
5,1,628579.6168697737,-0.16239999,1.6298239,-0.5398138822482571
5,1,628584.6170636639,-0.16239999,1.6298048,-0.5400396558573903
5,1,628589.6172575545,-0.16239999,1.6295185,-0.5402654277033387
5,1,628594.6174514452,-0.16239999,1.6293277,-0.5404911945548401
5,1,628599.6176453358,-0.16239999,1.6292894,-0.5407169624913472
5,1,628604.6178392265,-0.16239999,1.6290412,-0.5409427336985697
5,1,628609.6180331171,-0.16239999,1.6291176,-0.5411685046423066
5,1,628614.6182270078,-0.16239999,1.6287549,-0.5413942740389593
5,1,628619.6184208984,-0.16239999,1.6287167,-0.5416200420164611
5,1,628624.6186147891,-0.16239999,1.6284304,-0.5418458078119022
5,1,628629.6188086797,-0.16239999,1.6284494,-0.5420715723419499
5,1,628634.6190025704,-0.16239999,1.6280676,-0.542297340032428
5,1,628639.619196461,-0.16239999,1.6281822,-0.5425231080816689
5,1,628644.6193903517,-0.16239999,1.6280295,-0.5427488764078902
5,1,628649.6195842419,-0.16239999,1.6277813,-0.5429746438075514
5,1,628654.6197781325,-0.16239999,1.6276858,-0.5432004130032886
5,1,628659.6199720232,-0.16239999,1.6275522,-0.5434261805384577
5,1,628664.6201659138,-0.16239999,1.6276858,-0.543651949170565
5,1,628669.6203598045,-0.16239999,1.6272467,-0.5438777175156893
5,1,628674.6205536951,-0.16239999,1.6272086,-0.5441034880800103
5,1,628679.6207475858,-0.16239999,1.6269985,-0.544329260057973
5,1,628684.6209414764,-0.16239999,1.6269985,-0.5445550331391655
5,1,628689.6211353668,-0.16239999,1.6267886,-0.544780804924342
5,1,628694.6213292573,-0.16239999,1.6266359,-0.5450065777051329
5,1,628699.6215231477,-0.16239999,1.6266168,-0.5452323449405246
5,1,628704.6217170381,-0.16239999,1.6262732,-0.5454581118380938
5,1,628709.6219109285,-0.16239999,1.626235,-0.5456838795509443
5,1,628714.6221048189,-0.16239999,1.6261395,-0.545909646961173
5,1,628719.6222987093,-0.16239999,1.6259868,-0.5461354146228993
5,1,628724.6224926,-0.16239999,1.6258723,-0.5463611822192765
5,1,628729.6226864904,-0.16239999,1.6257958,-0.5465869482356597
5,1,628734.6228803808,-0.16239999,1.6256241,-0.5468127153914552
5,1,628739.6230742714,-0.16239999,1.6253759,-0.5470384821392742
5,1,628744.6232681619,-0.16239999,1.6254141,-0.5472642483101096
5,1,628749.6234620524,-0.16239999,1.6250705,-0.5474900164481746
5,1,628754.623655943,-0.16239999,1.625185,-0.5477157839731058
5,1,628759.6238498335,-0.16239999,1.6249368,-0.547941551374162
5,1,628764.6240437239,-0.16239999,1.6247841,-0.5481673185575403
5,1,628769.6242376145,-0.16239999,1.6246505,-0.5483930888012745
5,1,628774.624431505,-0.16239999,1.6244023,-0.5486188596006092
5,1,628779.6246253955,-0.16239999,1.6242687,-0.5488446308072257
5,1,628784.624819286,-0.16239999,1.6241924,-0.5490704024305814
5,1,628789.6250131766,-0.16239999,1.6239632,-0.5492961713156922
5,1,628794.6252070671,-0.16239999,1.6239251,-0.5495219413058955
5,1,628799.6254009577,-0.16239999,1.6237341,-0.5497477102256407
5,1,628804.6255948481,-0.16239999,1.6235051,-0.5499734800207721
5,1,628809.6257887387,-0.16239999,1.6235433,-0.5501992500412413
5,1,628814.6259826287,-0.16239999,1.623276,-0.5504250198820472
5,1,628819.6261765192,-0.16239999,1.6233141,-0.5506507891643543
5,1,628824.6263704097,-0.16239999,1.6231233,-0.5508765609009472
5,1,628829.6265643003,-0.16239999,1.623085,-0.5511023288122745
5,1,628834.6267581908,-0.16239999,1.6227415,-0.5513280970155313
5,1,628839.6269520813,-0.16239999,1.6226841,-0.5515538662023277
5,1,628844.6271459719,-0.16239999,1.6226078,-0.5517796349452326
5,1,628849.6273398623,-0.16239999,1.6224551,-0.5520054052707078
5,1,628854.6275337527,-0.16239999,1.6222451,-0.55223117594994
5,1,628859.6277276431,-0.16239999,1.6222069,-0.5524569436057555
5,1,628864.6279215335,-0.16239999,1.6220351,-0.5526827111919221
5,1,628869.628115424,-0.16239999,1.6218251,-0.5529084794499813
5,1,628874.6283093144,-0.16239999,1.6215769,-0.5531342523436428
5,1,628879.6285032048,-0.16239999,1.621596,-0.5533600266129215
5,1,628884.6286970952,-0.16239999,1.6215769,-0.5535857991824595
5,1,628889.6288909859,-0.16239999,1.6212333,-0.5538115723504654
5,1,628894.6290848763,-0.16239999,1.6210233,-0.5540373430245128
5,1,628899.6292787669,-0.16239999,1.6210233,-0.5542631118742822
5,1,628904.6294726576,-0.16239999,1.620947,-0.5544888789621566
5,1,628909.6296665482,-0.16239999,1.620756,-0.5547146475527476
5,1,628914.6298604389,-0.16239999,1.6205078,-0.554940417244964
5,1,628919.6300543295,-0.16239999,1.6203742,-0.5551661870995038
5,1,628924.6302482202,-0.16239999,1.620336,-0.555391954130531
5,1,628929.6304421108,-0.16239999,1.6200116,-0.5556177226084014
5,1,628934.6306360015,-0.16239999,1.6199352,-0.5558434915938566
5,1,628939.6308298921,-0.16239999,1.6200116,-0.5560692593395419
5,1,628944.6310237828,-0.16239999,1.6196107,-0.5562950258659959
5,1,628949.6312176734,-0.16239999,1.619706,-0.5565207922473068
5,1,628954.6314115641,-0.16239999,1.6194388,-0.5567465584332676
5,1,628959.6316054547,-0.16239999,1.619267,-0.5569723269595163
5,1,628964.6317993454,-0.16239999,1.6189997,-0.5571980954110232
5,1,628969.631993236,-0.16239999,1.6188661,-0.5574238669435305
5,1,628974.6321871262,-0.16239999,1.6187707,-0.5576496385092824
5,1,628979.6323810169,-0.16239999,1.6185988,-0.5578754134690759
5,1,628984.6325749075,-0.16239999,1.6184652,-0.558101190143214
5,1,628989.6327687982,-0.16239999,1.6183889,-0.5583269661824418
5,1,628994.6329626888,-0.16239999,1.6181788,-0.5585527426498761
5,1,628999.633156579,-0.16239999,1.6179116,-0.5587785196427459
5,1,629004.6333504692,-0.16239999,1.6178162,-0.5590042952832576
5,1,629009.6335443594,-0.16239999,1.6178544,-0.5592300708444744
5,1,629014.6337382495,-0.16239999,1.6177398,-0.5594558435505856
5,1,629019.6339321397,-0.16239999,1.6174535,-0.5596816137610298
5,1,629024.6341260299,-0.16239999,1.6173389,-0.5599073833835377
5,1,629029.6343199201,-0.16239999,1.6172243,-0.5601331554170147
5,1,629034.6345138103,-0.16239999,1.6171098,-0.560358926143082
5,1,629039.6347077005,-0.16239999,1.6168044,-0.5605846962630157
5,1,629044.6349015906,-0.16239999,1.6167089,-0.5608104646544891
5,1,629049.6350954808,-0.16239999,1.6165562,-0.5610362355709246
5,1,629054.635289371,-0.16239999,1.6164225,-0.5612620069601234
5,1,629059.6354832612,-0.16239999,1.6164225,-0.5614877784105197
5,1,629064.6356771514,-0.16239999,1.616098,-0.5617135495779155
5,1,629069.6358710416,-0.16239999,1.6160216,-0.5619393179478419
5,1,629074.6360649318,-0.16239999,1.615888,-0.5621650876775538
5,1,629079.6362588219,-0.16239999,1.6156781,-0.5623908600811425
5,1,629084.6364527121,-0.16239999,1.6156398,-0.5626166334192567
5,1,629089.6366466023,-0.16239999,1.6151245,-0.5628424043810157
5,1,629094.6368404925,-0.16239999,1.6152008,-0.5630681754223071
5,1,629099.6370343827,-0.16239999,1.6151053,-0.5632939471394234
5,1,629104.6372282729,-0.16239999,1.6150099,-0.5635197151352933
5,1,629109.637422163,-0.16239999,1.6148189,-0.5637454827584811
5,1,629114.6376160532,-0.16239999,1.6147236,-0.5639712513117895
5,1,629119.6378099434,-0.16239999,1.614609,-0.5641970185118224
5,1,629124.6380038336,-0.16239999,1.6144372,-0.5644227872904122
5,1,629129.6381977238,-0.16239999,1.6142653,-0.5646485528646448
5,1,629134.638391614,-0.16239999,1.6143417,-0.5648743214503813
5,1,629139.6385855041,-0.16239999,1.6140554,-0.5651000897913531
5,1,629144.6387793943,-0.16239999,1.6140171,-0.5653258578220106
5,1,629149.6389732845,-0.16239999,1.6137117,-0.5655516238518951
5,1,629154.6391671747,-0.16239999,1.6136545,-0.5657773896020102
5,1,629159.6393610649,-0.16239999,1.6135209,-0.566003156211621
5,1,629164.6395549551,-0.16239999,1.6133491,-0.5662289234184653
5,1,629169.6397488452,-0.16239999,1.613139,-0.5664546910325062
5,1,629174.6399427354,-0.16239999,1.6130054,-0.5666804563406165
5,1,629179.6401366256,-0.16239999,1.6130435,-0.566906221191584
5,1,629184.6403305158,-0.16239999,1.6127954,-0.56713198829114
5,1,629189.640524406,-0.16239999,1.6126236,-0.5673577557931225
5,1,629194.6407182962,-0.16239999,1.6123945,-0.5675835261897989
5,1,629199.6409121864,-0.16239999,1.6123563,-0.5678092990339835
5,1,629204.6411060765,-0.16239999,1.6121464,-0.5680350700169667
5,1,629209.6412999667,-0.16239999,1.6122036,-0.5682608387735302
5,1,629214.6414938569,-0.16239999,1.6119936,-0.5684866056862339
5,1,629219.6416877471,-0.16239999,1.6118218,-0.5687123752113339
5,1,629224.6418816373,-0.16239999,1.6116309,-0.5689381439043522
5,1,629229.6420755275,-0.16239999,1.61144,-0.5691639126825621
5,1,629234.6422694176,-0.16239999,1.611211,-0.5693896804608436
5,1,629239.6424633078,-0.16239999,1.611039,-0.5696154495832819
5,1,629244.642657198,-0.16239999,1.6109818,-0.569841219649111
5,1,629249.6428510882,-0.16239999,1.6108291,-0.5700669886184201
5,1,629254.6430449784,-0.16239999,1.6105809,-0.5702927588038575
5,1,629259.6432388686,-0.16239999,1.6102755,-0.5705185272536566
5,1,629264.6434327587,-0.16239999,1.6102374,-0.5707442937351092
5,1,629269.6436266489,-0.16239999,1.6102564,-0.5709700599497928
5,1,629274.6438205391,-0.16239999,1.6099701,-0.5711958291796668
5,1,629279.6440144293,-0.16239999,1.6100273,-0.5714215974745617
5,1,629284.6442083195,-0.16239999,1.6097791,-0.5716473679041083
5,1,629289.6444022097,-0.16239999,1.6095883,-0.5718731370876952
5,1,629294.6445960999,-0.16239999,1.6094164,-0.57209890630186
5,1,629299.64478999,-0.16239999,1.6093019,-0.5723246737263259
5,1,629304.6449838802,-0.16239999,1.6091491,-0.5725504430038141
5,1,629309.6451777704,-0.16239999,1.6089773,-0.5727762095640664
5,1,629314.6453716606,-0.16239999,1.6088437,-0.57300197641774
5,1,629319.6455655508,-0.16239999,1.6087674,-0.5732277427053855
5,1,629324.645759441,-0.16239999,1.6086528,-0.573453505923424
5,1,629329.6459533311,-0.16239999,1.6084428,-0.5736792729291913
5,1,629334.6461472213,-0.16239999,1.6084428,-0.5739050412355634
5,1,629339.6463411115,-0.16239999,1.6082138,-0.5741308096950557
5,1,629344.6465350017,-0.16239999,1.6080037,-0.5743565757494195
5,1,629349.6467288919,-0.16239999,1.6079465,-0.5745823401995052
5,1,629354.6469227821,-0.16239999,1.6077174,-0.5748081070444102
5,1,629359.6471166722,-0.16239999,1.6076792,-0.5750338720722892
5,1,629364.6473105624,-0.16239999,1.6075264,-0.5752596349739388
5,1,629369.6475044526,-0.16239999,1.6071829,-0.5754853986912657
5,1,629374.6476983428,-0.16239999,1.6070302,-0.5757111595927242
5,1,629379.647892233,-0.16239999,1.6069347,-0.5759369207684362
5,1,629384.6480861232,-0.16239999,1.6067629,-0.5761626866709513
5,1,629389.6482800134,-0.16239999,1.6065338,-0.5763884552259492
5,1,629394.6484739035,-0.16239999,1.6064575,-0.5766142225282793
5,1,629399.6486677937,-0.16239999,1.6063046,-0.5768399888989897
5,1,629404.6488616839,-0.16239999,1.6060374,-0.5770657539569335
5,1,629409.6490555741,-0.16239999,1.6059039,-0.5772915207249792
5,1,629414.6492494643,-0.16239999,1.605732,-0.57751728480882
5,1,629419.6494433545,-0.16239999,1.605732,-0.5777430506299516
5,1,629424.6496372446,-0.16239999,1.6053884,-0.5779688128197041
5,1,629429.6498311348,-0.16239999,1.6052738,-0.5781945761307782
5,1,629434.650025025,-0.16239999,1.6051402,-0.5784203437065463
5,1,629439.6502189152,-0.16239999,1.6050638,-0.5786461112484176
5,1,629444.6504128054,-0.16239999,1.6047965,-0.5788718795298534
5,1,629449.6506066956,-0.16239999,1.6046247,-0.5790976500181603
5,1,629454.6508005857,-0.16239999,1.6045866,-0.5793234174195997
5,1,629459.6509944759,-0.16239999,1.6043766,-0.5795491845824832
5,1,629464.6511883661,-0.16239999,1.6041666,-0.5797749527358418
5,1,629469.6513822563,-0.16239999,1.6042238,-0.580000721438295
5,1,629474.6515761465,-0.16239999,1.6039184,-0.5802264893120921
5,1,629479.6517700367,-0.16239999,1.6038039,-0.5804522552575424
5,1,629484.6519639269,-0.16239999,1.6034794,-0.5806780222488125
5,1,629489.652157817,-0.16239999,1.6032884,-0.5809037926871641
5,1,629494.6523517072,-0.16239999,1.6032503,-0.5811295648038467
5,1,629499.6525455974,-0.16239999,1.6033266,-0.5813553368432917
5,1,629504.6527394876,-0.16239999,1.6031166,-0.5815811112205259
5,1,629509.6529333778,-0.16239999,1.6030021,-0.5818068835847987
5,1,629514.653127268,-0.16239999,1.6028684,-0.5820326553546014
5,1,629519.6533211581,-0.16239999,1.6028875,-0.5822584257991088
5,1,629524.6535150483,-0.16239999,1.6025821,-0.5824841968450627
5,1,629529.6537089385,-0.16239999,1.6023912,-0.5827099651243287
5,1,629534.6539028287,-0.16239999,1.602124,-0.5829357344722025
5,1,629539.6540967189,-0.16239999,1.602124,-0.5831615025151303
5,1,629544.6542906091,-0.16239999,1.6018567,-0.5833872728278758
5,1,629549.6544844992,-0.16239999,1.6018567,-0.5836130426315075
5,1,629554.6546783894,-0.16239999,1.6017421,-0.5838388135871339
5,1,629559.6548722796,-0.16239999,1.6016085,-0.5840645866379669
5,1,629564.6550661698,-0.16239999,1.6013985,-0.5842903580983394
5,1,629569.65526006,-0.16239999,1.6009785,-0.5845161297779246
5,1,629574.6554539502,-0.16239999,1.6011121,-0.5847419010421796
5,1,629579.6556478404,-0.16239999,1.6008449,-0.5849676736760973
5,1,629584.6558417305,-0.16239999,1.6006349,-0.5851934463058417
5,1,629589.6560356207,-0.16239999,1.6004058,-0.5854192203791759
5,1,629594.6562295109,-0.16239999,1.6004249,-0.5856449974349999
5,1,629599.6564234011,-0.16239999,1.6002913,-0.5858707737264514
5,1,629604.6566172913,-0.16239999,1.5999858,-0.5860965501046069
5,1,629609.6568111815,-0.16239999,1.5997567,-0.5863223248446687
5,1,629614.6570050716,-0.16239999,1.5996612,-0.5865481014232069
5,1,629619.6571989618,-0.16239999,1.5995849,-0.5867738732766398
5,1,629624.657392852,-0.16239999,1.5993749,-0.5869996442093472
5,1,629629.6575867422,-0.16239999,1.5992222,-0.5872254144286112
5,1,629634.6577806324,-0.16239999,1.5992222,-0.5874511854596747
5,1,629639.6579745226,-0.16239999,1.5987641,-0.5876769587853274
5,1,629644.6581684127,-0.16239999,1.5984777,-0.5879027314451507
5,1,629649.6583623029,-0.16239999,1.5984586,-0.5881285037843118
5,1,629654.6585561931,-0.16239999,1.5983822,-0.5883542795775827
5,1,629659.6587500833,-0.16239999,1.5983632,-0.5885800534337556
5,1,629664.6589439735,-0.16239999,1.5980768,-0.5888058258646416
5,1,629669.6591378637,-0.16239999,1.598134,-0.5890315969947266
5,1,629674.6593317538,-0.16239999,1.5979049,-0.589257364993734
5,1,629679.659525644,-0.16239999,1.5977331,-0.5894831359491145
5,1,629684.6597195342,-0.16239999,1.5974087,-0.5897089064985899
5,1,629689.6599134244,-0.16239999,1.5973322,-0.5899346738738952
5,1,629694.6601073146,-0.16239999,1.5971223,-0.5901604402071647
5,1,629699.6603012048,-0.16239999,1.5969696,-0.5903862103873098
5,1,629704.660495095,-0.16239999,1.5968932,-0.5906119788332411
5,1,629709.6606889851,-0.16239999,1.5967023,-0.5908377474310195
5,1,629714.6608828753,-0.16239999,1.5964732,-0.5910635179469217
5,1,629719.6610767655,-0.16239999,1.5962822,-0.5912892873886422
5,1,629724.6612706557,-0.16239999,1.5962822,-0.5915150581047935
5,1,629729.6614645459,-0.16239999,1.5961295,-0.5917408268281241
5,1,629734.6616584361,-0.16239999,1.5959768,-0.5919665956778488
5,1,629739.6618523262,-0.16239999,1.5957096,-0.592192364001666
5,1,629744.6620462164,-0.16239999,1.5956905,-0.5924181310941845
5,1,629749.6622401066,-0.16239999,1.595595,-0.5926438980076209
5,1,629754.6624339968,-0.16239999,1.5952705,-0.5928696678055991
5,1,629759.662627887,-0.16239999,1.5951178,-0.593095437302492
5,1,629764.6628217772,-0.16239999,1.5950605,-0.5933212074726434
5,1,629769.6630156673,-0.16239999,1.5949078,-0.593546978399296
5,1,629774.6632095575,-0.16239999,1.5948124,-0.5937727471923425
5,1,629779.6634034477,-0.16239999,1.5945833,-0.593998513829825
5,1,629784.6635973379,-0.16239999,1.5943732,-0.5942242827849407
5,1,629789.6637912281,-0.16239999,1.5942779,-0.5944500531554182
5,1,629794.6639851183,-0.16239999,1.5940106,-0.5946758221232661
5,1,629799.6641790085,-0.16239999,1.593896,-0.5949015914633201
5,1,629804.6643728986,-0.16239999,1.593705,-0.5951273618982014
5,1,629809.6645667888,-0.16239999,1.5934378,-0.5953531320980275
5,1,629814.664760679,-0.16239999,1.5933806,-0.5955788996732286
5,1,629819.6649545692,-0.16239999,1.5931897,-0.5958046688250975
5,1,629824.6651484594,-0.16239999,1.592846,-0.5960304356904073
5,1,629829.6653423496,-0.16239999,1.5926552,-0.5962562031520366
5,1,629834.6655362397,-0.16239999,1.5925978,-0.5964819717274028
5,1,629839.6657301299,-0.16239999,1.5925215,-0.5967077405753253
5,1,629844.6659240201,-0.16239999,1.5923306,-0.5969335113562894
5,1,629849.6661179103,-0.16239999,1.592216,-0.5971592841321323
5,1,629854.6663118005,-0.16239999,1.591987,-0.5973850550122428
5,1,629859.6665056907,-0.16239999,1.5918151,-0.5976108245728308
5,1,629864.6666995808,-0.16239999,1.5916815,-0.5978365938425182
5,1,629869.666893471,-0.16239999,1.5914716,-0.5980623649011886
5,1,629874.6670873612,-0.16239999,1.5913188,-0.5982881361636165
5,1,629879.6672812514,-0.16239999,1.5912806,-0.5985139070899596
5,1,629884.6674751416,-0.16239999,1.5909752,-0.5987396794825321
5,1,629889.6676690318,-0.16239999,1.5909942,-0.5989654531278793
5,1,629894.667862922,-0.16239999,1.5906125,-0.5991912274974064
5,1,629899.6680568121,-0.16239999,1.5904789,-0.5994170030691955
5,1,629904.6682507023,-0.16239999,1.5902879,-0.5996427780239607
5,1,629909.6684445925,-0.16239999,1.5901352,-0.5998685524048715
5,1,629914.6686384827,-0.16239999,1.5901543,-0.6000943273722812
5,1,629919.6688323729,-0.16239999,1.5899061,-0.60032010322292
5,1,629924.669026263,-0.16239999,1.5896771,-0.6005458765178995
5,1,629929.6692201532,-0.16239999,1.5893716,-0.60077164842572
5,1,629934.6694140434,-0.16239999,1.5894861,-0.6009974190173829
5,1,629939.6696079336,-0.16239999,1.5889707,-0.6012231903279036
5,1,629944.6698018238,-0.16239999,1.5889134,-0.6014489657221479
5,1,629949.669995714,-0.16239999,1.5889325,-0.6016747418750293
5,1,629954.6701896042,-0.16239999,1.588608,-0.6019005140834169
5,1,629959.6703834943,-0.16239999,1.588417,-0.6021262839705928
5,1,629964.6705773845,-0.16239999,1.5882834,-0.6023520549157345
5,1,629969.6707712747,-0.16239999,1.5882071,-0.6025778285482171
5,1,629974.6709651649,-0.16239999,1.5879399,-0.6028036004932887
5,1,629979.6711590551,-0.16239999,1.5878253,-0.6030293707518976
5,1,629984.6713529453,-0.16239999,1.5877298,-0.6032551410862929
5,1,629989.6715468355,-0.16239999,1.5875771,-0.6034809117727794
5,1,629994.6717407256,-0.16239999,1.5872526,-0.6037066787958602
5,1,629999.6719346158,-0.16239999,1.5870807,-0.6039324489016873
5,1,630004.672128506,-0.16239999,1.5867944,-0.6041582208979569
5,1,630009.6723223962,-0.16239999,1.586699,-0.6043839934296525
5,1,630014.6725162864,-0.16239999,1.5866035,-0.6046097679548247
5,1,630019.6727101766,-0.16239999,1.5862598,-0.60483554235652
5,1,630024.6729040667,-0.16239999,1.5861835,-0.6050613129403649
5,1,630029.6730979569,-0.16239999,1.5858781,-0.6052870834558797
5,1,630034.6732918471,-0.16239999,1.5857445,-0.6055128562594031
5,1,630039.6734857373,-0.16239999,1.5856681,-0.6057386289517854
5,1,630044.6736796275,-0.16239999,1.5854772,-0.6059644037034826
5,1,630049.6738735177,-0.16239999,1.5853817,-0.6061901764440188
5,1,630054.6740674078,-0.16239999,1.5851336,-0.606415948924419
5,1,630059.674261298,-0.16239999,1.5849999,-0.6066417211996342
5,1,630064.6744551882,-0.16239999,1.5849808,-0.6068674932260406
5,1,630069.6746490784,-0.16239999,1.5845609,-0.6070932640833682
5,1,630074.6748429686,-0.16239999,1.5844082,-0.6073190344466635
5,1,630079.6750368588,-0.16239999,1.584179,-0.6075448041462991
5,1,630084.675230749,-0.16239999,1.5839309,-0.6077705758041012
5,1,630089.6754246391,-0.16239999,1.5838163,-0.6079963482158632
5,1,630094.6756185293,-0.16239999,1.5834727,-0.6082221212539028
5,1,630099.6758124195,-0.16239999,1.5835682,-0.6084478977266121
5,1,630104.6760063097,-0.16239999,1.5833391,-0.6086736724616796
5,1,630109.6762001999,-0.16239999,1.58332,-0.6088994465289945
5,1,630114.67639409,-0.16239999,1.5829191,-0.6091252220321978
5,1,630119.6765879802,-0.16239999,1.5827855,-0.6093509989090944
5,1,630124.6767818704,-0.16239999,1.5826709,-0.6095767760065952
5,1,630129.6769757606,-0.16239999,1.5824418,-0.6098025513764612
5,1,630134.6771696508,-0.16239999,1.5824418,-0.6100283255935883
5,1,630139.677363541,-0.16239999,1.5823272,-0.6102540964244696
5,1,630144.6775574312,-0.16239999,1.5820792,-0.6104798675344901
5,1,630149.6777513213,-0.16239999,1.5819073,-0.610705635593272
5,1,630154.6779452115,-0.16239999,1.5816591,-0.6109314059668548
5,1,630159.6781391017,-0.16239999,1.5814492,-0.6111571780194773
5,1,630164.6783329919,-0.16239999,1.5814873,-0.6113829502660095
5,1,630169.6785268821,-0.16239999,1.5811819,-0.6116087217191997
5,1,630174.6787207723,-0.16239999,1.5812391,-0.6118344927453316
5,1,630179.6789146625,-0.16239999,1.5809909,-0.6120602641136788
5,1,630184.6791085526,-0.16239999,1.5807428,-0.6122860343046702
5,1,630189.6793024428,-0.16239999,1.5803992,-0.6125118039883276
5,1,630194.679496333,-0.16239999,1.5802464,-0.612737574783427
5,1,630199.6796902237,-0.16239999,1.5801319,-0.6129633410717076
5,1,630204.6798841138,-0.16239999,1.5798074,-0.6131891095880295
5,1,630209.6800780045,-0.16239999,1.5796738,-0.6134148798799672
5,1,630214.6802718951,-0.16239999,1.5795783,-0.6136406498385792
5,1,630219.6804657858,-0.16239999,1.5794256,-0.6138664198406438
5,1,630224.6806596764,-0.16239999,1.5792346,-0.6140921900600386
5,1,630229.6808535671,-0.16239999,1.5789483,-0.6143179610529435
5,1,630234.6810474577,-0.16239999,1.5788529,-0.614543730762149
5,1,630239.6812413484,-0.16239999,1.5786428,-0.6147695005734191
5,1,630244.681435239,-0.16239999,1.5785474,-0.614995269597143
5,1,630249.6816291297,-0.16239999,1.578261,-0.615221035035915
5,1,630254.6818230203,-0.16239999,1.5780892,-0.6154467995910372
5,1,630259.682016911,-0.16239999,1.5779938,-0.6156725640333172
5,1,630264.6822108016,-0.16239999,1.5776693,-0.6158983320794488
5,1,630269.6824046923,-0.16239999,1.577402,-0.6161241012161839
5,1,630274.6825985829,-0.16239999,1.5774975,-0.6163498708392772
5,1,630279.6827924736,-0.16239999,1.5772302,-0.6165756394001777
5,1,630284.6829863642,-0.16239999,1.5770392,-0.6168014109793919
5,1,630289.6831802549,-0.16239999,1.5768102,-0.6170271806629724
5,1,630294.6833741455,-0.16239999,1.5766574,-0.6172529512889834
5,1,630299.6835680362,-0.16239999,1.5763901,-0.6174787216456468
5,1,630304.6837619266,-0.16239999,1.5763329,-0.6177044932977227
5,1,630309.683955817,-0.16239999,1.5759702,-0.6179302658998479
5,1,630314.6841497074,-0.16239999,1.575932,-0.6181560422341718
5,1,630319.6843435979,-0.16239999,1.5756838,-0.6183818173058415
5,1,630324.6845374883,-0.16239999,1.5754356,-0.6186075897583582
5,1,630329.6847313787,-0.16239999,1.5754548,-0.618833361211536
5,1,630334.6849252691,-0.16239999,1.575073,-0.6190591315633126
5,1,630339.6851191595,-0.16239999,1.5747867,-0.619284901827564
5,1,630344.6853130499,-0.16239999,1.5746912,-0.6195106727146152
5,1,630349.6855069404,-0.16239999,1.574462,-0.61973644276377
5,1,630354.6857008309,-0.16239999,1.5740994,-0.6199622139392763
5,1,630359.6858947214,-0.16239999,1.5739466,-0.6201879836190876
5,1,630364.686088612,-0.16239999,1.5738322,-0.6204137539028686
5,1,630369.686282502,-0.16239999,1.5734121,-0.6206395231325463
5,1,630374.6864763926,-0.16239999,1.5733167,-0.6208652944223941
5,1,630379.6866702831,-0.16239999,1.5731257,-0.6210910646269324
5,1,630384.6868641736,-0.16239999,1.5728585,-0.6213168354350679
5,1,630389.6870580642,-0.16239999,1.5726867,-0.6215426071661738
5,1,630394.6872519547,-0.16239999,1.5725149,-0.6217683765820292
5,1,630399.6874458452,-0.16239999,1.5722476,-0.6219941453648808
5,1,630404.6876397358,-0.16239999,1.5720758,-0.6222199135295577
5,1,630409.6878336263,-0.16239999,1.5718467,-0.6224456830663965
5,1,630414.6880275167,-0.16239999,1.5718467,-0.6226714558231369
5,1,630419.6882214074,-0.16239999,1.571484,-0.6228972290582708
5,1,630424.6884152978,-0.16239999,1.5712167,-0.6231230027211103
5,1,630429.6886091883,-0.16239999,1.5711595,-0.6233487767559176
5,1,630434.6888030788,-0.16239999,1.5709685,-0.6235745502132486
5,1,630439.6889969694,-0.16239999,1.5707395,-0.6238003221349346
5,1,630444.6891908601,-0.16239999,1.5704532,-0.6240260892954852
5,1,630449.6893847507,-0.16239999,1.5702622,-0.6242518572400017
5,1,630454.6895786412,-0.16239999,1.5701095,-0.6244776262105863
5,1,630459.6897725316,-0.16239999,1.5698231,-0.6247033955768441
5,1,630464.689966422,-0.16239999,1.569575,-0.6249291636180806
5,1,630469.6901603125,-0.16239999,1.5693077,-0.6251549330435646
5,1,630474.6903542029,-0.16239999,1.5692314,-0.6253807030484555
5,1,630479.6905480933,-0.16239999,1.5689068,-0.6256064673878131
5,1,630484.6907419835,-0.16239999,1.5686969,-0.6258322346890811
5,1,630489.6909358739,-0.16239999,1.5683532,-0.6260580054760239
5,1,630494.6911297643,-0.16239999,1.5682769,-0.626283775889339
5,1,630499.6913236547,-0.16239999,1.568105,-0.6265095457485222
5,1,630504.6915175454,-0.16239999,1.568296,-0.6267353143587017
5,1,630509.691711436,-0.16239999,1.5678568,-0.6269610837302493
5,1,630514.6919053267,-0.16239999,1.567685,-0.6271868509079974
5,1,630519.6920992173,-0.16239999,1.5679523,-0.627412622577069
5,1,630524.692293108,-0.16239999,1.5675895,-0.6276383939467489
5,1,630529.6924869982,-0.16239999,1.5675323,-0.6278641632839916
5,1,630534.6926808888,-0.16239999,1.5674751,-0.6280899311478488
5,1,630539.6928747795,-0.16239999,1.5672078,-0.6283157011682625
5,1,630544.6930686701,-0.16239999,1.566845,-0.6285414707097041
5,1,630549.6932625608,-0.16239999,1.5669596,-0.6287672386953519
5,1,630554.6934564514,-0.16239999,1.5666542,-0.6289930051538566
5,1,630559.6936503421,-0.16239999,1.5664442,-0.6292187716589704
5,1,630564.6938442327,-0.16239999,1.5662915,-0.6294445394800191
5,1,630569.6940381234,-0.16239999,1.5659096,-0.6296703063267305
5,1,630574.694232014,-0.16239999,1.5658524,-0.6298960716592571
5,1,630579.6944259047,-0.16239999,1.5656997,-0.6301218366647794
5,1,630584.6946197953,-0.16239999,1.5657188,-0.6303476009607407
5,1,630589.694813686,-0.16239999,1.565356,-0.6305733700828718
5,1,630594.6950075766,-0.16239999,1.565146,-0.6307991388678394
5,1,630599.6952014673,-0.16239999,1.5651842,-0.6310249071502628
5,1,630604.6953953579,-0.16239999,1.5649742,-0.6312506750792108
5,1,630609.6955892481,-0.16239999,1.5646688,-0.6314764422698361
5,1,630614.6957831383,-0.16239999,1.5645351,-0.6317022081158311
5,1,630619.6959770285,-0.16239999,1.5643824,-0.6319279725905815
5,1,630624.6961709186,-0.16239999,1.5641533,-0.6321537416595967
5,1,630629.6963648088,-0.16239999,1.5639434,-0.6323795106341377
5,1,630634.696558699,-0.16239999,1.5636379,-0.6326052816952046
5,1,630639.6967525892,-0.16239999,1.5635425,-0.6328310510206728
5,1,630644.6969464794,-0.16239999,1.5632943,-0.6330568239058555
5,1,630649.6971403696,-0.16239999,1.563237,-0.6332825932869275
5,1,630654.6973342597,-0.16239999,1.5628934,-0.6335083628177238
5,1,630659.6975281499,-0.16239999,1.5627598,-0.6337341305074428
5,1,630664.6977220401,-0.16239999,1.5625497,-0.6339598988582104
5,1,630669.6979159303,-0.16239999,1.5625116,-0.6341856658727834
5,1,630674.6981098205,-0.16239999,1.5620725,-0.6344114305291938
5,1,630679.6983037107,-0.16239999,1.5621297,-0.6346371980212605
5,1,630684.6984976009,-0.16239999,1.5619006,-0.6348629655716461
5,1,630689.698691491,-0.16239999,1.5614806,-0.6350887315393364
5,1,630694.6988853812,-0.16239999,1.5614806,-0.6353144952547733
5,1,630699.6990792714,-0.16239999,1.5612326,-0.6355402616473222
5,1,630704.6992731616,-0.16239999,1.5609653,-0.6357660285218467
5,1,630709.6994670518,-0.16239999,1.5606598,-0.6359917954441815
5,1,630714.699660942,-0.16239999,1.5605261,-0.6362175601761507
5,1,630719.6998548321,-0.16239999,1.5601826,-0.6364433231156129
5,1,630724.7000487223,-0.16239999,1.5600107,-0.6366690898998487
5,1,630729.7002426125,-0.16239999,1.5599344,-0.6368948596365253
5,1,630734.7004365027,-0.16239999,1.5594953,-0.6371206302001443
5,1,630739.7006303929,-0.16239999,1.5592662,-0.6373464017244411
5,1,630744.7008242831,-0.16239999,1.5589799,-0.6375721697566815
5,1,630749.7010181732,-0.16239999,1.5587698,-0.6377979370514137
5,1,630754.7012120634,-0.16239999,1.5585599,-0.6380237017823954
5,1,630759.7014059536,-0.16239999,1.5581971,-0.6382494691887199
5,1,630764.7015998438,-0.16239999,1.5581399,-0.6384752391401786
5,1,630769.701793734,-0.16239999,1.557949,-0.6387010068575748
5,1,630774.7019876242,-0.16239999,1.5578153,-0.6389267751471408
5,1,630779.7021815144,-0.16239999,1.5576626,-0.6391525426026325
5,1,630784.7023754045,-0.16239999,1.557319,-0.6393783100364986
5,1,630789.7025692947,-0.16239999,1.5571281,-0.6396040789113483
5,1,630794.7027631849,-0.16239999,1.5570518,-0.6398298431490974
5,1,630799.7029570751,-0.16239999,1.5567272,-0.640055610858625
5,1,630804.7031509653,-0.16239999,1.5566126,-0.6402813796860103
5,1,630809.7033448555,-0.16239999,1.55625,-0.6405071484881879
5,1,630814.7035387456,-0.16239999,1.5560973,-0.6407329161269482
5,1,630819.7037326358,-0.16239999,1.5558491,-0.6409586831100723
5,1,630824.703926526,-0.16239999,1.5557536,-0.6411844507059603
5,1,630829.7041204162,-0.16239999,1.5555435,-0.641410219328155
5,1,630834.7043143064,-0.16239999,1.5552764,-0.6416359897095891
5,1,630839.7045081966,-0.16239999,1.5551045,-0.6418617634932009
5,1,630844.7047020867,-0.16239999,1.5549136,-0.6420875374748971
5,1,630849.7048959769,-0.16239999,1.5546464,-0.6423133109485034
5,1,630854.7050898671,-0.16239999,1.5545127,-0.6425390827492177
5,1,630859.7052837573,-0.16239999,1.5542264,-0.6427648537371017
5,1,630864.7054776475,-0.16239999,1.5539591,-0.6429906233351959
5,1,630869.7056715377,-0.16239999,1.5537682,-0.6432163914609815
5,1,630874.7058654279,-0.16239999,1.5536728,-0.64344215912414
5,1,630879.706059318,-0.16239999,1.5535392,-0.64366792479273
5,1,630884.7062532082,-0.16239999,1.5532528,-0.6438936926421481
5,1,630889.7064470984,-0.16239999,1.5531,-0.6441194599695396
5,1,630894.7066409886,-0.16239999,1.5529855,-0.6443452263356314
5,1,630899.7068348788,-0.16239999,1.5527183,-0.644570993267806
5,1,630904.707028769,-0.16239999,1.5524127,-0.6447967605790851
5,1,630909.7072226591,-0.16239999,1.5523746,-0.6450225276301933
5,1,630914.7074165493,-0.16239999,1.5520692,-0.6452482939700857
5,1,630919.7076104395,-0.16239999,1.5518974,-0.6454740595374877
5,1,630924.7078043297,-0.16239999,1.5517638,-0.6456998251469193
5,1,630929.7079982199,-0.16239999,1.5514773,-0.6459255918883846
5,1,630934.7081921101,-0.16239999,1.5514582,-0.6461513591281556
5,1,630939.7083860002,-0.16239999,1.5511338,-0.646377128492607
5,1,630944.7085798904,-0.16239999,1.5508283,-0.6466028978249074
5,1,630949.7087737806,-0.16239999,1.5508665,-0.6468286681101744
5,1,630954.7089676708,-0.16239999,1.5504656,-0.647054436353762
5,1,630959.709161561,-0.16239999,1.5502555,-0.6472802002961957
5,1,630964.7093554512,-0.16239999,1.5501602,-0.6475059647412365
5,1,630969.7095493414,-0.16239999,1.5497402,-0.64773172918284
5,1,630974.7097432315,-0.16239999,1.5495301,-0.6479574927036637
5,1,630979.7099371217,-0.16239999,1.5493202,-0.6481832572811559
5,1,630984.7101310119,-0.16239999,1.5491483,-0.648409019420304
5,1,630989.7103249021,-0.16239999,1.5489956,-0.6486347830831216
5,1,630994.7105187923,-0.16239999,1.5487665,-0.6488605472202953
5,1,630999.7107126825,-0.16239999,1.548652,-0.649086310487872
5,1,631004.7109065726,-0.16239999,1.5482893,-0.6493120754991155
5,1,631009.7111004628,-0.16239999,1.5482893,-0.6495378403529051
5,1,631014.711294353,-0.16239999,1.5479265,-0.6497636047983912
5,1,631019.7114882432,-0.16239999,1.5476593,-0.6499893697324823
5,1,631024.7116821334,-0.16239999,1.5474684,-0.65021513400751
5,1,631029.7118760236,-0.16239999,1.5474303,-0.6504408977758104
5,1,631034.7120699137,-0.16239999,1.5472012,-0.6506666628232148
5,1,631039.7122638039,-0.16239999,1.5468193,-0.6508924309475486
5,1,631044.7124576941,-0.16239999,1.5467048,-0.6511182003927236
5,1,631049.7126515843,-0.16239999,1.5465139,-0.6513439690270512
5,1,631054.7128454745,-0.16239999,1.5461702,-0.6515697369856582
5,1,631059.7130393647,-0.16239999,1.5460749,-0.6517955040672517
5,1,631064.7132332548,-0.16239999,1.5458648,-0.6520212687175635
5,1,631069.713427145,-0.16239999,1.5455976,-0.6522470322203319
5,1,631074.7136210352,-0.16239999,1.5453112,-0.6524727950123098
5,1,631079.7138149254,-0.16239999,1.545063,-0.6526985583800762
5,1,631084.7140088156,-0.16239999,1.545044,-0.652924319487828
5,1,631089.7142027058,-0.16239999,1.5447003,-0.6531500795336495
5,1,631094.714396596,-0.16239999,1.5445666,-0.6533758409938477
5,1,631099.7145904861,-0.16239999,1.5441276,-0.6536016018946258
5,1,631104.7147843763,-0.16239999,1.5440894,-0.6538273639400357
5,1,631109.7149782665,-0.16239999,1.5439177,-0.6540531287485903
5,1,631114.7151721567,-0.16239999,1.5434977,-0.654278893948105
5,1,631119.7153660469,-0.16239999,1.5433258,-0.6545046595484353
5,1,631124.7155599371,-0.16239999,1.5430968,-0.6547304242101216
5,1,631129.7157538272,-0.16239999,1.5426959,-0.6549561894708851
5,1,631134.7159477174,-0.16239999,1.5426959,-0.6551819516724692
5,1,631139.7161416076,-0.16239999,1.5423331,-0.6554077160273373
5,1,631144.7163354978,-0.16239999,1.5422376,-0.6556334822862542
5,1,631149.716529388,-0.16239999,1.5418367,-0.6558592498911715
5,1,631154.7167232782,-0.16239999,1.541684,-0.6560850192915214
5,1,631159.7169171683,-0.16239999,1.5415123,-0.6563107868988858
5,1,631164.7171110585,-0.16239999,1.5413022,-0.6565365542242093
5,1,631169.7173049487,-0.16239999,1.5409013,-0.6567623221386776
5,1,631174.7174988389,-0.16239999,1.540634,-0.6569880874613164
5,1,631179.7176927291,-0.16239999,1.5405768,-0.6572138529907711
5,1,631184.7178866193,-0.16239999,1.5403477,-0.6574396159628668
5,1,631189.7180805095,-0.16239999,1.5399468,-0.6576653802116295
5,1,631194.7182743996,-0.16239999,1.5398705,-0.6578911434611658
5,1,631199.7184682898,-0.16239999,1.539775,-0.6581169050933707
5,1,631204.71866218,-0.16239999,1.5393169,-0.6583426681571368
5,1,631209.7188560702,-0.16239999,1.5392405,-0.6585684307749956
5,1,631214.7190499604,-0.16239999,1.5389923,-0.6587941932368169
5,1,631219.7192438506,-0.16239999,1.5388396,-0.6590199543034225
5,1,631224.7194377407,-0.16239999,1.5384196,-0.6592457149851875
5,1,631229.7196316309,-0.16239999,1.5383241,-0.659471473556607
5,1,631234.7198255211,-0.16239999,1.5379615,-0.6596972338554287
5,1,631239.7200194113,-0.16239999,1.5378469,-0.6599229966375562
5,1,631244.7202133015,-0.16239999,1.5375223,-0.6601487588315224
5,1,631249.7204071917,-0.16239999,1.5373505,-0.6603745232359658
5,1,631254.7206010818,-0.16239999,1.5369878,-0.6606002875430574
5,1,631259.720794972,-0.16239999,1.5368541,-0.6608260508449565
5,1,631264.7209888622,-0.16239999,1.5365297,-0.6610518153749786
5,1,631269.7211827524,-0.16239999,1.5364151,-0.6612775759704078
5,1,631274.7213766426,-0.16239999,1.5361669,-0.6615033360819756
5,1,631279.7215705328,-0.16239999,1.5359951,-0.6617290961600656
5,1,631284.721764423,-0.16239999,1.535537,-0.6619548531884217
5,1,631289.7219583131,-0.16239999,1.5354415,-0.662180608856994
5,1,631294.7221522033,-0.16239999,1.5350788,-0.6624063647224007
5,1,631299.7223460935,-0.16239999,1.5350406,-0.6626321207936726
5,1,631304.7225399837,-0.16239999,1.5346779,-0.662857876893641
5,1,631309.7227338739,-0.16239999,1.5345442,-0.6630836338441221
5,1,631314.722927764,-0.16239999,1.5342388,-0.6633093889220611
5,1,631319.7231216542,-0.16239999,1.5339715,-0.6635351479035283
5,1,631324.7233155444,-0.16239999,1.5339525,-0.6637609048250158
5,1,631329.7235094346,-0.16239999,1.5336088,-0.6639866667688702
5,1,631334.7237033248,-0.16239999,1.5335134,-0.6642124294541112
5,1,631339.723897215,-0.16239999,1.5333415,-0.6644381900979105
5,1,631344.7240911052,-0.16239999,1.5330935,-0.6646639540678816
5,1,631349.7242849953,-0.16239999,1.5326352,-0.6648897191484403
5,1,631354.7244788855,-0.16239999,1.5325971,-0.6651154888590283
5,1,631359.7246727757,-0.16239999,1.5322343,-0.665341257349904
5,1,631364.7248666659,-0.16239999,1.5321007,-0.6655670225762939
5,1,631369.7250605561,-0.16239999,1.5318143,-0.6657927875579172
5,1,631374.7252544463,-0.16239999,1.531738,-0.6660185525979315
5,1,631379.7254483365,-0.16239999,1.5314134,-0.6662443197266508
5,1,631384.7256422266,-0.16239999,1.5311844,-0.66647008658137
5,1,631389.7258361168,-0.16239999,1.5308217,-0.6666958528169434
5,1,631394.726030007,-0.16239999,1.5304208,-0.6669216192004556
5,1,631399.7262238972,-0.16239999,1.5302871,-0.6671473849396481
5,1,631404.7264177874,-0.16239999,1.5300008,-0.6673731499814605
5,1,631409.7266116776,-0.16239999,1.5298672,-0.6675989158996019
5,1,631414.7268055677,-0.16239999,1.5295808,-0.6678246812713823
5,1,631419.7269994579,-0.16239999,1.5293136,-0.668050448997191
5,1,631424.7271933481,-0.16239999,1.5291035,-0.6682762142878652
5,1,631429.7273872383,-0.16239999,1.5288172,-0.6685019767695315
5,1,631434.7275811285,-0.16239999,1.5284353,-0.6687277351668482
5,1,631439.7277750187,-0.16239999,1.52834,-0.6689534960874333
5,1,631444.7279689088,-0.16239999,1.5281109,-0.6691792591649316
5,1,631449.728162799,-0.16239999,1.5279008,-0.6694050218044367
5,1,631454.7283566892,-0.16239999,1.527519,-0.6696307878489284
5,1,631459.7285505794,-0.16239999,1.5274236,-0.6698565515141798
5,1,631464.7287444696,-0.16239999,1.5272326,-0.6700823158849855
5,1,631469.7289383598,-0.16239999,1.5267364,-0.6703080778200531
5,1,631474.72913225,-0.16239999,1.5267936,-0.6705338399656079
5,1,631479.7293261401,-0.16239999,1.5263927,-0.6707596008857384
5,1,631484.7295200303,-0.16239999,1.5261445,-0.6709853633089019
5,1,631489.7297139205,-0.16239999,1.5258963,-0.6712111252966071
5,1,631494.7299078107,-0.16239999,1.5255909,-0.6714368884743174
5,1,631499.7301017009,-0.16239999,1.5254382,-0.6716626524965733
5,1,631504.730295591,-0.16239999,1.5251709,-0.6718884151463147
5,1,631509.7304894812,-0.16239999,1.5248655,-0.6721141773471404
5,1,631514.7306833714,-0.16239999,1.52477,-0.6723399396487013
5,1,631519.7308772616,-0.16239999,1.5245982,-0.6725657015051985
5,1,631524.7310711518,-0.16239999,1.5243119,-0.6727914626997538
5,1,631529.731265042,-0.16239999,1.5239682,-0.6730172268217249
5,1,631534.7314589322,-0.16239999,1.523701,-0.6732429880136129
5,1,631539.7316528223,-0.16239999,1.5234528,-0.6734687507078311
5,1,631544.7318467125,-0.16239999,1.5232047,-0.6736945136418072
5,1,631549.7320406027,-0.16239999,1.5232428,-0.6739202789778389
5,1,631554.7322344929,-0.16239999,1.5230901,-0.6741460424708072
5,1,631559.7324283831,-0.16239999,1.5227274,-0.6743718038937965
5,1,631564.7326222733,-0.16239999,1.522441,-0.6745975669522097
5,1,631569.7328161635,-0.16239999,1.522231,-0.6748233279952541
5,1,631574.7330100536,-0.16239999,1.522002,-0.6750490860115151
5,1,631579.7332039438,-0.16239999,1.5216774,-0.6752748441056098
5,1,631584.733397834,-0.16239999,1.5214101,-0.6755006030078656
5,1,631589.7335917242,-0.16239999,1.5211811,-0.6757263640257222
5,1,631594.7337856144,-0.16239999,1.5209901,-0.6759521228361902
5,1,631599.7339795046,-0.16239999,1.5208184,-0.6761778812051559
5,1,631604.7341733947,-0.16239999,1.5205129,-0.6764036407592962
5,1,631609.7343672849,-0.16239999,1.520532,-0.6766294006580655
5,1,631614.7345611751,-0.16239999,1.5202457,-0.676855161723701
5,1,631619.7347550653,-0.16239999,1.5199211,-0.6770809215619294
5,1,631624.7349489555,-0.16239999,1.5199784,-0.6773066807718032
5,1,631629.7351428457,-0.16239999,1.5195966,-0.6775324411187614
5,1,631634.7353367358,-0.16239999,1.519482,-0.6777582009364337
5,1,631639.735530626,-0.16239999,1.5190811,-0.677983962016635
5,1,631644.7357245162,-0.16239999,1.5188138,-0.6782097233720243
5,1,631649.7359184064,-0.16239999,1.5185275,-0.6784354871414664
5,1,631654.7361122966,-0.16239999,1.5182221,-0.6786612547820446
5,1,631659.7363061868,-0.16239999,1.5181075,-0.678887021339176
5,1,631664.736500077,-0.16239999,1.5179548,-0.6791127892766615
5,1,631669.7366939671,-0.16239999,1.5177257,-0.6793385560843692
5,1,631674.7368878573,-0.16239999,1.5174775,-0.6795643240840721
5,1,631679.7370817475,-0.16239999,1.5174394,-0.6797900924029172
5,1,631684.7372756377,-0.16239999,1.5169812,-0.6800158614230309
5,1,631689.7374695279,-0.16239999,1.5167903,-0.6802416309237128
5,1,631694.737663418,-0.16239999,1.5166757,-0.6804674002129887
5,1,631699.7378573082,-0.16239999,1.5162748,-0.6806931693924073
5,1,631704.7380511984,-0.16239999,1.5160267,-0.6809189367322487
5,1,631709.7382450886,-0.16239999,1.515683,-0.6811447045200206
5,1,631714.7384389788,-0.16239999,1.5154922,-0.6813704735306928
5,1,631719.738632869,-0.16239999,1.5150149,-0.6815962427398501
5,1,631724.7388267592,-0.16239999,1.5149194,-0.6818220092747539
5,1,631729.7390206493,-0.16239999,1.5147285,-0.6820477761178138
5,1,631734.7392145395,-0.16239999,1.514404,-0.6822735416173178
5,1,631739.7394084297,-0.16239999,1.5141749,-0.6824993092136611
5,1,631744.7396023199,-0.16239999,1.5138503,-0.6827250726958641
5,1,631749.7397962101,-0.16239999,1.5136213,-0.682950839813227
5,1,631754.7399901003,-0.16239999,1.513335,-0.6831766087492295
5,1,631759.7401839904,-0.16239999,1.5131059,-0.6834023762582627
5,1,631764.7403778806,-0.16239999,1.5128767,-0.6836281436781398
5,1,631769.7405717708,-0.16239999,1.5126286,-0.6838539090835605
5,1,631774.740765661,-0.16239999,1.5123422,-0.6840796759641299
5,1,631779.7409595512,-0.16239999,1.5119796,-0.6843054391495664
5,1,631784.7411534414,-0.16239999,1.5116168,-0.6845312011751529
5,1,631789.7413473316,-0.16239999,1.5113877,-0.6847569607359995
5,1,631794.7415412217,-0.16239999,1.5111204,-0.6849827237643438
5,1,631799.7417351119,-0.16239999,1.510815,-0.6852084851449839
5,1,631804.7419290021,-0.16239999,1.510395,-0.685434243867204
5,1,631809.7421228923,-0.16239999,1.5104905,-0.6856600034289463
5,1,631814.7423167829,-0.16239999,1.5100896,-0.6858857621607287
5,1,631819.7425106736,-0.16239999,1.5098224,-0.686111517742625
5,1,631824.7427045642,-0.16239999,1.509536,-0.6863372735283925
5,1,631829.7428984549,-0.16239999,1.5092305,-0.6865630336660167
5,1,631834.7430923455,-0.16239999,1.5089632,-0.6867887922463156
5,1,631839.7432862362,-0.16239999,1.5085623,-0.6870145513131357
5,1,631844.7434801268,-0.16239999,1.5085815,-0.6872403120734405
5,1,631849.7436740175,-0.16239999,1.5082188,-0.6874660746634979
5,1,631854.7438679081,-0.16239999,1.5078942,-0.6876918366848457
5,1,631859.7440617988,-0.16239999,1.5077797,-0.6879176021155204
5,1,631864.7442556894,-0.16239999,1.5073024,-0.6881433669067872
5,1,631869.7444495801,-0.16239999,1.5071878,-0.6883691331593331
5,1,631874.7446434707,-0.16239999,1.5070161,-0.6885948977828269
5,1,631879.7448373614,-0.16239999,1.506558,-0.6888206622799381
5,1,631884.745031252,-0.16239999,1.5064051,-0.6890464247283797
5,1,631889.7452251427,-0.16239999,1.5062143,-0.6892721852812571
5,1,631894.7454190333,-0.16239999,1.5059851,-0.6894979463161307
5,1,631899.745612924,-0.16239999,1.5057943,-0.6897237110000901
5,1,631904.7458068146,-0.16239999,1.5053552,-0.6899494725362976
5,1,631909.7460007053,-0.16239999,1.5050497,-0.6901752323188883
5,1,631914.7461945957,-0.16239999,1.504897,-0.690400993311643
5,1,631919.7463884861,-0.16239999,1.5045725,-0.6906267533642652
5,1,631924.7465823761,-0.16239999,1.5044198,-0.690852515779709
5,1,631929.7467762665,-0.16239999,1.5040761,-0.6910782802513467
5,1,631934.7469701569,-0.16239999,1.5036561,-0.6913040438482506
5,1,631939.7471640473,-0.16239999,1.5035034,-0.6915298069109828
5,1,631944.7473579377,-0.16239999,1.5032552,-0.6917555703536605
5,1,631949.7475518282,-0.16239999,1.5030644,-0.6919813344001052
5,1,631954.7477457186,-0.16239999,1.5028543,-0.6922070988621581
5,1,631959.747939609,-0.16239999,1.5024344,-0.6924328634644815
5,1,631964.7481334995,-0.16239999,1.5020716,-0.6926586274825867
5,1,631969.74832739,-0.16239999,1.5017471,-0.6928843912278689
5,1,631974.7485212806,-0.16239999,1.5014799,-0.6931101549984997
5,1,631979.7487151711,-0.16239999,1.5013272,-0.6933359208285148
5,1,631984.7489090617,-0.16239999,1.5010408,-0.6935616874065293
5,1,631989.7491029522,-0.16239999,1.5007162,-0.6937874494179762
5,1,631994.7492968427,-0.16239999,1.5003726,-0.6940132108109173
5,1,631999.7494907335,-0.16239999,1.5000863,-0.6942389719476784
5,1,632004.749684624,-0.16239999,1.4999717,-0.6944647332065694
5,1,632009.7498785146,-0.16239999,1.499609,-0.6946904947461114
5,1,632014.7500724051,-0.16239999,1.4995327,-0.694916256530035
5,1,632019.7502662956,-0.16239999,1.4990745,-0.6951420190006967
5,1,632024.7504601862,-0.16239999,1.4989218,-0.6953677772873955
5,1,632029.7506540767,-0.16239999,1.4986736,-0.6955935344021602
5,1,632034.7508479671,-0.16239999,1.4982345,-0.6958192938949921
5,1,632039.7510418575,-0.16239999,1.4980818,-0.6960450529696287
5,1,632044.7512357481,-0.16239999,1.4978718,-0.6962708134535708
5,1,632049.7514296386,-0.16239999,1.4975663,-0.696496573941792
5,1,632054.7516235291,-0.16239999,1.4973946,-0.6967223348891677
5,1,632059.7518174197,-0.16239999,1.4970891,-0.6969480960404111
5,1,632064.7520113101,-0.16239999,1.4967836,-0.6971738585097259
5,1,632069.7522052005,-0.16239999,1.4965737,-0.697399621437326
5,1,632074.7523990909,-0.16239999,1.4961919,-0.6976253863488792
5,1,632079.7525929813,-0.16239999,1.4959055,-0.6978511494455047
5,1,632084.7527868713,-0.16239999,1.4956192,-0.698076912541685
5,1,632089.7529807617,-0.16239999,1.4953519,-0.6983026747215001
5,1,632094.7531746521,-0.16239999,1.4952755,-0.6985284355946084
5,1,632099.7533685425,-0.16239999,1.494741,-0.6987541966322437
5,1,632104.753562433,-0.16239999,1.4946456,-0.6989799580264936
5,1,632109.7537563234,-0.16239999,1.4941683,-0.6992057175486568
5,1,632114.753950214,-0.16239999,1.4939584,-0.6994314736988263
5,1,632119.7541441047,-0.16239999,1.4937292,-0.6996572308429918
5,1,632124.7543379953,-0.16239999,1.4934046,-0.6998829891328223
5,1,632129.754531886,-0.16239999,1.4931183,-0.7001087499687124
5,1,632134.7547257766,-0.16239999,1.4927557,-0.7003345114370915
5,1,632139.7549196673,-0.16239999,1.4925456,-0.7005602707604169
5,1,632144.7551135579,-0.16239999,1.4922974,-0.7007860291658722
5,1,632149.7553074486,-0.16239999,1.491782,-0.7010117886912292
5,1,632154.7555013392,-0.16239999,1.4916483,-0.7012375456454355
5,1,632159.7556952299,-0.16239999,1.491133,-0.7014633023931713
5,1,632164.7558891205,-0.16239999,1.4909611,-0.7016890619419124
5,1,632169.7560830112,-0.16239999,1.4908084,-0.7019148235321399
5,1,632174.7562769018,-0.16239999,1.4904839,-0.7021405870109472
5,1,632179.7564707925,-0.16239999,1.4901593,-0.7023663516032834
5,1,632184.7566646831,-0.16239999,1.4898729,-0.702592120119328
5,1,632189.7568585738,-0.16239999,1.4897393,-0.7028178901030468
5,1,632194.7570524644,-0.16239999,1.4893003,-0.7030436577970574
5,1,632199.7572463551,-0.16239999,1.4890711,-0.7032694228526252
5,1,632204.7574402457,-0.16239999,1.4888612,-0.703495190408016
5,1,632209.7576341364,-0.16239999,1.4884603,-0.7037209578504899
5,1,632214.757828027,-0.16239999,1.4884412,-0.703946724951642
5,1,632219.7580219172,-0.16239999,1.4880975,-0.7041724905859288
5,1,632224.7582158074,-0.16239999,1.4880213,-0.7043982531765929
5,1,632229.7584096976,-0.16239999,1.4876204,-0.7046240164763702
5,1,632234.7586035877,-0.16239999,1.487124,-0.7048497826978016
5,1,632239.7587974779,-0.16239999,1.4867804,-0.7050755456134179
5,1,632244.7589913681,-0.16239999,1.4866658,-0.7053013075145366
5,1,632249.7591852583,-0.16239999,1.4863603,-0.7055270709547846
5,1,632254.7593791485,-0.16239999,1.486093,-0.7057528341031487
5,1,632259.7595730387,-0.16239999,1.485864,-0.705978595416804
5,1,632264.7597669289,-0.16239999,1.4856158,-0.7062043569604463
5,1,632269.759960819,-0.16239999,1.4852914,-0.7064301202205235
5,1,632274.7601547092,-0.16239999,1.4851195,-0.7066558857359272
5,1,632279.7603485994,-0.16239999,1.4848522,-0.7068816520585284
5,1,632284.7605424896,-0.16239999,1.484165,-0.7071074182962583
5,1,632289.7607363798,-0.16239999,1.484165,-0.7073331836642415
5,1,632294.76093027,-0.16239999,1.4837831,-0.707558949548025
5,1,632299.7611241601,-0.16239999,1.4836687,-0.7077847116101168
5,1,632304.7613180503,-0.16239999,1.4834586,-0.7080104737408177
5,1,632309.7615119405,-0.16239999,1.4829623,-0.7082362351578043
5,1,632314.7617058307,-0.16239999,1.4827905,-0.7084619969898553
5,1,632319.7618997209,-0.16239999,1.4824469,-0.7086877603328005
5,1,632324.7620936111,-0.16239999,1.4821796,-0.7089135251384667
5,1,632329.7622875012,-0.16239999,1.4819505,-0.7091392917928953
5,1,632334.7624813914,-0.16239999,1.4815115,-0.7093650573925367
5,1,632339.7626752816,-0.16239999,1.4812824,-0.709590823983358
5,1,632344.7628691718,-0.16239999,1.480996,-0.7098165883402866
5,1,632349.763063062,-0.16239999,1.4806333,-0.7100423522953764
5,1,632354.7632569522,-0.16239999,1.4805378,-0.7102681180694683
5,1,632359.7634508424,-0.16239999,1.4801561,-0.7104938835307799
5,1,632364.7636447325,-0.16239999,1.4800032,-0.7107196501763496
5,1,632369.7638386227,-0.16239999,1.4797169,-0.7109454153029927
5,1,632374.7640325129,-0.16239999,1.4794306,-0.7111711823463067
5,1,632379.7642264031,-0.16239999,1.4791824,-0.7113969519475707
5,1,632384.7644202933,-0.16239999,1.4788007,-0.7116227218948893
5,1,632389.7646141835,-0.16239999,1.478667,-0.7118484907066177
5,1,632394.7648080736,-0.16239999,1.4784188,-0.712074259097351
5,1,632399.7650019638,-0.16239999,1.4780179,-0.7123000240871087
5,1,632404.765195854,-0.16239999,1.4778461,-0.7125257888506601
5,1,632409.7653897442,-0.16239999,1.4774452,-0.7127515574349785
5,1,632414.7655836344,-0.16239999,1.4772161,-0.712977326541461
5,1,632419.7657775246,-0.16239999,1.4769298,-0.7132030926977577
5,1,632424.7659714147,-0.16239999,1.4766816,-0.7134288632359305
5,1,632429.7661653049,-0.16239999,1.4763571,-0.7136546334304866
5,1,632434.7663591951,-0.16239999,1.476147,-0.7138804032036197
5,1,632439.7665530853,-0.16239999,1.4758226,-0.71410617306009
5,1,632444.7667469755,-0.16239999,1.4755934,-0.714331943932356
5,1,632449.7669408657,-0.16239999,1.4751735,-0.7145577170148284
5,1,632454.7671347558,-0.16239999,1.4748107,-0.7147834906721785
5,1,632459.767328646,-0.16239999,1.4747726,-0.7150092642388112
5,1,632464.7675225362,-0.16239999,1.4743335,-0.7152350377177712
5,1,632469.7677164264,-0.16239999,1.4741235,-0.7154608075751381
5,1,632474.7679103166,-0.16239999,1.4735317,-0.7156865776878885
5,1,632479.7681042068,-0.16239999,1.4734935,-0.7159123484145841
5,1,632484.768298097,-0.16239999,1.4731308,-0.716138121998603
5,1,632489.7684919871,-0.16239999,1.4729398,-0.7163638964140605
5,1,632494.7686858773,-0.16239999,1.4726154,-0.716589671474657
5,1,632499.7688797675,-0.16239999,1.4723481,-0.7168154441833271
5,1,632504.7690736577,-0.16239999,1.472138,-0.7170412141907181
5,1,632509.7692675479,-0.16239999,1.4716418,-0.7172669831214389
5,1,632514.7694614381,-0.16239999,1.4713362,-0.7174927525134367
5,1,632519.7696553282,-0.16239999,1.4712409,-0.717718522447898
5,1,632524.7698492184,-0.16239999,1.4709353,-0.7179442930681647
5,1,632529.7700431086,-0.16239999,1.4706682,-0.7181700620663264
5,1,632534.7702369988,-0.16239999,1.4702673,-0.7183958323111475
5,1,632539.770430889,-0.16239999,1.4699045,-0.7186216020734383
5,1,632544.7706247792,-0.16239999,1.4694272,-0.7188473719954779
5,1,632549.7708186693,-0.16239999,1.4692554,-0.7190731423227819
5,1,632554.7710125595,-0.16239999,1.4688927,-0.7192989124441891
5,1,632559.7712064497,-0.16239999,1.4686254,-0.7195246850297632
5,1,632564.7714003399,-0.16239999,1.46832,-0.7197504561185695
5,1,632569.7715942301,-0.16239999,1.4680146,-0.7199762242350246
5,1,632574.7717881203,-0.16239999,1.4677855,-0.7202019923650224
5,1,632579.7719820105,-0.16239999,1.4673655,-0.7204277630564139
5,1,632584.7721759006,-0.16239999,1.4671173,-0.7206535306789096
5,1,632589.7723697908,-0.16239999,1.4667928,-0.7208792973368986
5,1,632594.772563681,-0.16239999,1.4665446,-0.7211050644701801
5,1,632599.7727575712,-0.16239999,1.4660674,-0.7213308332091064
5,1,632604.7729514614,-0.16239999,1.4657428,-0.7215566027632264
5,1,632609.7731453516,-0.16239999,1.4654183,-0.721782367021107
5,1,632614.7733392417,-0.16239999,1.4652083,-0.7220081330312432
5,1,632619.7735331319,-0.16239999,1.4649601,-0.7222338976157631
5,1,632624.7737270221,-0.16239999,1.4646928,-0.722459663220759
5,1,632629.7739209123,-0.16239999,1.4643302,-0.722685429325694
5,1,632634.7741148025,-0.16239999,1.4641201,-0.7229111948928171
5,1,632639.7743086927,-0.16239999,1.4637192,-0.7231369576368571
5,1,632644.7745025828,-0.16239999,1.4635665,-0.723362720212746
5,1,632649.774696473,-0.16239999,1.4630129,-0.7235884840510834
5,1,632654.7748903632,-0.16239999,1.4627647,-0.7238142488645563
5,1,632659.7750842534,-0.16239999,1.4624403,-0.7240400128200384
5,1,632664.7752781436,-0.16239999,1.4620966,-0.7242657792024387
5,1,632669.7754720338,-0.16239999,1.4619057,-0.7244915450876627
5,1,632674.775665924,-0.16239999,1.4616575,-0.7247173122024725
5,1,632679.7758598141,-0.16239999,1.4611611,-0.724943079719915
5,1,632684.7760537043,-0.16239999,1.4607793,-0.7251688482426478
5,1,632689.7762475945,-0.16239999,1.4605885,-0.7253946179864521
5,1,632694.7764414847,-0.16239999,1.4601494,-0.7256203876000087
5,1,632699.7766353749,-0.16239999,1.4599394,-0.7258461572074939
5,1,632704.776829265,-0.16239999,1.4595958,-0.7260719260621046
5,1,632709.7770231552,-0.16239999,1.459233,-0.726297692989332
5,1,632714.7772170454,-0.16239999,1.4588703,-0.7265234607071877
5,1,632719.7774109356,-0.16239999,1.4583931,-0.7267492264738704
5,1,632724.7776048258,-0.16239999,1.4582213,-0.7269749940511784
5,1,632729.777798716,-0.16239999,1.4578967,-0.7272007615010375
5,1,632734.7779926062,-0.16239999,1.4574386,-0.7274265289161744
5,1,632739.7781864963,-0.16239999,1.4572285,-0.7276522976721178
5,1,632744.7783803865,-0.16239999,1.4567895,-0.7278780677053681
5,1,632749.7785742767,-0.16239999,1.4566368,-0.7281038366014122
5,1,632754.7787681669,-0.16239999,1.4563504,-0.7283296049726506
5,1,632759.7789620571,-0.16239999,1.4559495,-0.7285553752971176
5,1,632764.7791559473,-0.16239999,1.4556059,-0.7287811473472151
5,1,632769.7793498375,-0.16239999,1.4554913,-0.7290069191457488
5,1,632774.7795437276,-0.16239999,1.4551096,-0.7292326906272901
5,1,632779.7797376178,-0.16239999,1.4549568,-0.7294584604942459
5,1,632784.779931508,-0.16239999,1.4545368,-0.7296842310921997
5,1,632789.7801253982,-0.16239999,1.4544032,-0.7299100022399417
5,1,632794.7803192884,-0.16239999,1.4540787,-0.730135774627587
5,1,632799.7805131786,-0.16239999,1.4535632,-0.7303615435519094
5,1,632804.7807070687,-0.16239999,1.4532387,-0.7305873117876276
5,1,632809.7809009589,-0.16239999,1.4531051,-0.7308130803630021
5,1,632814.7810948491,-0.16239999,1.4526469,-0.73103885231908
5,1,632819.7812887393,-0.16239999,1.4521887,-0.731264622368926
5,1,632824.7814826295,-0.16239999,1.452036,-0.7314903889083639
5,1,632829.7816765197,-0.16239999,1.4519405,-0.7317161584617463
5,1,632834.7818704098,-0.16239999,1.4514441,-0.7319419294167311
5,1,632839.7820643,-0.16239999,1.4510434,-0.7321676989730143
5,1,632844.7822581902,-0.16239999,1.450967,-0.7323934676733747
5,1,632849.7824520804,-0.16239999,1.4506997,-0.7326192359465974
5,1,632854.7826459706,-0.16239999,1.450356,-0.7328450026686498
5,1,632859.7828398608,-0.16239999,1.449917,-0.7330707675069289
5,1,632864.783033751,-0.16239999,1.4496115,-0.7332965341946573
5,1,632869.7832276411,-0.16239999,1.4493061,-0.733522303081476
5,1,632874.7834215313,-0.16239999,1.4489625,-0.7337480708400259
5,1,632879.7836154215,-0.16239999,1.448657,-0.7339738384101746
5,1,632884.7838093117,-0.16239999,1.4482752,-0.7341996060270956
5,1,632889.7840032019,-0.16239999,1.4479889,-0.7344253761541469
5,1,632894.784197092,-0.16239999,1.4477407,-0.73465114357577
5,1,632899.7843909822,-0.16239999,1.4476261,-0.734876908952606
5,1,632904.7845848724,-0.16239999,1.4471489,-0.7351026799122374
5,1,632909.7847787626,-0.16239999,1.4469389,-0.7353284498470937
5,1,632914.7849726528,-0.16239999,1.446328,-0.7355542184957653
5,1,632919.785166543,-0.16239999,1.446118,-0.7357799880135711
5,1,632924.7853604332,-0.16239999,1.4458317,-0.7360057571549025
5,1,632929.7855543233,-0.16239999,1.4453926,-0.7362315263290528
5,1,632934.7857482135,-0.16239999,1.4451063,-0.7364572953273776
5,1,632939.7859421037,-0.16239999,1.4447435,-0.7366830629563702
5,1,632944.7861359939,-0.16239999,1.444419,-0.7369088297902228
5,1,632949.7863298841,-0.16239999,1.4441899,-0.7371345954379918
5,1,632954.7865237743,-0.16239999,1.4436554,-0.7373603626780226
5,1,632959.7867176645,-0.16239999,1.4435599,-0.7375861282094118
5,1,632964.7869115546,-0.16239999,1.4431399,-0.737811898082751
5,1,632969.7871054448,-0.16239999,1.4427963,-0.7380376662031259
5,1,632974.787299335,-0.16239999,1.4424908,-0.7382634319908615
5,1,632979.7874932252,-0.16239999,1.4421091,-0.7384891969271821
5,1,632984.7876871154,-0.16239999,1.44188,-0.7387149628245322
5,1,632989.7878810056,-0.16239999,1.4416509,-0.7389407302525131
5,1,632994.7880748957,-0.16239999,1.441269,-0.7391664987903797
5,1,632999.7882687859,-0.16239999,1.4408681,-0.7393922670590576
5,1,633004.7884626761,-0.16239999,1.4405055,-0.7396180346151446
5,1,633009.7886565663,-0.16239999,1.4401237,-0.7398438004285516
5,1,633014.7888504565,-0.16239999,1.4397991,-0.7400695656641941
5,1,633019.7890443467,-0.16239999,1.4396273,-0.7402953285082152
5,1,633024.7892382368,-0.16239999,1.4390928,-0.740521091041548
5,1,633029.789432127,-0.16239999,1.4386919,-0.7407468568832216
5,1,633034.7896260172,-0.16239999,1.43831,-0.7409726210292954
5,1,633039.7898199074,-0.16239999,1.4381573,-0.7411983848668299
5,1,633044.7900137976,-0.16239999,1.4375846,-0.7414241481867254
5,1,633049.7902076878,-0.16239999,1.4375274,-0.7416499110448976
5,1,633054.790401578,-0.16239999,1.4371647,-0.7418756738227675
5,1,633059.7905954681,-0.16239999,1.4370501,-0.7421014357359074
5,1,633064.7907893583,-0.16239999,1.4364393,-0.7423271968989236
5,1,633069.7909832485,-0.16239999,1.4361529,-0.7425529566082842
5,1,633074.7911771387,-0.16239999,1.4360574,-0.7427787183525757
5,1,633079.7913710289,-0.16239999,1.4354656,-0.7430044795261286
5,1,633084.791564919,-0.16239999,1.4350456,-0.7432302395992647
5,1,633089.7917588092,-0.16239999,1.4347593,-0.7434559976704034
5,1,633094.7919526994,-0.16239999,1.4343774,-0.7436817605172756
5,1,633099.7921465896,-0.16239999,1.4340339,-0.7439075264991013
5,1,633104.7923404798,-0.16239999,1.4336139,-0.7441332911965645
5,1,633109.79253437,-0.16239999,1.4333657,-0.7443590561643885
5,1,633114.7927282602,-0.16239999,1.433003,-0.7445848212283052
5,1,633119.7929221503,-0.16239999,1.4327166,-0.7448105868477918
5,1,633124.7931160405,-0.16239999,1.4323921,-0.7450363496440539
5,1,633129.7933099307,-0.16239999,1.4320103,-0.7452621132509797
5,1,633134.7935038209,-0.16239999,1.4315903,-0.7454878767223273
5,1,633139.7936977111,-0.16239999,1.4312657,-0.7457136394081304
5,1,633144.7938916013,-0.16239999,1.4309412,-0.7459394025825806
5,1,633149.7940854914,-0.16239999,1.4304831,-0.7461651676674848
5,1,633154.7942793816,-0.16239999,1.4300822,-0.7463909337731821
5,1,633159.7944732718,-0.16239999,1.4297959,-0.7466167011643869
5,1,633164.794667162,-0.16239999,1.4294903,-0.7468424677061081
5,1,633169.7948610522,-0.16239999,1.4290704,-0.7470682326696654
5,1,633174.7950549424,-0.16239999,1.4285358,-0.747293999065019
5,1,633179.7952488326,-0.16239999,1.4283068,-0.747519770148191
5,1,633184.7954427227,-0.16239999,1.4278486,-0.7477455383875783
5,1,633189.7956366129,-0.16239999,1.4275432,-0.7479713039130104
5,1,633194.7958305031,-0.16239999,1.4271232,-0.7481970687129422
5,1,633199.7960243933,-0.16239999,1.4267414,-0.7484228330232592
5,1,633204.7962182835,-0.16239999,1.426245,-0.74864859802888
5,1,633209.7964121737,-0.16239999,1.4259586,-0.7488743598872315
5,1,633214.7966060638,-0.16239999,1.4257104,-0.7491001208627348
5,1,633219.796799954,-0.16239999,1.4253478,-0.7493258819743742
5,1,633224.7969938442,-0.16239999,1.424775,-0.7495516396981204
5,1,633229.7971877344,-0.16239999,1.4246032,-0.749777398961683
5,1,633234.7973816246,-0.16239999,1.4241642,-0.7500031595457916
5,1,633239.7975755148,-0.16239999,1.423935,-0.7502289182788994
5,1,633244.797769405,-0.16239999,1.4233624,-0.7504546779865497
5,1,633249.7979632951,-0.16239999,1.423057,-0.7506804387007935
5,1,633254.7981571853,-0.16239999,1.4226179,-0.7509062000105968
5,1,633259.7983510755,-0.16239999,1.4222742,-0.751131960871309
5,1,633264.7985449657,-0.16239999,1.4220834,-0.7513577210449277
5,1,633269.7987388559,-0.16239999,1.4215679,-0.7515834839650598
5,1,633274.798932746,-0.16239999,1.421377,-0.7518092480644152
5,1,633279.7991266362,-0.16239999,1.4210525,-0.7520350155064678
5,1,633284.7993205264,-0.16239999,1.4206516,-0.7522607819036965
5,1,633289.7995144166,-0.16239999,1.4203079,-0.7524865463994633
5,1,633294.7997083068,-0.16239999,1.4198307,-0.7527123107277932
5,1,633299.799902197,-0.16239999,1.419678,-0.752938078925347
5,1,633304.8000960872,-0.16239999,1.419258,-0.7531638443324722
5,1,633309.8002899773,-0.16239999,1.4188762,-0.7533896084821454
5,1,633314.8004838675,-0.16239999,1.4183989,-0.7536153755601618
5,1,633319.8006777577,-0.16239999,1.4181125,-0.7538411418246485
5,1,633324.8008716479,-0.16239999,1.4178262,-0.7540669039348081
5,1,633329.8010655381,-0.16239999,1.4173871,-0.7542926663443685
5,1,633334.8012594283,-0.16239999,1.4170053,-0.7545184258478332
5,1,633339.8014533184,-0.16239999,1.4166999,-0.754744188859134
5,1,633344.8016472086,-0.16239999,1.4162226,-0.7549699506051928
5,1,633349.8018410988,-0.16239999,1.415879,-0.7551957122729486
5,1,633354.802034989,-0.16239999,1.4156499,-0.7554214765046702
5,1,633359.8022288792,-0.16239999,1.4151727,-0.7556472378827267
5,1,633364.8024227694,-0.16239999,1.41481,-0.7558730007686375
5,1,633369.8026166596,-0.16239999,1.4144853,-0.7560987650120705
5,1,633374.8028105497,-0.16239999,1.4138745,-0.7563245260670549
5,1,633379.8030044399,-0.16239999,1.4137409,-0.7565502857336104
5,1,633384.8031983301,-0.16239999,1.4132636,-0.7567760462401857
5,1,633389.8033922203,-0.16239999,1.4128819,-0.7570018051832119
5,1,633394.8035861105,-0.16239999,1.4124236,-0.7572275643305977
5,1,633399.8037800007,-0.16239999,1.4121563,-0.7574533259007955
5,1,633404.8039738908,-0.16239999,1.4117937,-0.7576790876011815
5,1,633409.804167781,-0.16239999,1.4114882,-0.7579048490107142
5,1,633414.8043616712,-0.16239999,1.4110491,-0.7581306086090372
5,1,633419.8045555614,-0.16239999,1.4107246,-0.7583563705833198
5,1,633424.804749452,-0.16239999,1.4105146,-0.7585821325618542
5,1,633429.8049433427,-0.16239999,1.4101518,-0.7588078937046835
5,1,633434.8051372333,-0.16239999,1.4096556,-0.7590336531532573
5,1,633439.805331124,-0.16239999,1.4091592,-0.759259413958115
5,1,633444.8055250146,-0.16239999,1.4088919,-0.7594851761571361
5,1,633449.8057189053,-0.16239999,1.4085865,-0.7597109370274653
5,1,633454.805912796,-0.16239999,1.4081665,-0.7599366971076456
5,1,633459.8061066866,-0.16239999,1.4077466,-0.7601624589254866
5,1,633464.8063005772,-0.16239999,1.4074602,-0.7603882211046387
5,1,633469.8064944679,-0.16239999,1.407212,-0.7606139800787305
5,1,633474.8066883585,-0.16239999,1.406792,-0.7608397394363476
5,1,633479.8068822487,-0.16239999,1.4065629,-0.7610654989447563
5,1,633484.8070761394,-0.16239999,1.4060665,-0.7612912618726982
5,1,633489.80727003,-0.16239999,1.4056466,-0.7615170248628046
5,1,633494.8074639207,-0.16239999,1.405303,-0.7617427856580742
5,1,633499.8076578113,-0.16239999,1.4048066,-0.7619685473485368
5,1,633504.807851702,-0.16239999,1.4044629,-0.7621943124304474
5,1,633509.8080455926,-0.16239999,1.4038712,-0.762420078400945
5,1,633514.8082394833,-0.16239999,1.403623,-0.7626458448371443
5,1,633519.8084333739,-0.16239999,1.4031649,-0.7628716098388254
5,1,633524.8086272643,-0.16239999,1.4028403,-0.7630973721792709
5,1,633529.8088211548,-0.16239999,1.4024012,-0.7633231359234223
5,1,633534.8090150452,-0.16239999,1.401924,-0.7635489006615002
5,1,633539.8092089356,-0.16239999,1.4015231,-0.7637746664031282
5,1,633544.809402826,-0.16239999,1.4012558,-0.7640004292513779
5,1,633549.8095967164,-0.16239999,1.4008931,-0.7642261902264516
5,1,633554.8097906071,-0.16239999,1.400435,-0.7644519503381552
5,1,633559.8099844975,-0.16239999,1.4001104,-0.7646777119124127
5,1,633564.8101783879,-0.16239999,1.3997477,-0.7649034709845427
5,1,633569.8103722783,-0.16239999,1.3995377,-0.7651292305417924
5,1,633574.8105661689,-0.16239999,1.3990031,-0.7653549917163528
5,1,633579.8107600594,-0.16239999,1.3986596,-0.7655807509933125
5,1,633584.8109539499,-0.16239999,1.3982778,-0.7658065118389016
5,1,633589.8111478405,-0.16239999,1.3978959,-0.7660322727499416
5,1,633594.8113417309,-0.16239999,1.3973995,-0.7662580330976755
5,1,633599.8115356214,-0.16239999,1.3971132,-0.7664837918737102
5,1,633604.811729512,-0.16239999,1.3966742,-0.7667095464482533
5,1,633609.8119234025,-0.16239999,1.3962351,-0.7669353020882169
5,1,633614.812117293,-0.16239999,1.395796,-0.7671610592007291
5,1,633619.8123111835,-0.16239999,1.3953378,-0.7673868173263381
5,1,633624.8125050741,-0.16239999,1.3949178,-0.7676125775200999
5,1,633629.8126989646,-0.16239999,1.3946315,-0.7678383374442964
5,1,633634.8128928551,-0.16239999,1.3942497,-0.7680640947666915
5,1,633639.8130867451,-0.16239999,1.393906,-0.7682898495155541
5,1,633644.8132806357,-0.16239999,1.3933716,-0.7685156048745879
5,1,633649.8134745262,-0.16239999,1.3929707,-0.7687413610930743
5,1,633654.8136684167,-0.16239999,1.3929133,-0.7689671166752985
5,1,633659.8138623072,-0.16239999,1.392417,-0.7691928707552365
5,1,633664.8140561978,-0.16239999,1.3918443,-0.7694186259303121
5,1,633669.8142500883,-0.16239999,1.3914052,-0.7696443838603085
5,1,633674.8144439788,-0.16239999,1.3911761,-0.7698701436157329
5,1,633679.8146378694,-0.16239999,1.390527,-0.7700959031107495
5,1,633684.8148317598,-0.16239999,1.390088,-0.7703216623142034
5,1,633689.8150256502,-0.16239999,1.3896489,-0.7705474200827748
5,1,633694.8152195406,-0.16239999,1.3892289,-0.7707731788494888
5,1,633699.815413431,-0.16239999,1.3888853,-0.7709989370827388
5,1,633704.8156073214,-0.16239999,1.3885798,-0.7712246957069663
5,1,633709.8158012119,-0.16239999,1.3882171,-0.7714504542068602
5,1,633714.8159951023,-0.16239999,1.3879308,-0.7716762163149767
5,1,633719.8161889929,-0.16239999,1.3873008,-0.7719019806138785
5,1,633724.8163828833,-0.16239999,1.3869762,-0.7721277484851292
5,1,633729.8165767738,-0.16239999,1.3866899,-0.7723535125333455
5,1,633734.8167706644,-0.16239999,1.3862127,-0.7725792758514396
5,1,633739.8169645551,-0.16239999,1.385869,-0.772805037924122
5,1,633744.8171584457,-0.16239999,1.3854872,-0.7730307988023198
5,1,633749.8173523364,-0.16239999,1.3851436,-0.7732565579983273
5,1,633754.817546227,-0.16239999,1.3847618,-0.7734823186874137
5,1,633759.8177401177,-0.16239999,1.3842845,-0.7737080789426809
5,1,633764.8179340083,-0.16239999,1.3839982,-0.7739338373072532
5,1,633769.818127899,-0.16239999,1.3836355,-0.7741595933937458
5,1,633774.8183217896,-0.16239999,1.3833683,-0.7743853507713431
5,1,633779.8185156803,-0.16239999,1.3827001,-0.7746111099057855
5,1,633784.8187095709,-0.16239999,1.3824137,-0.7748368688912222
5,1,633789.8189034616,-0.16239999,1.3819746,-0.7750626287449734
5,1,633794.8190973522,-0.16239999,1.381612,-0.7752883904648891
5,1,633799.8192912429,-0.16239999,1.3812683,-0.7755141525317584
5,1,633804.819485133,-0.16239999,1.3807528,-0.7757399165256805
5,1,633809.8196790237,-0.16239999,1.3803519,-0.7759656793020768
5,1,633814.8198729143,-0.16239999,1.3799129,-0.7761914426304105
5,1,633819.820066805,-0.16239999,1.3797411,-0.776417204545994
5,1,633824.8202606956,-0.16239999,1.3792828,-0.7766429664717767
5,1,633829.8204545863,-0.16239999,1.3790156,-0.7768687302845686
5,1,633834.8206484765,-0.16239999,1.3785193,-0.7770944952298786
5,1,633839.8208423667,-0.16239999,1.3779848,-0.7773202607576403
5,1,633844.8210362568,-0.16239999,1.3776984,-0.7775460226049169
5,1,633849.821230147,-0.16239999,1.3772211,-0.7777717832727724
5,1,633854.8214240372,-0.16239999,1.3768775,-0.7779975457255859
5,1,633859.8216179274,-0.16239999,1.376572,-0.7782233089676377
5,1,633864.8218118176,-0.16239999,1.3758848,-0.7784490756089879
5,1,633869.8220057078,-0.16239999,1.3754457,-0.7786748415891347
5,1,633874.822199598,-0.16239999,1.3750639,-0.7789006083504675
5,1,633879.8223934881,-0.16239999,1.3744721,-0.7791263742913506
5,1,633884.8225873783,-0.16239999,1.3742812,-0.7793521416937942
5,1,633889.8227812685,-0.16239999,1.3739567,-0.7795779093913139
5,1,633894.8229751587,-0.16239999,1.3733649,-0.7798036735498203
5,1,633899.8231690489,-0.16239999,1.3729067,-0.7800294379146456
5,1,633904.8233629391,-0.16239999,1.3724104,-0.7802552043677354
5,1,633909.8235568292,-0.16239999,1.3720095,-0.780480970217531
5,1,633914.8237507194,-0.16239999,1.3717232,-0.7807067325148169
5,1,633919.8239446096,-0.16239999,1.3713223,-0.7809324964489954
5,1,633924.8241384998,-0.16239999,1.3707877,-0.7811582617460995
5,1,633929.82433239,-0.16239999,1.3703868,-0.7813840268734454
5,1,633934.8245262802,-0.16239999,1.3698905,-0.7816097941849705
5,1,633939.8247201703,-0.16239999,1.3695469,-0.7818355577851386
5,1,633944.8249140605,-0.16239999,1.3690314,-0.7820613221549384
5,1,633949.8251079507,-0.16239999,1.3684778,-0.7822870845453259
5,1,633954.8253018409,-0.16239999,1.3682296,-0.7825128446481898
5,1,633959.8254957311,-0.16239999,1.3677142,-0.7827386057081082
5,1,633964.8256896213,-0.16239999,1.3672369,-0.7829643658845424
5,1,633969.8258835115,-0.16239999,1.366836,-0.783190128568189
5,1,633974.8260774016,-0.16239999,1.3663206,-0.7834158914252901
5,1,633979.8262712918,-0.16239999,1.3659197,-0.7836416549578616
5,1,633984.826465182,-0.16239999,1.3655379,-0.783867420511673
5,1,633989.8266590722,-0.16239999,1.3651942,-0.7840931861948248
5,1,633994.8268529624,-0.16239999,1.3647361,-0.7843189537958065
5,1,633999.8270468526,-0.16239999,1.3644879,-0.784544721278339
5,1,634004.8272407427,-0.16239999,1.3639534,-0.7847704855765801
5,1,634009.8274346329,-0.16239999,1.3635907,-0.7849962508236212
5,1,634014.8276285231,-0.16239999,1.3631706,-0.7852220160769573
5,1,634019.8278224133,-0.16239999,1.3627125,-0.7854477833333398
5,1,634024.8280163035,-0.16239999,1.3622925,-0.7856735506830498
5,1,634029.8282101937,-0.16239999,1.3617771,-0.7858993170506052
5,1,634034.8284040838,-0.16239999,1.3615098,-0.7861250846889988
5,1,634039.828597974,-0.16239999,1.3609371,-0.7863508527595136
5,1,634044.8287918642,-0.16239999,1.3606317,-0.7865766209266591
5,1,634049.8289857544,-0.16239999,1.3601925,-0.7868023888551717
5,1,634054.8291796446,-0.16239999,1.3597344,-0.7870281561567063
5,1,634059.8293735348,-0.16239999,1.3593717,-0.787253924146504
5,1,634064.829567425,-0.16239999,1.3589708,-0.7874796914771414
5,1,634069.8297613151,-0.16239999,1.358379,-0.787705460139657
5,1,634074.8299552053,-0.16239999,1.3580736,-0.7879312308337911
5,1,634079.8301490955,-0.16239999,1.3576154,-0.7881570006586602
5,1,634084.8303429857,-0.16239999,1.3571572,-0.788382770056886
5,1,634089.8305368759,-0.16239999,1.3568709,-0.7886085395883239
5,1,634094.830730766,-0.16239999,1.3565655,-0.7888343063263629
5,1,634099.8309246562,-0.16239999,1.3558782,-0.7890600744286669
5,1,634104.8311185464,-0.16239999,1.3555155,-0.7892858435570996
5,1,634109.8313124366,-0.16239999,1.3552291,-0.7895116114998685
5,1,634114.8315063268,-0.16239999,1.3548282,-0.7897373783309469
5,1,634119.831700217,-0.16239999,1.3542937,-0.7899631447087263
5,1,634124.8318941072,-0.16239999,1.3538355,-0.7901889118461883
5,1,634129.8320879973,-0.16239999,1.3533964,-0.7904146803855343
5,1,634134.8322818875,-0.16239999,1.3529574,-0.7906404490356439
5,1,634139.8324757777,-0.16239999,1.3526137,-0.7908662164166456
5,1,634144.8326696679,-0.16239999,1.3521365,-0.7910919840300267
5,1,634149.8328635581,-0.16239999,1.3517928,-0.7913177519703907
5,1,634154.8330574483,-0.16239999,1.3513919,-0.7915435211387899
5,1,634159.8332513385,-0.16239999,1.3508383,-0.7917692862622119
5,1,634164.8334452286,-0.16239999,1.3503038,-0.7919950510919774
5,1,634169.8336391188,-0.16239999,1.3500174,-0.7922208135354281
5,1,634174.833833009,-0.16239999,1.3495212,-0.7924465760129245
5,1,634179.8340268992,-0.16239999,1.3491584,-0.7926723379932089
5,1,634184.8342207894,-0.16239999,1.3484138,-0.7928981001168177
5,1,634189.8344146796,-0.16239999,1.348223,-0.7931238630355251
5,1,634194.8346085697,-0.16239999,1.3476694,-0.7933496296683692
5,1,634199.8348024599,-0.16239999,1.3470393,-0.793575395656152
5,1,634204.8349963501,-0.16239999,1.3464476,-0.793801165216677
5,1,634209.8351902403,-0.16239999,1.3461422,-0.7940269345033344
5,1,634214.8353841305,-0.16239999,1.3458749,-0.7942527013701856
5,1,634219.8355780207,-0.16239999,1.3453594,-0.7944784681924376
5,1,634224.8357719108,-0.16239999,1.344863,-0.7947042383325863
5,1,634229.835965801,-0.16239999,1.3445386,-0.7949300083116775
5,1,634234.8361596912,-0.16239999,1.3440995,-0.7951557770059781
5,1,634239.8363535814,-0.16239999,1.3437749,-0.7953815445483055
5,1,634244.8365474716,-0.16239999,1.3433168,-0.7956073130994117
5,1,634249.8367413618,-0.16239999,1.3427249,-0.7958330819599754
5,1,634254.836935252,-0.16239999,1.3424195,-0.7960588483225489
5,1,634259.8371291421,-0.16239999,1.3419423,-0.7962846132500413
5,1,634264.8373230323,-0.16239999,1.3415986,-0.7965103759443778
5,1,634269.8375169225,-0.16239999,1.3412168,-0.7967361364912409
5,1,634274.8377108127,-0.16239999,1.3406823,-0.7969618999993695
5,1,634279.8379047029,-0.16239999,1.3404533,-0.7971876612699463
5,1,634284.838098593,-0.16239999,1.3398997,-0.7974134207740519
5,1,634289.8382924832,-0.16239999,1.3397468,-0.7976391767936483
5,1,634294.8384863734,-0.16239999,1.3391169,-0.7978649361552084
5,1,634299.8386802636,-0.16239999,1.3388114,-0.798090699130108
5,1,634304.8388741538,-0.16239999,1.3384106,-0.7983164592230022
5,1,634309.839068044,-0.16239999,1.3378378,-0.7985422177607873
5,1,634314.8392619342,-0.16239999,1.3373415,-0.7987679798985686
5,1,634319.8394558243,-0.16239999,1.3371124,-0.7989937441045162
5,1,634324.8396497145,-0.16239999,1.3365015,-0.7992195085160417
5,1,634329.8398436047,-0.16239999,1.3362916,-0.7994452732042662
5,1,634334.8400374949,-0.16239999,1.3356615,-0.7996710383602363
5,1,634339.8402313851,-0.16239999,1.3352034,-0.7998968027494392
5,1,634344.8404252753,-0.16239999,1.3346307,-0.800122567184627
5,1,634349.8406191655,-0.16239999,1.3343635,-0.8003483266922782
5,1,634354.8408130556,-0.16239999,1.3336762,-0.8005740841728606
5,1,634359.8410069458,-0.16239999,1.3332561,-0.8007998444041303
5,1,634364.841200836,-0.16239999,1.3328362,-0.8010256056839352
5,1,634369.8413947262,-0.16239999,1.3324544,-0.8012513671458289
5,1,634374.8415886164,-0.16239999,1.3320917,-0.8014771289661758
5,1,634379.8417825066,-0.16239999,1.3315762,-0.801702889443102
5,1,634384.8419763967,-0.16239999,1.3310798,-0.8019286492664938
5,1,634389.8421702869,-0.16239999,1.3305262,-0.8021544089911331
5,1,634394.8423641771,-0.16239999,1.3300108,-0.8023801693936685
5,1,634399.8425580673,-0.16239999,1.3297435,-0.8026059301673844
5,1,634404.8427519575,-0.16239999,1.3290945,-0.8028316899387181
5,1,634409.8429458477,-0.16239999,1.3285217,-0.8030574489083016
5,1,634414.8431397378,-0.16239999,1.32814,-0.803283207594426
5,1,634419.843333628,-0.16239999,1.3276627,-0.803508966394411
5,1,634424.8435275182,-0.16239999,1.3271091,-0.8037347256345507
5,1,634429.8437214084,-0.16239999,1.32667,-0.8039604850021153
5,1,634434.8439152986,-0.16239999,1.3260019,-0.8041862459828083
5,1,634439.8441091888,-0.16239999,1.3254292,-0.8044120120049457
5,1,634444.844303079,-0.16239999,1.3250855,-0.8046377760339966
5,1,634449.8444969691,-0.16239999,1.3246655,-0.8048635402336409
5,1,634454.8446908593,-0.16239999,1.3243219,-0.8050893054557624
5,1,634459.8448847495,-0.16239999,1.3240165,-0.8053150699158435
5,1,634464.8450786397,-0.16239999,1.3233483,-0.8055408325231
5,1,634469.8452725299,-0.16239999,1.3229092,-0.8057665946829144
5,1,634474.84546642,-0.16239999,1.3224702,-0.8059923579118516
5,1,634479.8456603102,-0.16239999,1.3219357,-0.8062181200128802
5,1,634484.8458542004,-0.16239999,1.3214966,-0.8064438806262662
5,1,634489.8460480906,-0.16239999,1.3211529,-0.806669642213405
5,1,634494.8462419808,-0.16239999,1.3205421,-0.8068954041228493
5,1,634499.846435871,-0.16239999,1.3201029,-0.8071211659905299
5,1,634504.8466297612,-0.16239999,1.3197403,-0.807346928698779
5,1,634509.8468236513,-0.16239999,1.3190912,-0.8075726881400421
5,1,634514.8470175415,-0.16239999,1.3184421,-0.8077984479415193
5,1,634519.8472114317,-0.16239999,1.3180794,-0.808024206912448
5,1,634524.8474053219,-0.16239999,1.3176403,-0.8082499680283376
5,1,634529.8475992121,-0.16239999,1.3172776,-0.8084757288537215
5,1,634534.8477931023,-0.16239999,1.3168766,-0.8087014921188511
5,1,634539.8479869924,-0.16239999,1.316323,-0.8089272591349399
5,1,634544.8481808826,-0.16239999,1.3158077,-0.8091530252635785
5,1,634549.8483747728,-0.16239999,1.3153495,-0.8093787881886412
5,1,634554.848568663,-0.16239999,1.3149104,-0.8096045535287384
5,1,634559.8487625532,-0.16239999,1.3144523,-0.8098303167375921
5,1,634564.8489564434,-0.16239999,1.3138413,-0.8100560806261358
5,1,634569.8491503336,-0.16239999,1.3134023,-0.8102818439159731
5,1,634574.8493442237,-0.16239999,1.3129632,-0.8105076047204789
5,1,634579.8495381139,-0.16239999,1.3123904,-0.8107333631792993
5,1,634584.8497320041,-0.16239999,1.3117605,-0.8109591228742655
5,1,634589.8499258943,-0.16239999,1.3112069,-0.8111848823919319
5,1,634594.8501197845,-0.16239999,1.3106915,-0.8114106441185414
5,1,634599.8503136747,-0.16239999,1.3103287,-0.8116364058408461
5,1,634604.8505075648,-0.16239999,1.3099087,-0.8118621664903268
5,1,634609.850701455,-0.16239999,1.3094888,-0.8120879281946352
5,1,634614.8508953452,-0.16239999,1.3088588,-0.8123136872210103
5,1,634619.8510892354,-0.16239999,1.3083433,-0.8125394459562953
5,1,634624.8512831256,-0.16239999,1.3078661,-0.8127652066429926
5,1,634629.8514770158,-0.16239999,1.307217,-0.8129909657887682
5,1,634634.851670906,-0.16239999,1.3067589,-0.8132167226784186
5,1,634639.8518647961,-0.16239999,1.3062243,-0.81344248214155
5,1,634644.8520586863,-0.16239999,1.3056517,-0.8136682415193118
5,1,634649.8522525765,-0.16239999,1.3052889,-0.8138940010106346
5,1,634654.8524464667,-0.16239999,1.3047734,-0.8141197598708625
5,1,634659.8526403569,-0.16239999,1.3043535,-0.8143455210168424
5,1,634664.852834247,-0.16239999,1.3036662,-0.8145712794353966
5,1,634669.8530281372,-0.16239999,1.3032653,-0.8147970366572543
5,1,634674.8532220274,-0.16239999,1.3028072,-0.8150227966387608
5,1,634679.8534159176,-0.16239999,1.3022344,-0.8152485546854259
5,1,634684.8536098078,-0.16239999,1.3016999,-0.8154743153715205
5,1,634689.853803698,-0.16239999,1.3011653,-0.8157000782431734
5,1,634694.8539975882,-0.16239999,1.3007263,-0.8159258397278402
5,1,634699.8541914783,-0.16239999,1.3003827,-0.8161516008653944
5,1,634704.8543853685,-0.16239999,1.2996955,-0.816377362202899
5,1,634709.8545792587,-0.16239999,1.299161,-0.8166031225233091
5,1,634714.8547731489,-0.16239999,1.2987791,-0.8168288826650254
5,1,634719.8549670391,-0.16239999,1.2980919,-0.8170546454201851
5,1,634724.8551609293,-0.16239999,1.2976527,-0.8172804100963884
5,1,634729.8553548194,-0.16239999,1.2972137,-0.8175061743379853
5,1,634734.8555487096,-0.16239999,1.2968701,-0.8177319377043095
5,1,634739.8557425998,-0.16239999,1.2963737,-0.8179577025846132
5,1,634744.85593649,-0.16239999,1.2958392,-0.818183466661746
5,1,634749.8561303802,-0.16239999,1.2953047,-0.8184092320962099
5,1,634754.8563242704,-0.16239999,1.2949038,-0.8186349999540445
5,1,634759.8565181606,-0.16239999,1.2945793,-0.8188607672164694
5,1,634764.8567120507,-0.16239999,1.2937965,-0.8190865350825453
5,1,634769.8569059409,-0.16239999,1.2933384,-0.8193123019500629
5,1,634774.8570998311,-0.16239999,1.2928802,-0.81953806646777
5,1,634779.8572937213,-0.16239999,1.2922503,-0.8197638277966635
5,1,634784.8574876115,-0.16239999,1.2917539,-0.8199895910642692
5,1,634789.8576815017,-0.16239999,1.2913339,-0.8202153533874244
5,1,634794.8578753918,-0.16239999,1.2907803,-0.8204411150658063
5,1,634799.858069282,-0.16239999,1.2903221,-0.8206668763812117
5,1,634804.8582631722,-0.16239999,1.2898258,-0.8208926398702876
5,1,634809.8584570624,-0.16239999,1.2893485,-0.8211184001089251
5,1,634814.8586509526,-0.16239999,1.2888904,-0.821344158826481
5,1,634819.8588448428,-0.16239999,1.2883368,-0.8215699209348203
5,1,634824.859038733,-0.16239999,1.2878976,-0.8217956825673729
5,1,634829.8592326231,-0.16239999,1.287344,-0.8220214456687346
5,1,634834.8594265133,-0.16239999,1.2867522,-0.8222472068727356
5,1,634839.8596204035,-0.16239999,1.2863513,-0.8224729678070387
5,1,634844.8598142937,-0.16239999,1.2857404,-0.8226987311418205
5,1,634849.8600081839,-0.16239999,1.2852823,-0.8229244935113489
5,1,634854.860202074,-0.16239999,1.2847477,-0.8231502551484264
5,1,634859.8603959642,-0.16239999,1.2843468,-0.8233760142718942
5,1,634864.8605898544,-0.16239999,1.2836977,-0.8236017713847831
5,1,634869.8607837446,-0.16239999,1.2835641,-0.8238275258924647
5,1,634874.8609776348,-0.16239999,1.2828196,-0.8240532808545025
5,1,634879.861171525,-0.16239999,1.2825333,-0.8242790363475664
5,1,634884.8613654152,-0.16239999,1.2821515,-0.8245047907344326
5,1,634889.8615593053,-0.16239999,1.2815405,-0.8247305454281759
5,1,634894.8617531955,-0.16239999,1.2811015,-0.8249562998912732
5,1,634899.8619470857,-0.16239999,1.2806243,-0.8251820558000952
5,1,634904.8621409759,-0.16239999,1.2801279,-0.8254078109301917
5,1,634909.8623348661,-0.16239999,1.2796315,-0.825633567902743
5,1,634914.8625287563,-0.16239999,1.2790397,-0.8258593253940452
5,1,634919.8627226464,-0.16239999,1.2784861,-0.8260850839057449
5,1,634924.8629165366,-0.16239999,1.2781234,-0.8263108422805865
5,1,634929.8631104268,-0.16239999,1.2775698,-0.8265365996125588
5,1,634934.863304317,-0.16239999,1.277188,-0.8267623549336293
5,1,634939.8634982072,-0.16239999,1.2764816,-0.826988108650589
5,1,634944.8636920974,-0.16239999,1.2761189,-0.8272138682981364
5,1,634949.8638859876,-0.16239999,1.2756226,-0.8274396291956999
5,1,634954.8640798777,-0.16239999,1.2751071,-0.8276653915393781
5,1,634959.8642737679,-0.16239999,1.2744008,-0.8278911515540628
5,1,634964.8644676581,-0.16239999,1.2741336,-0.8281169113205189
5,1,634969.8646615483,-0.16239999,1.2736372,-0.8283426712400298
5,1,634974.8648554385,-0.16239999,1.2730454,-0.8285684278233264
5,1,634979.8650493287,-0.16239999,1.2725109,-0.8287941847163759
5,1,634984.8652432188,-0.16239999,1.2719573,-0.8290199412439976
5,1,634989.865437109,-0.16239999,1.27148,-0.8292456990243466
5,1,634994.8656309992,-0.16239999,1.2710409,-0.8294714574899835
5,1,634999.8658248894,-0.16239999,1.2702963,-0.8296972179290508
5,1,635004.8660187796,-0.16239999,1.2698573,-0.8299229794051263
5,1,635009.8662126698,-0.16239999,1.2691319,-0.830148741338395
5,1,635014.86640656,-0.16239999,1.2688073,-0.8303745055563148
5,1,635019.8666004501,-0.16239999,1.2681965,-0.8306002718555467
5,1,635024.8667943403,-0.16239999,1.2679101,-0.8308260373526658
5,1,635029.8669882305,-0.16239999,1.2671846,-0.8310518034325146
5,1,635034.8671821207,-0.16239999,1.2667456,-0.8312775677594513
5,1,635039.8673760113,-0.16239999,1.2660583,-0.8315033314116427
5,1,635044.867569902,-0.16239999,1.2654856,-0.8317290933845121
5,1,635049.8677637926,-0.16239999,1.2650083,-0.8319548592172674
5,1,635054.8679576833,-0.16239999,1.2644356,-0.8321806255886136
5,1,635059.8681515739,-0.16239999,1.2638439,-0.8324063898196381
5,1,635064.8683454646,-0.16239999,1.2632711,-0.8326321539808466
5,1,635069.8685393552,-0.16239999,1.2629275,-0.8328579159699682
5,1,635074.8687332459,-0.16239999,1.2622594,-0.8330836762302529
5,1,635079.8689271365,-0.16239999,1.261553,-0.8333094339775049
5,1,635084.8691210272,-0.16239999,1.2611903,-0.8335351943704912
5,1,635089.8693149178,-0.16239999,1.2606939,-0.8337609538248499
5,1,635094.8695088085,-0.16239999,1.2601594,-0.8339867122300146
5,1,635099.8697026991,-0.16239999,1.259453,-0.8342124692032705
5,1,635104.8698965898,-0.16239999,1.2590522,-0.8344382265116352
5,1,635109.8700904804,-0.16239999,1.2584795,-0.8346639851844008
5,1,635114.8702843711,-0.16239999,1.2580404,-0.83488974581703
5,1,635119.8704782617,-0.16239999,1.2574104,-0.8351155078467979
5,1,635124.8706721524,-0.16239999,1.2568377,-0.8353412717378474
5,1,635129.870866043,-0.16239999,1.2561886,-0.8355670315551695
5,1,635134.8710599337,-0.16239999,1.2558068,-0.8357927930415657
5,1,635139.8712538241,-0.16239999,1.255215,-0.8360185533156771
5,1,635144.8714477145,-0.16239999,1.2548906,-0.8362443133820291
5,1,635149.8716416049,-0.16239999,1.254356,-0.8364700738949804
5,1,635154.8718354953,-0.16239999,1.2538978,-0.8366958361664691
5,1,635159.8720293858,-0.16239999,1.2535924,-0.8369215987953457
5,1,635164.8722232762,-0.16239999,1.2531533,-0.8371473599077749
5,1,635169.8724171666,-0.16239999,1.2525615,-0.8373731225299782
5,1,635174.872611057,-0.16239999,1.2521033,-0.8375988849022824
5,1,635179.8728049474,-0.16239999,1.2518933,-0.8378246484521873
5,1,635184.8729988378,-0.16239999,1.2511488,-0.8380504112148216
5,1,635189.8731927284,-0.16239999,1.2507479,-0.8382761707770582
5,1,635194.8733866184,-0.16239999,1.2502515,-0.8385019318834417
5,1,635199.873580509,-0.16239999,1.2496407,-0.8387276919183547
5,1,635204.8737743995,-0.16239999,1.2489916,-0.8389534495998388
5,1,635209.87396829,-0.16239999,1.2488198,-0.8391792099745579
5,1,635214.8741621806,-0.16239999,1.2482853,-0.8394049701766934
5,1,635219.8743560711,-0.16239999,1.2477698,-0.839630730671534
5,1,635224.8745499616,-0.16239999,1.2472734,-0.839856491139262
5,1,635229.8747438522,-0.16239999,1.246758,-0.8400822532395033
5,1,635234.8749377427,-0.16239999,1.246338,-0.840308012125569
5,1,635239.8751316332,-0.16239999,1.2457844,-0.8405337701712805
5,1,635244.8753255238,-0.16239999,1.2453835,-0.8407595281578658
5,1,635249.8755194142,-0.16239999,1.2447536,-0.840985288494543
5,1,635254.8757133048,-0.16239999,1.2442,-0.8412110529156782
5,1,635259.8759071953,-0.16239999,1.2436272,-0.8414368174602869
5,1,635264.8761010858,-0.16239999,1.2431881,-0.8416625810466499
5,1,635269.8762949763,-0.16239999,1.2426727,-0.8418883451650705
5,1,635274.8764888671,-0.16239999,1.2422146,-0.8421141107513747
5,1,635279.8766827576,-0.16239999,1.2417372,-0.8423398736400124
5,1,635284.8768766482,-0.16239999,1.2411264,-0.8425656340417613
5,1,635289.8770705387,-0.16239999,1.2405919,-0.8427913957022163
5,1,635294.8772644291,-0.16239999,1.240191,-0.8430171572915928
5,1,635299.8774583195,-0.16239999,1.239561,-0.8432429207470218
5,1,635304.87765221,-0.16239999,1.2391028,-0.8434686861670481
5,1,635309.8778461001,-0.16239999,1.2385683,-0.8436944503046779
5,1,635314.8780399906,-0.16239999,1.2380719,-0.8439202156712844
5,1,635319.878233881,-0.16239999,1.2376901,-0.8441459793089753
5,1,635324.8784277714,-0.16239999,1.2371557,-0.8443717439912185
5,1,635329.8786216618,-0.16239999,1.2365829,-0.8445975099047853
5,1,635334.8788155522,-0.16239999,1.2361057,-0.8448232732170224
5,1,635339.8790094429,-0.16239999,1.2356474,-0.8450490368068839
5,1,635344.8792033335,-0.16239999,1.2349793,-0.8452748014621146
5,1,635349.8793972242,-0.16239999,1.2345593,-0.8455005647735951
5,1,635354.8795911148,-0.16239999,1.2339103,-0.8457263270467429
5,1,635359.879785005,-0.16239999,1.2333184,-0.8459520940632091
5,1,635364.8799788957,-0.16239999,1.2327839,-0.8461778607626094
5,1,635369.8801727863,-0.16239999,1.2322494,-0.8464036266230991
5,1,635374.880366677,-0.16239999,1.2317722,-0.8466293937542423
5,1,635379.8805605676,-0.16239999,1.2313522,-0.84685516117931
5,1,635384.8807544583,-0.16239999,1.2308749,-0.8470809251330181
5,1,635389.8809483489,-0.16239999,1.230474,-0.8473066885841581
5,1,635394.8811422396,-0.16239999,1.2299013,-0.8475324505782618
5,1,635399.8813361302,-0.16239999,1.2290995,-0.8477582119221589
5,1,635404.8815300209,-0.16239999,1.2286605,-0.847983975345033
5,1,635409.8817239115,-0.16239999,1.2283359,-0.8482097398326472
5,1,635414.8819178022,-0.16239999,1.227725,-0.8484355051769251
5,1,635419.8821116928,-0.16239999,1.2273813,-0.848661269686497
5,1,635424.8823055835,-0.16239999,1.2267324,-0.8488870318062803
5,1,635429.8824994741,-0.16239999,1.226255,-0.8491127949297653
5,1,635434.8826933648,-0.16239999,1.2256441,-0.8493385600005167
5,1,635439.8828872554,-0.16239999,1.225396,-0.8495643255733171
5,1,635444.8830811456,-0.16239999,1.224766,-0.8497900879994418
5,1,635449.8832750358,-0.16239999,1.2243651,-0.8500158513845248
5,1,635454.883468926,-0.16239999,1.2238687,-0.8502416160688502
5,1,635459.8836628161,-0.16239999,1.223296,-0.8504673835353307
5,1,635464.8838567063,-0.16239999,1.2227234,-0.8506931486601955
5,1,635469.8840505965,-0.16239999,1.2223606,-0.8509189111969778
5,1,635474.8842444867,-0.16239999,1.2217115,-0.8511446735654863
5,1,635479.8844383769,-0.16239999,1.2212343,-0.8513704356334434
5,1,635484.884632267,-0.16239999,1.2206998,-0.8515961969291486
5,1,635489.8848261572,-0.16239999,1.2202417,-0.851821959090256
5,1,635494.8850200474,-0.16239999,1.2195926,-0.8520477201750213
5,1,635499.8852139376,-0.16239999,1.2188863,-0.8522734814200692
5,1,635504.8854078278,-0.16239999,1.218409,-0.8524992390683063
5,1,635509.885601718,-0.16239999,1.2179317,-0.8527249978011318
5,1,635514.8857956082,-0.16239999,1.2173399,-0.8529507569688178
5,1,635519.8859894983,-0.16239999,1.2168435,-0.8531765168479897
5,1,635524.8861833885,-0.16239999,1.2164809,-0.8534022770021011
5,1,635529.8863772787,-0.16239999,1.2159082,-0.8536280361676183
5,1,635534.8865711689,-0.16239999,1.2155263,-0.8538537933502048
5,1,635539.8867650591,-0.16239999,1.2149727,-0.8540795485655848
5,1,635544.8869589493,-0.16239999,1.2143046,-0.85430530444892
5,1,635549.8871528395,-0.16239999,1.2136936,-0.8545310594599844
5,1,635554.8873467296,-0.16239999,1.2133118,-0.8547568159759932
5,1,635559.8875406198,-0.16239999,1.2128155,-0.8549825743751411
5,1,635564.88773451,-0.16239999,1.2121855,-0.8552083345500886
5,1,635569.8879284002,-0.16239999,1.2116891,-0.8554340928501223
5,1,635574.8881222904,-0.16239999,1.2110783,-0.8556598471203853
5,1,635579.8883161806,-0.16239999,1.2105628,-0.8558856009342539
5,1,635584.8885100707,-0.16239999,1.2100283,-0.856111352125134
5,1,635589.8887039609,-0.16239999,1.2096465,-0.8563371019579852
5,1,635594.8888978511,-0.16239999,1.2089975,-0.8565628525143614
5,1,635599.8890917413,-0.16239999,1.2083484,-0.8567886061784973
5,1,635604.8892856315,-0.16239999,1.2077948,-0.8570143585769328
5,1,635609.8894795217,-0.16239999,1.2073748,-0.8572401109304371
5,1,635614.8896734118,-0.16239999,1.2070884,-0.857465864706393
5,1,635619.889867302,-0.16239999,1.2064202,-0.8576916173773682
5,1,635624.8900611922,-0.16239999,1.2060002,-0.8579173691230029
5,1,635629.8902550824,-0.16239999,1.205523,-0.858143122533747
5,1,635634.8904489726,-0.16239999,1.2048167,-0.8583688742571616
5,1,635639.8906428628,-0.16239999,1.2040721,-0.8585946265356079
5,1,635644.890836753,-0.16239999,1.2037858,-0.8588203763808006
5,1,635649.8910306431,-0.16239999,1.2033467,-0.8590461259124926
5,1,635654.8912245333,-0.16239999,1.2028122,-0.8592718754820238
5,1,635659.8914184235,-0.16239999,1.2022395,-0.8594976267851038
5,1,635664.8916123137,-0.16239999,1.2015713,-0.859723378537828
5,1,635669.8918062039,-0.16239999,1.2011704,-0.8599491334319025
5,1,635674.892000094,-0.16239999,1.2006931,-0.8601748898643911
5,1,635679.8921939842,-0.16239999,1.2001395,-0.8604006461762647
5,1,635681.6233918604,-0.16239999,1.1999868,-0.8604788098098802
5,1,635681.6235918604,-0.16239999,1.2001777,-0.8604788188367545
5,2,635681.6243918603,0.16239999,1.22466,1.790478246079551e-08
5,2,635686.6245857505,0.16239999,1.3225847,0.0002254143694506751
5,2,635691.624779641,0.16239999,1.3488339,0.00045081091010322174
5,2,635696.6249735316,0.16239999,1.369566,0.0006762082958088981
5,2,635701.6251674221,0.16239999,1.3874154,0.0009016066626492474
5,2,635706.6253613126,0.16239999,1.4031649,0.0011270023133854072
5,2,635711.6255552031,0.16239999,1.4178262,0.0013523962467304536
5,2,635716.6257490937,0.16239999,1.4312276,0.001577786790897449
5,2,635721.6259429841,0.16239999,1.4436363,0.001803178647240003
5,2,635726.6261368747,0.16239999,1.4556249,0.0020285726735269033
5,2,635731.6263307652,0.16239999,1.4672319,0.002253965569067333
5,2,635736.6265246557,0.16239999,1.4780179,0.0024793608265039
5,2,635741.6267185463,0.16239999,1.4884603,0.0027047542630260196
5,2,635746.6269124368,0.16239999,1.4984255,0.002930148614162373
5,2,635751.6271063273,0.16239999,1.5082188,0.003155542545057006
5,2,635756.6273002177,0.16239999,1.5176876,0.003380937361888588
5,2,635761.6274941082,0.16239999,1.5269654,0.0036063334545857386
5,2,635766.6276879988,0.16239999,1.535976,0.00383172848263383
5,2,635771.6278818892,0.16239999,1.5446812,0.0040571221813112505
5,2,635776.6280757796,0.16239999,1.5532146,0.004282513179540635
5,2,635781.6282696701,0.16239999,1.5615952,0.004507903422018721
5,2,635786.6284635605,0.16239999,1.5696131,0.004733293842026758
5,2,635791.6286574509,0.16239999,1.577822,0.004958682641552555
5,2,635796.6288513413,0.16239999,1.5855345,0.005184072903221681
5,2,635801.6290452317,0.16239999,1.5933424,0.00540946482770145
5,2,635806.6292391224,0.16239999,1.601093,0.005634853828166095
5,2,635811.629433013,0.16239999,1.6085383,0.0058602438017088514
5,2,635816.6296269037,0.16239999,1.6156781,0.006085632847512763
5,2,635821.6298207943,0.16239999,1.6229514,0.006311023469669952
5,2,635826.630014685,0.16239999,1.6299576,0.006536414827065336
5,2,635831.6302085756,0.16239999,1.637021,0.0067618054481537815
5,2,635836.6304024663,0.16239999,1.6439699,0.0069871966080715265
5,2,635841.6305963569,0.16239999,1.6505942,0.007212587582250437
5,2,635846.6307902476,0.16239999,1.6575812,0.007437974781711069
5,2,635851.6309841378,0.16239999,1.664091,0.007663364045778083
5,2,635856.6311780284,0.16239999,1.6706008,0.00788875323027952
5,2,635861.6313719191,0.16239999,1.6771679,0.00811414197215438
5,2,635866.6315658097,0.16239999,1.6834676,0.008339533768752384
5,2,635871.6317597004,0.16239999,1.6899202,0.00856492400758962
5,2,635876.631953591,0.16239999,1.6959528,0.008790313452807567
5,2,635881.6321474817,0.16239999,1.702138,0.009015700936492947
5,2,635886.6323413723,0.16239999,1.708266,0.00924109069631166
5,2,635891.632535263,0.16239999,1.7140695,0.009466480714385708
5,2,635896.6327291536,0.16239999,1.7200638,0.009691871274928252
5,2,635901.6329230443,0.16239999,1.7260009,0.009917260077013738
5,2,635906.6331169344,0.16239999,1.7319571,0.010142650869052444
5,2,635911.6333108246,0.16239999,1.7377032,0.010368041310751605
5,2,635916.6335047148,0.16239999,1.7434685,0.010593430310936439
5,2,635921.633698605,0.16239999,1.7489855,0.010818820214065415
5,2,635926.6338924952,0.16239999,1.7548845,0.011044210551981298
5,2,635931.6340863854,0.16239999,1.7604207,0.011269600217724841
5,2,635936.6342802756,0.16239999,1.7659569,0.011494991775343816
5,2,635941.6344741657,0.16239999,1.7714167,0.011720382231145271
5,2,635946.6346680559,0.16239999,1.7769147,0.011945773583354222
5,2,635951.6348619461,0.16239999,1.7820882,0.012171169829636813
5,2,635956.6350558363,0.16239999,1.787319,0.012396566436145041
5,2,635961.6352497265,0.16239999,1.7925879,0.012621961853437955
5,2,635966.6354436167,0.16239999,1.7978185,0.012847356171627841
5,2,635971.6356375068,0.16239999,1.8028966,0.013072749564266042
5,2,635976.635831397,0.16239999,1.8081656,0.01329814548857593
5,2,635981.6360252872,0.16239999,1.8131863,0.013523541689267591
5,2,635986.6362191774,0.16239999,1.8181497,0.013748936509742507
5,2,635991.6364130676,0.16239999,1.8230177,0.01397433189903117
5,2,635996.6366069578,0.16239999,1.828134,0.014199727031558753
5,2,636001.636800848,0.16239999,1.8328874,0.014425123282131223
5,2,636006.6369947381,0.16239999,1.8376601,0.014650518332201575
5,2,636011.6371886283,0.16239999,1.842318,0.014875912136392461
5,2,636016.6373825185,0.16239999,1.8471287,0.015101305330214402
5,2,636021.6375764087,0.16239999,1.8516723,0.015326699542751744
5,2,636026.6377702989,0.16239999,1.856273,0.015552094534783728
5,2,636031.637964189,0.16239999,1.8607974,0.015777486299394735
5,2,636036.6381580792,0.16239999,1.8654555,0.016002878688989416
5,2,636041.6383519694,0.16239999,1.8699226,0.016228271002246275
5,2,636046.6385458596,0.16239999,1.8742561,0.016453662677326966
5,2,636051.6387397498,0.16239999,1.8784941,0.01667905498763174
5,2,636056.63893364,0.16239999,1.8827131,0.016904445933866006
5,2,636061.6391275302,0.16239999,1.8871993,0.0171298365822153
5,2,636066.6393214203,0.16239999,1.8913991,0.01735522795555741
5,2,636071.6395153105,0.16239999,1.8955418,0.017580615511361926
5,2,636076.6397092007,0.16239999,1.899589,0.017806003648170168
5,2,636081.6399030909,0.16239999,1.9038843,0.01803139041627695
5,2,636086.6400969811,0.16239999,1.9077978,0.018256775487499103
5,2,636091.6402908713,0.16239999,1.9117495,0.01848215864804635
5,2,636096.6404847614,0.16239999,1.915663,0.018707543704643014
5,2,636101.6406786516,0.16239999,1.9197292,0.018932928287925817
5,2,636106.6408725418,0.16239999,1.9235854,0.01915831148775584
5,2,636111.641066432,0.16239999,1.9273462,0.019383699527962338
5,2,636116.6412603222,0.16239999,1.9309543,0.019609086108265648
5,2,636121.6414542124,0.16239999,1.9347533,0.019834473966970207
5,2,636126.6416481026,0.16239999,1.9385713,0.020059862379778585
5,2,636131.6418419927,0.16239999,1.9422176,0.020285251683533186
5,2,636136.6420358829,0.16239999,1.9458257,0.020510641226054886
5,2,636141.6422297731,0.16239999,1.9492238,0.02073603243652979
5,2,636146.6424236633,0.16239999,1.9528127,0.020961421354954435
5,2,636151.6426175535,0.16239999,1.9562107,0.021186811387381613
5,2,636156.6428114437,0.16239999,1.9595516,0.02141219921028779
5,2,636161.6430053338,0.16239999,1.9628351,0.02163758720664183
5,2,636166.643199224,0.16239999,1.9662714,0.021862973562536137
5,2,636171.6433931142,0.16239999,1.9694022,0.022088362629593242
5,2,636176.6435870044,0.16239999,1.9727429,0.022313751609558858
5,2,636181.6437808946,0.16239999,1.9757019,0.022539140749539763
5,2,636186.6439747848,0.16239999,1.9790809,0.02276452868826687
5,2,636191.644168675,0.16239999,1.9820018,0.022989919300507335
5,2,636196.6443625651,0.16239999,1.9849799,0.023215311129652787
5,2,636201.6445564553,0.16239999,1.987958,0.02344070025553554
5,2,636206.6447503455,0.16239999,1.9909551,0.023666090367463723
5,2,636211.6449442357,0.16239999,1.9939904,0.023891481781880056
5,2,636216.6451381259,0.16239999,1.9968349,0.024116872601126625
5,2,636221.645332016,0.16239999,1.9996603,0.02434226465945442
5,2,636226.6455259062,0.16239999,2.0024667,0.02456765850151247
5,2,636231.6457197964,0.16239999,2.0052156,0.024793049592780565
5,2,636236.6459136866,0.16239999,2.0079646,0.0250184407519814
5,2,636241.6461075768,0.16239999,2.0107327,0.025243832048151223
5,2,636246.646301467,0.16239999,2.0134244,0.025469223808125486
5,2,636251.6464953572,0.16239999,2.0159445,0.025694616249669754
5,2,636256.6466892473,0.16239999,2.0185025,0.025920007349076367
5,2,636261.6468831375,0.16239999,2.0210795,0.02614539955100665
5,2,636266.6470770277,0.16239999,2.0236568,0.02637079023832993
5,2,636271.6472709179,0.16239999,2.0259476,0.026596181389400526
5,2,636276.6474648081,0.16239999,2.0285249,0.026821572289317017
5,2,636281.6476586983,0.16239999,2.0309112,0.027046960113738146
5,2,636286.6478525884,0.16239999,2.0332975,0.027272347600555254
5,2,636291.6480464786,0.16239999,2.03555,0.02749773346579075
5,2,636296.6482403688,0.16239999,2.0378218,0.027723116013165152
5,2,636301.648434259,0.16239999,2.039998,0.0279484989695251
5,2,636306.6486281492,0.16239999,2.0423653,0.028173885585187214
5,2,636311.6488220394,0.16239999,2.0445607,0.02839927516354207
5,2,636316.6490159295,0.16239999,2.0466225,0.028624664832082064
5,2,636321.6492098197,0.16239999,2.0488942,0.028850054943684908
5,2,636326.6494037099,0.16239999,2.050784,0.029075444889219277
5,2,636331.6495976001,0.16239999,2.053075,0.029300832169064223
5,2,636336.6497914903,0.16239999,2.0550032,0.029526218645728304
5,2,636341.6499853805,0.16239999,2.0571222,0.02975160752135433
5,2,636346.6501792707,0.16239999,2.0591075,0.0299769979874558
5,2,636351.6503731608,0.16239999,2.061131,0.030202387952153888
5,2,636356.650567051,0.16239999,2.0630019,0.030427776849280636
5,2,636361.6507609412,0.16239999,2.0648155,0.03065316682290783
5,2,636366.6509548314,0.16239999,2.0668964,0.030878555496821808
5,2,636371.6511487216,0.16239999,2.0684617,0.03110394496321679
5,2,636376.6513426118,0.16239999,2.0704281,0.031329335978401214
5,2,636381.651536502,0.16239999,2.0721843,0.031554725685175936
5,2,636386.6517303921,0.16239999,2.0742462,0.03178011349601797
5,2,636391.6519242823,0.16239999,2.075907,0.032005504500162284
5,2,636396.6521181725,0.16239999,2.0775487,0.032230896593253656
5,2,636401.6523120627,0.16239999,2.0792668,0.03245628998180563
5,2,636406.6525059529,0.16239999,2.080947,0.03268168123167258
5,2,636411.652699843,0.16239999,2.0826077,0.03290707208415205
5,2,636416.6528937332,0.16239999,2.0843067,0.0331324632375704
5,2,636421.6530876234,0.16239999,2.0859675,0.03335785099963514
5,2,636426.6532815136,0.16239999,2.0874758,0.033583226628882204
5,2,636431.6534754038,0.16239999,2.089022,0.03380860385893784
5,2,636436.653669294,0.16239999,2.0907784,0.03403398161083213
5,2,636441.6538631842,0.16239999,2.092191,0.03425936059719988
5,2,636446.6540570743,0.16239999,2.0937946,0.03448474176391713
5,2,636451.6542509645,0.16239999,2.095322,0.03471012217877145
5,2,636456.6544448547,0.16239999,2.0967917,0.03493550075933505
5,2,636461.6546387449,0.16239999,2.0981662,0.035160880291691274
5,2,636466.6548326351,0.16239999,2.099598,0.03538627215221609
5,2,636471.6550265253,0.16239999,2.1011252,0.035611663555659374
5,2,636476.6552204154,0.16239999,2.1024616,0.0358370534704543
5,2,636481.6554143056,0.16239999,2.103836,0.036062445268375196
5,2,636486.6556081958,0.16239999,2.1051342,0.03628783701575963
5,2,636491.655802086,0.16239999,2.1067188,0.03651323068869613
5,2,636496.6559959762,0.16239999,2.108055,0.036738623473815644
5,2,636501.6561898664,0.16239999,2.1092768,0.03696401521723637
5,2,636506.6563837565,0.16239999,2.1105368,0.03718940999516019
5,2,636511.6565776467,0.16239999,2.1118922,0.03741480341824312
5,2,636516.6567715369,0.16239999,2.1131139,0.03764019719587434
5,2,636521.6569654271,0.16239999,2.1145458,0.037865590001162575
5,2,636526.6571593173,0.16239999,2.1158438,0.03809097937746513
5,2,636531.6573532075,0.16239999,2.1170084,0.03831636788572621
5,2,636536.6575470977,0.16239999,2.118192,0.03854175511073985
5,2,636541.6577409878,0.16239999,2.119452,0.03876714195706449
5,2,636546.657934878,0.16239999,2.1207118,0.03899252840642467
5,2,636551.6581287682,0.16239999,2.1218,0.03921791578781109
5,2,636556.6583226584,0.16239999,2.123079,0.03944330349475891
5,2,636561.6585165486,0.16239999,2.1242628,0.039668691953180575
5,2,636566.6587104388,0.16239999,2.125389,0.039894079003308394
5,2,636571.658904329,0.16239999,2.1264963,0.04011946556588181
5,2,636576.6590982191,0.16239999,2.1276035,0.040344853214764775
5,2,636581.6592921093,0.16239999,2.1286726,0.040570241298816284
5,2,636586.6594859995,0.16239999,2.1297607,0.04079563004076317
5,2,636591.6596798897,0.16239999,2.1309824,0.041021016456510476
5,2,636596.6598737799,0.16239999,2.1318798,0.04124640040812643
5,2,636601.66006767,0.16239999,2.1330442,0.041471783528260905
5,2,636606.6602615602,0.16239999,2.1340942,0.04169716730649109
5,2,636611.6604554504,0.16239999,2.1351824,0.0419225537519331
5,2,636616.6606493406,0.16239999,2.1362133,0.04214794193323373
5,2,636621.6608432308,0.16239999,2.1373014,0.04237332766542586
5,2,636626.661037121,0.16239999,2.1382558,0.04259871444849341
5,2,636631.6612310112,0.16239999,2.1391914,0.04282410060524529
5,2,636636.6614249013,0.16239999,2.1400313,0.04304948831535216
5,2,636641.6616187915,0.16239999,2.1412911,0.04327487785579432
5,2,636646.6618126817,0.16239999,2.1421695,0.043500264899609016
5,2,636651.6620065719,0.16239999,2.1430857,0.04372565224209596
5,2,636656.6622004621,0.16239999,2.1439638,0.0439510398261746
5,2,636661.6623943523,0.16239999,2.145033,0.04417642960915303
5,2,636666.6625882424,0.16239999,2.1460066,0.044401817847128565
5,2,636671.6627821326,0.16239999,2.1467893,0.044627207997303894
5,2,636676.6629760228,0.16239999,2.147572,0.04485259685453692
5,2,636681.663169913,0.16239999,2.1486602,0.04507798550798001
5,2,636686.6633638032,0.16239999,2.1493473,0.045303374983576464
5,2,636691.6635576934,0.16239999,2.1502447,0.04552876313738279
5,2,636696.6637515835,0.16239999,2.1510656,0.045754149968146474
5,2,636701.6639454737,0.16239999,2.1521919,0.04597953762974261
5,2,636706.6641393639,0.16239999,2.1530128,0.04620492508482356
5,2,636711.6643332541,0.16239999,2.15391,0.04643031068432747
5,2,636716.6645271443,0.16239999,2.1544254,0.04665569602158999
5,2,636721.6647210345,0.16239999,2.1555707,0.04688108349456392
5,2,636726.6649149247,0.16239999,2.1563725,0.04710646963571925
5,2,636731.6651088148,0.16239999,2.1572125,0.04733185855910847
5,2,636736.665302705,0.16239999,2.1579952,0.04755724786886824
5,2,636741.6654965952,0.16239999,2.1588352,0.04778263612249579
5,2,636746.6656904854,0.16239999,2.1595225,0.04800802391719407
5,2,636751.6658843756,0.16239999,2.1603816,0.04823341278949383
5,2,636756.6660782658,0.16239999,2.1612406,0.04845880195982343
5,2,636761.6662721559,0.16239999,2.1617942,0.04868419017055137
5,2,636766.6664660461,0.16239999,2.1626916,0.04890957870960983
5,2,636771.6666599363,0.16239999,2.1634169,0.04913496781131462
5,2,636776.6668538265,0.16239999,2.1642568,0.049360355696145886
5,2,636781.6670477167,0.16239999,2.164925,0.04958574556807928
5,2,636786.6672416069,0.16239999,2.1658032,0.049811136547263324
5,2,636791.667435497,0.16239999,2.1664906,0.05003652638172609
5,2,636796.6676293872,0.16239999,2.1671968,0.05026191395071069
5,2,636801.6678232774,0.16239999,2.1678267,0.05048730311114923
5,2,636806.6680171676,0.16239999,2.1686668,0.05071268835480845
5,2,636811.6682110578,0.16239999,2.1692777,0.0509380730612626
5,2,636816.668404948,0.16239999,2.1700032,0.0511634607366597
5,2,636821.6685988382,0.16239999,2.170824,0.05138885047987686
5,2,636826.6687927283,0.16239999,2.1714158,0.051614239661533
5,2,636831.6689866185,0.16239999,2.1723511,0.05183962836903585
5,2,636836.6691805087,0.16239999,2.1728857,0.0520650199444228
5,2,636841.6693743989,0.16239999,2.1736112,0.05229041075978762
5,2,636846.6695682891,0.16239999,2.1743748,0.05251580306480579
5,2,636851.6697621793,0.16239999,2.1749284,0.05274119643545402
5,2,636856.6699560694,0.16239999,2.1756346,0.05296659056161761
5,2,636861.6701499596,0.16239999,2.1759975,0.053191983002801764
5,2,636866.6703438498,0.16239999,2.1766655,0.05341737600194997
5,2,636871.67053774,0.16239999,2.1772954,0.05364276956124607
5,2,636876.6707316302,0.16239999,2.1779637,0.053868161908724274
5,2,636881.6709255204,0.16239999,2.1787846,0.054093553904084726
5,2,636886.6711194105,0.16239999,2.1793,0.05431894700626204
5,2,636891.6713133007,0.16239999,2.1798918,0.05454433986290795
5,2,636896.6715071909,0.16239999,2.18056,0.054769731156226686
5,2,636901.6717010811,0.16239999,2.1813235,0.054995123406442525
5,2,636906.6718949713,0.16239999,2.1818008,0.05522051752161651
5,2,636911.6720888615,0.16239999,2.1823926,0.05544591111040366
5,2,636916.6722827516,0.16239999,2.183099,0.05567130435906932
5,2,636921.6724766418,0.16239999,2.183519,0.05589669739331472
5,2,636926.672670532,0.16239999,2.1841109,0.05612209313385356
5,2,636931.6728644222,0.16239999,2.184779,0.05634748940101516
5,2,636936.6730583124,0.16239999,2.1854472,0.056572883514203975
5,2,636941.6732522026,0.16239999,2.18602,0.05679827716307344
5,2,636946.6734460928,0.16239999,2.1866307,0.05702366969340048
5,2,636951.6736399829,0.16239999,2.1873178,0.05724906179559647
5,2,636956.6738338731,0.16239999,2.1876807,0.057474453582335695
5,2,636961.6740277633,0.16239999,2.1885207,0.05769984765147585
5,2,636966.6742216535,0.16239999,2.1890361,0.0579252416388939
5,2,636971.6744155437,0.16239999,2.1896088,0.0581506330475915
5,2,636976.6746094339,0.16239999,2.1900861,0.058376023667898465
5,2,636981.674803324,0.16239999,2.1905632,0.05860141751231007
5,2,636986.6749972142,0.16239999,2.1911933,0.05882680979179759
5,2,636991.6751911044,0.16239999,2.1917279,0.059052203791596015
5,2,636996.6753849946,0.16239999,2.1924725,0.059277598254565585
5,2,637001.6755788848,0.16239999,2.1928923,0.05950299087867557
5,2,637006.675772775,0.16239999,2.1935031,0.059728383215112014
5,2,637011.6759666651,0.16239999,2.1940186,0.05995377609648972
5,2,637016.6761605553,0.16239999,2.1946104,0.06017916867317759
5,2,637021.6763544455,0.16239999,2.1950877,0.06040455957168261
5,2,637026.6765483357,0.16239999,2.1956031,0.06062995135931839
5,2,637031.6767422259,0.16239999,2.1960232,0.060855343599822816
5,2,637036.6769361161,0.16239999,2.196596,0.06108073859571089
5,2,637041.6771300063,0.16239999,2.1970923,0.06130613527554691
5,2,637046.6773238964,0.16239999,2.1977413,0.061531529443831945
5,2,637051.6775177866,0.16239999,2.198352,0.06175692279934887
5,2,637056.6777116768,0.16239999,2.1988103,0.06198231812536141
5,2,637061.677905567,0.16239999,2.1993258,0.062207711030451
5,2,637066.6780994572,0.16239999,2.1998603,0.06243310124081129
5,2,637071.6782933474,0.16239999,2.200261,0.06265849318176513
5,2,637076.6784872375,0.16239999,2.2007766,0.06288388476060998
5,2,637081.6786811277,0.16239999,2.2011585,0.06310927931978061
5,2,637086.6788750179,0.16239999,2.2017884,0.06333467436768035
5,2,637091.6790689081,0.16239999,2.2022276,0.0635600674680803
5,2,637096.6792627983,0.16239999,2.2028575,0.06378545952181108
5,2,637101.6794566885,0.16239999,2.2032964,0.06401085224107408
5,2,637106.6796505786,0.16239999,2.203812,0.06423624423041613
5,2,637111.6798444693,0.16239999,2.2043848,0.06446163637328566
5,2,637116.68003836,0.16239999,2.2048047,0.0646870272611943
5,2,637121.6802322506,0.16239999,2.2051482,0.0649124153122745
5,2,637126.6804261412,0.16239999,2.205721,0.06513780394659112
5,2,637131.6806200319,0.16239999,2.2060266,0.06536319618966102
5,2,637136.6808139225,0.16239999,2.2065992,0.06558859032919509
5,2,637141.6810078132,0.16239999,2.2072864,0.06581398230301426
5,2,637146.6812017038,0.16239999,2.2076874,0.06603937431947476
5,2,637151.6813955945,0.16239999,2.2081263,0.06626476598496739
5,2,637156.6815894851,0.16239999,2.2085845,0.06649015670865364
5,2,637161.6817833758,0.16239999,2.2091954,0.06671554827692364
5,2,637166.6819772664,0.16239999,2.2094626,0.06694094159879953
5,2,637171.6821711571,0.16239999,2.2099018,0.06716633455165727
5,2,637176.6823650477,0.16239999,2.2104554,0.06739172652302024
5,2,637181.6825589384,0.16239999,2.211009,0.06761711888244917
5,2,637186.682752829,0.16239999,2.2115054,0.0678425131445544
5,2,637191.6829467197,0.16239999,2.2118108,0.06806790670062605
5,2,637196.6831406103,0.16239999,2.2121353,0.06829329764822212
5,2,637201.683334501,0.16239999,2.2125173,0.06851868725720962
5,2,637206.6835283916,0.16239999,2.2132044,0.0687440763702931
5,2,637211.6837222821,0.16239999,2.213739,0.06896946432730063
5,2,637216.6839161725,0.16239999,2.213968,0.06919485017275318
5,2,637221.6841100629,0.16239999,2.2144644,0.06942023772397228
5,2,637226.6843039533,0.16239999,2.2147508,0.06964562643488667
5,2,637231.6844978437,0.16239999,2.2153234,0.06987101595585053
5,2,637236.6846917341,0.16239999,2.215877,0.07009640693988407
5,2,637241.6848856241,0.16239999,2.216068,0.07032179834829193
5,2,637246.6850795145,0.16239999,2.2165644,0.07054718926202842
5,2,637251.6852734049,0.16239999,2.2170224,0.07077258125106912
5,2,637256.6854672953,0.16239999,2.2174807,0.07099797392938374
5,2,637261.6856611859,0.16239999,2.2180152,0.0712233659672034
5,2,637266.6858550764,0.16239999,2.218397,0.07144875913827871
5,2,637271.686048967,0.16239999,2.218817,0.0716741507787382
5,2,637276.6862428575,0.16239999,2.2193515,0.07189954189733337
5,2,637281.686436748,0.16239999,2.2196188,0.07212493299749415
5,2,637286.6866306385,0.16239999,2.2199814,0.07235032268979735
5,2,637291.6868245291,0.16239999,2.2205732,0.07257571322632171
5,2,637296.6870184196,0.16239999,2.2208595,0.07280110189632082
5,2,637301.6872123101,0.16239999,2.2212987,0.07302649128681425
5,2,637306.6874062007,0.16239999,2.2217379,0.07325188032979191
5,2,637311.6876000912,0.16239999,2.222234,0.07347726898455541
5,2,637316.6877939817,0.16239999,2.222425,0.0737026576865084
5,2,637321.6879878725,0.16239999,2.223055,0.0739280454977776
5,2,637326.688181763,0.16239999,2.2233605,0.07415343182867189
5,2,637331.6883756535,0.16239999,2.2237613,0.07437882023790399
5,2,637336.688569544,0.16239999,2.224315,0.07460420870829625
5,2,637341.6887634345,0.16239999,2.2247732,0.07482959688873923
5,2,637346.6889573251,0.16239999,2.2250595,0.07505498292734229
5,2,637351.6891512156,0.16239999,2.2255368,0.07528036969778443
5,2,637356.689345106,0.16239999,2.2259567,0.07550575508099468
5,2,637361.6895389964,0.16239999,2.2263386,0.07573113996575115
5,2,637366.6897328869,0.16239999,2.226663,0.07595652454011063
5,2,637371.6899267773,0.16239999,2.2272358,0.0761819107984934
5,2,637376.6901206677,0.16239999,2.227503,0.07640729447317128
5,2,637381.6903145581,0.16239999,2.2279994,0.0766326803157148
5,2,637386.6905084485,0.16239999,2.2282667,0.07685806729373258
5,2,637391.6907023389,0.16239999,2.2287438,0.0770834558960945
5,2,637396.6908962294,0.16239999,2.2292402,0.0773088427301323
5,2,637401.6910901198,0.16239999,2.2294884,0.07753422857873314
5,2,637406.6912840097,0.16239999,2.2298512,0.07775961710675812
5,2,637411.6914779004,0.16239999,2.2303092,0.0779850039946305
5,2,637416.691671791,0.16239999,2.230653,0.0782103889253107
5,2,637421.6918656817,0.16239999,2.2311301,0.07843577239259586
5,2,637426.6920595723,0.16239999,2.2314165,0.07866115800831307
5,2,637431.692253463,0.16239999,2.2320085,0.07888654411133798
5,2,637436.6924473536,0.16239999,2.2322948,0.07911193021112438
5,2,637441.6926412443,0.16239999,2.2327147,0.0793373179775684
5,2,637446.6928351349,0.16239999,2.2330391,0.07956270277954147
5,2,637451.6930290256,0.16239999,2.2334974,0.07978808994864761
5,2,637456.6932229162,0.16239999,2.2337265,0.08001347870991798
5,2,637461.6934168069,0.16239999,2.234261,0.08023886554040682
5,2,637466.6936106975,0.16239999,2.234452,0.08046425159596243
5,2,637471.6938045882,0.16239999,2.2350056,0.08068964081399645
5,2,637476.6939984788,0.16239999,2.23533,0.08091502958300467
5,2,637481.6941923695,0.16239999,2.2356927,0.0811404186351747
5,2,637486.6943862601,0.16239999,2.235979,0.08136580885810991
5,2,637491.6945801508,0.16239999,2.236361,0.08159119396727871
5,2,637496.6947740414,0.16239999,2.2367237,0.08181657689714109
5,2,637501.6949679321,0.16239999,2.2372582,0.08204196378312764
5,2,637506.6951618227,0.16239999,2.2376208,0.08226734918199653
5,2,637511.6953557134,0.16239999,2.2380219,0.08249273716282107
5,2,637516.6955496036,0.16239999,2.2384417,0.08271812078573232
5,2,637521.6957434937,0.16239999,2.2387471,0.08294350475946408
5,2,637526.6959373839,0.16239999,2.2390144,0.08316888864497352
5,2,637531.6961312741,0.16239999,2.2394536,0.08339427196054168
5,2,637536.6963251643,0.16239999,2.23974,0.08361965671245927
5,2,637541.6965190545,0.16239999,2.24016,0.0838450439030893
5,2,637546.6967129447,0.16239999,2.2405798,0.08407043092423767
5,2,637551.6969068348,0.16239999,2.2409427,0.08429581905597125
5,2,637556.697100725,0.16239999,2.2414007,0.08452120833954968
5,2,637561.6972946152,0.16239999,2.2417061,0.08474659808708239
5,2,637566.6974885054,0.16239999,2.2421262,0.08497198567789056
5,2,637571.6976823956,0.16239999,2.2424507,0.08519737252988592
5,2,637576.6978762858,0.16239999,2.2428517,0.08542275777107816
5,2,637581.698070176,0.16239999,2.243119,0.08564814326373578
5,2,637586.6982640661,0.16239999,2.2434435,0.08587352705761302
5,2,637591.6984579563,0.16239999,2.243959,0.08609891126397178
5,2,637596.6986518465,0.16239999,2.2442071,0.08632429787650961
5,2,637601.6988457367,0.16239999,2.2445698,0.08654968596842727
5,2,637606.6990396269,0.16239999,2.2449706,0.08677507324681273
5,2,637611.699233517,0.16239999,2.2453716,0.0870004614096889
5,2,637616.6994274072,0.16239999,2.2457342,0.08722584789312555
5,2,637621.6996212974,0.16239999,2.246097,0.08745123716325899
5,2,637626.6998151876,0.16239999,2.2464406,0.08767662749661347
5,2,637631.7000090778,0.16239999,2.2468033,0.08790201846326812
5,2,637636.700202968,0.16239999,2.2470515,0.08812740976040817
5,2,637641.7003968582,0.16239999,2.247605,0.08835279951957041
5,2,637646.7005907483,0.16239999,2.2478724,0.08857819396865375
5,2,637651.7007846385,0.16239999,2.2481396,0.0888035863715262
5,2,637656.7009785287,0.16239999,2.2485216,0.08902897848458016
5,2,637661.7011724189,0.16239999,2.248808,0.08925437254457928
5,2,637666.7013663091,0.16239999,2.249304,0.08947976569448501
5,2,637671.7015601993,0.16239999,2.2497241,0.08970515783450263
5,2,637676.7017540894,0.16239999,2.2499533,0.08993055128610307
5,2,637681.7019479796,0.16239999,2.2503731,0.09015594392716891
5,2,637686.7021418698,0.16239999,2.250755,0.09038133743543598
5,2,637691.70233576,0.16239999,2.2511559,0.09060672926621145
5,2,637696.7025296502,0.16239999,2.2514997,0.09083211963183026
5,2,637701.7027235404,0.16239999,2.2519195,0.09105750934318543
5,2,637706.7029174305,0.16239999,2.2521296,0.09128290011249822
5,2,637711.7031113207,0.16239999,2.2525113,0.09150829079019286
5,2,637716.7033052109,0.16239999,2.2529695,0.09173368297061746
5,2,637721.7034991011,0.16239999,2.2531796,0.0919590710334555
5,2,637726.7036929913,0.16239999,2.253523,0.09218445771569435
5,2,637731.7038868815,0.16239999,2.2538857,0.0924098444892144
5,2,637736.7040807717,0.16239999,2.254153,0.0926352298059398
5,2,637741.7042746618,0.16239999,2.254745,0.09286061525223577
5,2,637746.704468552,0.16239999,2.2550886,0.093086003093352
5,2,637751.7046624422,0.16239999,2.2554321,0.09331139303396897
5,2,637756.7048563324,0.16239999,2.2557757,0.093536784653821
5,2,637761.7050502226,0.16239999,2.2561195,0.09376217451172329
5,2,637766.7052441128,0.16239999,2.2563102,0.09398756623781562
5,2,637771.705438003,0.16239999,2.2567112,0.09421295910606127
5,2,637776.7056318931,0.16239999,2.2570548,0.0944383525430652
5,2,637781.7058257833,0.16239999,2.2575703,0.09466374608569683
5,2,637786.7060196735,0.16239999,2.2577422,0.09488913968669466
5,2,637791.7062135637,0.16239999,2.2582192,0.0951145316034846
5,2,637796.7064074539,0.16239999,2.2586012,0.09533992414029778
5,2,637801.706601344,0.16239999,2.258983,0.09556531579319975
5,2,637806.7067952342,0.16239999,2.2592883,0.09579070734667124
5,2,637811.7069891244,0.16239999,2.2595937,0.09601609621704046
5,2,637816.7071830146,0.16239999,2.260071,0.09624148719373436
5,2,637821.7073769048,0.16239999,2.260281,0.0964668782393991
5,2,637826.707570795,0.16239999,2.2605674,0.09669227079835956
5,2,637831.7077646852,0.16239999,2.26093,0.09691766407607338
5,2,637836.7079585753,0.16239999,2.261293,0.09714305522185572
5,2,637841.7081524655,0.16239999,2.261751,0.09736844864525157
5,2,637846.7083463557,0.16239999,2.2620757,0.09759384313189991
5,2,637851.7085402459,0.16239999,2.262362,0.0978192393113541
5,2,637856.7087341361,0.16239999,2.2626674,0.09804463490485407
5,2,637861.7089280263,0.16239999,2.26303,0.09827002999276013
5,2,637866.7091219164,0.16239999,2.2633164,0.09849542475146643
5,2,637871.7093158066,0.16239999,2.2633927,0.0987208216756492
5,2,637876.7095096968,0.16239999,2.264042,0.09894621780799585
5,2,637881.709703587,0.16239999,2.2644045,0.09917160903406565
5,2,637886.7098974772,0.16239999,2.2646337,0.09939700257564262
5,2,637891.7100913674,0.16239999,2.265149,0.09962239604611951
5,2,637896.7102852575,0.16239999,2.265321,0.09984778797980406
5,2,637901.7104791477,0.16239999,2.2657409,0.10007318020672111
5,2,637906.7106730379,0.16239999,2.2661035,0.10029857153197966
5,2,637911.7108669281,0.16239999,2.2663517,0.1005239631582458
5,2,637916.7110608183,0.16239999,2.2665617,0.10074935435963348
5,2,637921.7112547085,0.16239999,2.267039,0.10097474486849962
5,2,637926.7114485987,0.16239999,2.2673445,0.1012001334026523
5,2,637931.7116424888,0.16239999,2.2677455,0.10142552279486101
5,2,637936.711836379,0.16239999,2.268089,0.10165091299738163
5,2,637941.7120302692,0.16239999,2.2683563,0.10187630325185928
5,2,637946.7122241594,0.16239999,2.2688336,0.10210169445496142
5,2,637951.7124180496,0.16239999,2.2690434,0.10232708568929805
5,2,637956.7126119398,0.16239999,2.2694254,0.10255247900971942
5,2,637961.71280583,0.16239999,2.269807,0.10277787448613186
5,2,637966.7129997201,0.16239999,2.2701316,0.10300326928242219
5,2,637971.7131936103,0.16239999,2.270628,0.10322866388980718
5,2,637976.7133875005,0.16239999,2.2708762,0.10345405846750576
5,2,637981.7135813907,0.16239999,2.2712007,0.10367945518012184
5,2,637986.7137752809,0.16239999,2.2716208,0.10390485155236477
5,2,637991.713969171,0.16239999,2.2720215,0.10413024805090498
5,2,637996.7141630612,0.16239999,2.2721362,0.10435564428699849
5,2,638001.7143569514,0.16239999,2.2726326,0.10458103802851344
5,2,638006.7145508416,0.16239999,2.272766,0.10480642982994356
5,2,638011.7147447318,0.16239999,2.2731671,0.10503182059928035
5,2,638016.714938622,0.16239999,2.273606,0.10525720866993157
5,2,638021.7151325122,0.16239999,2.2738924,0.10548259735511663
5,2,638026.7153264023,0.16239999,2.2743125,0.10570798843416246
5,2,638031.7155202925,0.16239999,2.2745798,0.10593337825105759
5,2,638036.7157141827,0.16239999,2.2750187,0.10615876722920112
5,2,638041.7159080729,0.16239999,2.2752478,0.10638415613353423
5,2,638046.7161019631,0.16239999,2.2755916,0.10660954549814683
5,2,638051.7162958533,0.16239999,2.2760305,0.10683493636900192
5,2,638056.7164897434,0.16239999,2.2764506,0.10706032844786766
5,2,638061.7166836336,0.16239999,2.2765079,0.10728572391715072
5,2,638066.7168775238,0.16239999,2.2769277,0.10751111874534361
5,2,638071.717071414,0.16239999,2.277386,0.10773651239206317
5,2,638076.7172653042,0.16239999,2.277615,0.10796190571491923
5,2,638081.7174591944,0.16239999,2.2780352,0.10818729976292706
5,2,638086.7176530845,0.16239999,2.2783406,0.10841269111993583
5,2,638091.7178469747,0.16239999,2.2786078,0.10863808218187761
5,2,638096.7180408649,0.16239999,2.2789514,0.108863473000673
5,2,638101.7182347551,0.16239999,2.279295,0.10908886188055
5,2,638106.7184286453,0.16239999,2.2797532,0.10931424990167887
5,2,638111.7186225355,0.16239999,2.280154,0.1095396374287763
5,2,638116.7188164257,0.16239999,2.2802877,0.10976502735819921
5,2,638121.7190103158,0.16239999,2.2806313,0.1099904160816554
5,2,638126.719204206,0.16239999,2.280994,0.1102158061451904
5,2,638131.7193980962,0.16239999,2.281395,0.11044119627017862
5,2,638136.7195919864,0.16239999,2.2816813,0.1106665832888476
5,2,638141.7197858766,0.16239999,2.2819295,0.11089197298605742
5,2,638146.7199797668,0.16239999,2.282273,0.11111735997339174
5,2,638151.7201736569,0.16239999,2.2826931,0.1113427454592859
5,2,638156.7203675471,0.16239999,2.282884,0.1115681292872131
5,2,638161.7205614373,0.16239999,2.2832468,0.11179351435462138
5,2,638166.7207553275,0.16239999,2.2836094,0.11201890125371435
5,2,638171.7209492177,0.16239999,2.283953,0.11224428738504319
5,2,638176.7211431079,0.16239999,2.2842777,0.11246967572893866
5,2,638181.721336998,0.16239999,2.2847548,0.11269506305161948
5,2,638186.7215308882,0.16239999,2.2849267,0.11292045010641716
5,2,638191.7217247784,0.16239999,2.2852702,0.11314583532096034
5,2,638196.7219186686,0.16239999,2.2857857,0.11337122073818415
5,2,638201.7221125588,0.16239999,2.2860148,0.1135966045659044
5,2,638206.722306449,0.16239999,2.2863202,0.1138219900458505
5,2,638211.7225003392,0.16239999,2.2865875,0.11404737456111695
5,2,638216.7226942293,0.16239999,2.2870839,0.11427276364871945
5,2,638221.7228881195,0.16239999,2.2872558,0.11449815258632107
5,2,638226.7230820097,0.16239999,2.2876565,0.11472354109328492
5,2,638231.7232758999,0.16239999,2.2878857,0.11494892940064358
5,2,638236.7234697901,0.16239999,2.288153,0.11517431581645463
5,2,638241.7236636803,0.16239999,2.288363,0.11539970285564582
5,2,638246.7238575704,0.16239999,2.28884,0.1156250917726532
5,2,638251.7240514606,0.16239999,2.2892792,0.11585048133266142
5,2,638256.7242453508,0.16239999,2.2896802,0.11607586945180019
5,2,638261.724439241,0.16239999,2.2897756,0.11630126096271645
5,2,638266.7246331312,0.16239999,2.2903674,0.11652665274642826
5,2,638271.7248270214,0.16239999,2.2905202,0.11675204449128032
5,2,638276.7250209115,0.16239999,2.2908638,0.1169774349648216
5,2,638281.7252148017,0.16239999,2.2911882,0.11720282149485585
5,2,638286.7254086919,0.16239999,2.2915893,0.11742820937199148
5,2,638291.7256025821,0.16239999,2.2918565,0.11765359882713113
5,2,638296.7257964723,0.16239999,2.2921429,0.11787898923665123
5,2,638301.7259903625,0.16239999,2.2924292,0.1181043773317445
5,2,638306.7261842526,0.16239999,2.2926965,0.11832976537824343
5,2,638311.7263781428,0.16239999,2.2929828,0.11855515420788115
5,2,638316.726572033,0.16239999,2.2934027,0.11878054164382074
5,2,638321.7267659232,0.16239999,2.2936127,0.11900593135311872
5,2,638326.7269598134,0.16239999,2.2941663,0.11923132147351408
5,2,638331.7271537036,0.16239999,2.2944908,0.11945671037994411
5,2,638336.7273475938,0.16239999,2.2948918,0.11968210102613357
5,2,638341.7275414839,0.16239999,2.29514,0.11990748825718384
5,2,638346.7277353741,0.16239999,2.2955027,0.12013287476924149
5,2,638351.7279292643,0.16239999,2.2957509,0.1203582630241911
5,2,638356.7281231545,0.16239999,2.2961516,0.12058365003301373
5,2,638361.7283170447,0.16239999,2.2964573,0.1208090368613982
5,2,638366.7285109349,0.16239999,2.2967436,0.12103442582971524
5,2,638371.728704825,0.16239999,2.2971444,0.12125981226060462
5,2,638376.7288987152,0.16239999,2.297469,0.12148519900045715
5,2,638381.7290926054,0.16239999,2.297698,0.12171058441985073
5,2,638386.7292864956,0.16239999,2.2980225,0.12193597145663622
5,2,638391.7294803858,0.16239999,2.2986145,0.12216135827780687
5,2,638396.729674276,0.16239999,2.298748,0.12238674714138117
5,2,638401.7298681661,0.16239999,2.2992253,0.1226121352435351
5,2,638406.7300620563,0.16239999,2.2992444,0.12283752263655769
5,2,638411.7302559465,0.16239999,2.2999125,0.12306291096718285
5,2,638416.7304498367,0.16239999,2.3001416,0.12328829870241473
5,2,638421.7306437269,0.16239999,2.300466,0.12351368955557303
5,2,638426.7308376171,0.16239999,2.3007717,0.12373907917562961
5,2,638431.7310315073,0.16239999,2.3011343,0.12396446916514642
5,2,638436.7312253974,0.16239999,2.3015733,0.12418986044907246
5,2,638441.7314192876,0.16239999,2.301726,0.12441524937876156
5,2,638446.7316131778,0.16239999,2.3019552,0.12464063773146528
5,2,638451.731807068,0.16239999,2.3023179,0.12486602610397594
5,2,638456.7320009582,0.16239999,2.3026998,0.12509141294076548
5,2,638461.7321948484,0.16239999,2.3033106,0.12531679928687717
5,2,638466.7323887385,0.16239999,2.303597,0.12554218724388716
5,2,638471.7325826287,0.16239999,2.303826,0.12576757577804148
5,2,638476.7327765189,0.16239999,2.3041124,0.12599296307838628
5,2,638481.7329704091,0.16239999,2.304628,0.12621835261673317
5,2,638486.7331642993,0.16239999,2.3047614,0.12644374429118138
5,2,638491.7333581895,0.16239999,2.3051052,0.12666913597581952
5,2,638496.7335520796,0.16239999,2.3054678,0.1268945262653745
5,2,638501.7337459698,0.16239999,2.3056588,0.12711991510838355
5,2,638506.73393986,0.16239999,2.3062315,0.12734530351516193
5,2,638511.7341337502,0.16239999,2.3063269,0.12757069351456152
5,2,638516.7343276404,0.16239999,2.3068233,0.12779608306598336
5,2,638521.7345215306,0.16239999,2.3070524,0.12802147343939133
5,2,638526.7347154208,0.16239999,2.3073387,0.12824686456757126
5,2,638531.7349093109,0.16239999,2.3075294,0.12847225637575904
5,2,638536.7351032011,0.16239999,2.3078923,0.12869764811593298
5,2,638541.7352970913,0.16239999,2.308255,0.12892304066689317
5,2,638546.7354909815,0.16239999,2.3087513,0.12914843101445425
5,2,638551.7356848717,0.16239999,2.3090568,0.12937382060378877
5,2,638556.7358787619,0.16239999,2.3094387,0.12959920953850204
5,2,638561.736072652,0.16239999,2.309725,0.12982460032173415
5,2,638566.7362665422,0.16239999,2.310145,0.1300499880017978
5,2,638571.7364604324,0.16239999,2.310393,0.13027537394914035
5,2,638576.7366543226,0.16239999,2.3107176,0.1305007620912973
5,2,638581.7368482128,0.16239999,2.3110805,0.13072614860437484
5,2,638586.737042103,0.16239999,2.3113286,0.13095153437196136
5,2,638591.7372359931,0.16239999,2.3115766,0.13117692072538703
5,2,638596.7374298833,0.16239999,2.312054,0.13140230455181087
5,2,638601.7376237735,0.16239999,2.312245,0.13162769031014793
5,2,638606.7378176637,0.16239999,2.312684,0.13185307525861928
5,2,638611.7380115539,0.16239999,2.3130085,0.13207845906139415
5,2,638616.7382054441,0.16239999,2.313314,0.132303843200648
5,2,638621.7383993343,0.16239999,2.3136384,0.13252922764876485
5,2,638626.7385932244,0.16239999,2.3140202,0.13275461430587288
5,2,638631.7387871146,0.16239999,2.314364,0.13298000070390517
5,2,638636.7389810048,0.16239999,2.3144784,0.13320538656872427
5,2,638641.739174895,0.16239999,2.3146884,0.13343077472404638
5,2,638646.7393687852,0.16239999,2.3152802,0.13365616021701363
5,2,638651.7395626754,0.16239999,2.3156428,0.13388154719433604
5,2,638656.7397565655,0.16239999,2.315891,0.13410693393499903
5,2,638661.7399504557,0.16239999,2.3161774,0.13433232107622592
5,2,638666.7401443459,0.16239999,2.3164637,0.13455770733139416
5,2,638671.7403382361,0.16239999,2.3168075,0.13478309507023625
5,2,638676.7405321263,0.16239999,2.3172083,0.1350084854276768
5,2,638681.7407260165,0.16239999,2.3174183,0.13523387503729262
5,2,638686.7409199066,0.16239999,2.3178384,0.13545926429685368
5,2,638691.7411137968,0.16239999,2.3182774,0.1356846562622181
5,2,638696.741307687,0.16239999,2.3185446,0.13591005001764245
5,2,638701.7415015772,0.16239999,2.318831,0.13613543944380677
5,2,638706.7416954674,0.16239999,2.3190982,0.13636082725302706
5,2,638711.7418893576,0.16239999,2.3194993,0.1365862161664954
5,2,638716.7420832478,0.16239999,2.3197856,0.1368116043507655
5,2,638721.7422771384,0.16239999,2.3199763,0.1370369935706398
5,2,638726.742471029,0.16239999,2.320301,0.13726238295497079
5,2,638731.7426649197,0.16239999,2.32074,0.13748777172053517
5,2,638736.7428588104,0.16239999,2.321122,0.13771316036013756
5,2,638741.743052701,0.16239999,2.32116,0.13793855220549797
5,2,638746.7432465916,0.16239999,2.3216565,0.13816394485481326
5,2,638751.7434404823,0.16239999,2.3219428,0.13838933268094306
5,2,638756.743634373,0.16239999,2.3222673,0.13861472002909328
5,2,638761.7438282636,0.16239999,2.3225536,0.1388401078709107
5,2,638766.7440221542,0.16239999,2.3230119,0.13906549527111067
5,2,638771.7442160449,0.16239999,2.3231645,0.13929088269204562
5,2,638776.7444099355,0.16239999,2.323699,0.13951627049163645
5,2,638781.7446038262,0.16239999,2.3239472,0.13974165931102633
5,2,638786.7447977168,0.16239999,2.3244245,0.13996704891098788
5,2,638791.7449916075,0.16239999,2.3244245,0.14019243830165268
5,2,638796.7451854977,0.16239999,2.324921,0.1404178297177694
5,2,638801.7453793883,0.16239999,2.3252645,0.14064322243065802
5,2,638806.745573279,0.16239999,2.3254936,0.14086861549778448
5,2,638811.7457671696,0.16239999,2.3257608,0.14109400722204893
5,2,638816.7459610603,0.16239999,2.3261235,0.14131939723174936
5,2,638821.7461549507,0.16239999,2.3265436,0.1415447891449506
5,2,638826.7463488411,0.16239999,2.3267918,0.1417701806024578
5,2,638831.7465427315,0.16239999,2.3270206,0.14199557485245004
5,2,638836.746736622,0.16239999,2.327536,0.14222096689059752
5,2,638841.7469305124,0.16239999,2.3278224,0.14244635745787704
5,2,638846.7471244028,0.16239999,2.3279753,0.14267174583069236
5,2,638851.7473182932,0.16239999,2.3282044,0.14289713268336904
5,2,638856.7475121836,0.16239999,2.328567,0.14312251705307763
5,2,638861.747706074,0.16239999,2.3289871,0.14334790249866744
5,2,638866.7478999645,0.16239999,2.3292162,0.14357328830197535
5,2,638871.748093855,0.16239999,2.3294644,0.14379867665039084
5,2,638876.7482877458,0.16239999,2.3297315,0.1440240662661385
5,2,638881.7484816363,0.16239999,2.330266,0.1442494588146549
5,2,638886.7486755268,0.16239999,2.3303998,0.14447485025918233
5,2,638891.7488694174,0.16239999,2.3306289,0.1447002434136619
5,2,638896.7490633079,0.16239999,2.3308961,0.1449256362964229
5,2,638901.7492571984,0.16239999,2.331526,0.14515102943886068
5,2,638906.749451089,0.16239999,2.3318505,0.14537642180182783
5,2,638911.7496449794,0.16239999,2.3321753,0.14560181053306326
5,2,638916.7498388699,0.16239999,2.3324041,0.14582719960752377
5,2,638921.7500327604,0.16239999,2.3327096,0.14605258706843935
5,2,638926.750226651,0.16239999,2.3329196,0.1462779754614358
5,2,638931.7504205415,0.16239999,2.3333015,0.14650336355854157
5,2,638936.7506144319,0.16239999,2.3335307,0.14672875210264658
5,2,638941.7508083226,0.16239999,2.3339505,0.14695414320385208
5,2,638946.751002213,0.16239999,2.3340268,0.14717953189437258
5,2,638951.7511961035,0.16239999,2.3346379,0.1474049213339786
5,2,638956.751389994,0.16239999,2.3350005,0.1476303109493645
5,2,638961.7515838841,0.16239999,2.3351915,0.14785570004566015
5,2,638966.7517777747,0.16239999,2.335516,0.1480810872568596
5,2,638971.7519716651,0.16239999,2.3355732,0.14830647698671123
5,2,638976.7521655555,0.16239999,2.3360505,0.14853186675326857
5,2,638981.7523594459,0.16239999,2.336375,0.14875725641688456
5,2,638986.7525533363,0.16239999,2.3368332,0.14898264811406284
5,2,638991.752747227,0.16239999,2.3370624,0.14920804060188597
5,2,638996.7529411174,0.16239999,2.337253,0.14943343233516398
5,2,639001.7531350078,0.16239999,2.3376923,0.1496588240669585
5,2,639006.7533288982,0.16239999,2.3377876,0.149884215779254
5,2,639011.7535227886,0.16239999,2.3381696,0.15010960609317406
5,2,639016.753716679,0.16239999,2.3385131,0.15033499719104584
5,2,639021.7539105695,0.16239999,2.3387423,0.15056038899215393
5,2,639026.7541044601,0.16239999,2.3390477,0.15078578061427672
5,2,639031.7542983508,0.16239999,2.3392577,0.15101117226414135
5,2,639036.7544922414,0.16239999,2.339525,0.15123656381258205
5,2,639041.7546861321,0.16239999,2.3397732,0.15146195711958907
5,2,639046.7548800227,0.16239999,2.3402884,0.1516873497869149
5,2,639051.7550739134,0.16239999,2.3404984,0.1519127417596322
5,2,639056.755267804,0.16239999,2.3407085,0.15213813423665531
5,2,639061.7554616947,0.16239999,2.341014,0.15236352374413775
5,2,639066.7556555853,0.16239999,2.3411858,0.15258891309272746
5,2,639071.755849476,0.16239999,2.3415866,0.15281429972155475
5,2,639076.7560433666,0.16239999,2.341892,0.15303968608813318
5,2,639081.7562372573,0.16239999,2.3421593,0.15326507155769564
5,2,639086.7564311479,0.16239999,2.342484,0.15349046012693973
5,2,639091.7566250386,0.16239999,2.342923,0.15371584390985965
5,2,639096.7568189292,0.16239999,2.3430948,0.15394122828679613
5,2,639101.7570128199,0.16239999,2.3434002,0.15416661429779477
5,2,639106.7572067105,0.16239999,2.3437057,0.1543920021441388
5,2,639111.7574006012,0.16239999,2.3439538,0.15461738954458715
5,2,639116.7575944918,0.16239999,2.3443165,0.15484277905883143
5,2,639121.7577883825,0.16239999,2.3445837,0.1550681710134935
5,2,639126.7579822727,0.16239999,2.3447938,0.15529356249784096
5,2,639131.7581761628,0.16239999,2.345023,0.15551895468956312
5,2,639136.758370053,0.16239999,2.3453665,0.15574434611518265
5,2,639141.7585639432,0.16239999,2.3456528,0.15596973911499065
5,2,639146.7587578334,0.16239999,2.34592,0.15619513354715953
5,2,639151.7589517236,0.16239999,2.346321,0.15642052937309278
5,2,639156.7591456138,0.16239999,2.3465118,0.15664592764433058
5,2,639161.759339504,0.16239999,2.346779,0.15687132273281612
5,2,639166.7595333941,0.16239999,2.3470657,0.15709671637665396
5,2,639171.7597272843,0.16239999,2.3472373,0.15732211055909426
5,2,639176.7599211745,0.16239999,2.3477147,0.1575475080859603
5,2,639181.7601150647,0.16239999,2.3479438,0.15777290628551358
5,2,639186.7603089549,0.16239999,2.3481538,0.1579983023131001
5,2,639191.760502845,0.16239999,2.3485737,0.15822369875222028
5,2,639196.7606967352,0.16239999,2.3487265,0.15844909386319334
5,2,639201.7608906254,0.16239999,2.349032,0.15867449052522328
5,2,639206.7610845156,0.16239999,2.3493373,0.15889988817591383
5,2,639211.7612784058,0.16239999,2.3496046,0.15912528382668145
5,2,639216.761472296,0.16239999,2.3498719,0.1593506782418448
5,2,639221.7616661862,0.16239999,2.3502345,0.15957607503160584
5,2,639226.7618600763,0.16239999,2.3505018,0.15980147060210007
5,2,639231.7620539665,0.16239999,2.3509028,0.16002686453897172
5,2,639236.7622478567,0.16239999,2.3510172,0.16025225781051233
5,2,639241.7624417469,0.16239999,2.3513608,0.16047765312063528
5,2,639246.7626356371,0.16239999,2.3515327,0.16070304792754186
5,2,639251.7628295273,0.16239999,2.351838,0.1609284437244932
5,2,639256.7630234174,0.16239999,2.3522391,0.16115384101909896
5,2,639261.7632173076,0.16239999,2.3525636,0.16137924048249672
5,2,639266.7634111978,0.16239999,2.3527162,0.1616046394859246
5,2,639271.763605088,0.16239999,2.3530219,0.1618300380346419
5,2,639276.7637989782,0.16239999,2.3534036,0.16205543545187348
5,2,639281.7639928684,0.16239999,2.353499,0.16228083191146372
5,2,639286.7641867585,0.16239999,2.3537662,0.16250622706442164
5,2,639291.7643806487,0.16239999,2.3539953,0.16273162381244868
5,2,639296.7645745389,0.16239999,2.3543198,0.16295701947449978
5,2,639301.7647684291,0.16239999,2.354549,0.163182414012524
5,2,639306.7649623193,0.16239999,2.3550262,0.1634078091652079
5,2,639311.7651562095,0.16239999,2.3552744,0.16363320324570688
5,2,639316.7653500997,0.16239999,2.3556752,0.16385859681281698
5,2,639321.7655439898,0.16239999,2.3559234,0.16408399151079192
5,2,639326.76573788,0.16239999,2.3561335,0.16430938590905486
5,2,639331.7659317702,0.16239999,2.3563817,0.16453477742572958
5,2,639336.7661256604,0.16239999,2.356649,0.16476016844527674
5,2,639341.7663195506,0.16239999,2.3569734,0.1649855606635503
5,2,639346.7665134408,0.16239999,2.3571453,0.16521095193249238
5,2,639351.766707331,0.16239999,2.357508,0.16543634226663248
5,2,639356.7669012211,0.16239999,2.3578515,0.16566173316727914
5,2,639361.7670951113,0.16239999,2.3579853,0.16588712223704413
5,2,639366.7672890015,0.16239999,2.3583097,0.1661125119940275
5,2,639371.7674828917,0.16239999,2.3584435,0.16633789860519774
5,2,639376.7676767819,0.16239999,2.3589396,0.16656328554151545
5,2,639381.767870672,0.16239999,2.3590925,0.16678867198527114
5,2,639386.7680645622,0.16239999,2.3593407,0.16701405726035856
5,2,639391.7682584524,0.16239999,2.3596652,0.1672394437693449
5,2,639396.7684523426,0.16239999,2.3599133,0.16746483401496715
5,2,639401.7686462328,0.16239999,2.3600852,0.1676902238250367
5,2,639406.768840123,0.16239999,2.3603716,0.16791561231497348
5,2,639411.7690340132,0.16239999,2.3607342,0.16814100014742053
5,2,639416.7692279033,0.16239999,2.3608487,0.16836638815590743
5,2,639421.7694217935,0.16239999,2.3611925,0.16859177476105014
5,2,639426.7696156837,0.16239999,2.361326,0.16881716400826394
5,2,639431.7698095739,0.16239999,2.3614979,0.1690425542225366
5,2,639436.7700034641,0.16239999,2.3619177,0.1692679426091777
5,2,639441.7701973543,0.16239999,2.362185,0.16949332918951993
5,2,639446.7703912444,0.16239999,2.362376,0.16971871493182084
5,2,639451.7705851346,0.16239999,2.362586,0.1699441027905577
5,2,639456.7707790248,0.16239999,2.3631206,0.17016949038743312
5,2,639461.770972915,0.16239999,2.3631778,0.17039487958614033
5,2,639466.7711668052,0.16239999,2.363464,0.17062026745506875
5,2,639471.7713606954,0.16239999,2.3637886,0.17084565419388067
5,2,639476.7715545855,0.16239999,2.3639796,0.1710710418685741
5,2,639481.7717484757,0.16239999,2.3643231,0.17129643306668518
5,2,639486.7719423659,0.16239999,2.3645332,0.17152182167193294
5,2,639491.7721362561,0.16239999,2.3647432,0.17174721081962602
5,2,639496.7723301463,0.16239999,2.3651822,0.17197259690025862
5,2,639501.7725240365,0.16239999,2.365335,0.1721979836889224
5,2,639506.7727179267,0.16239999,2.3656785,0.17242336904136257
5,2,639511.7729118168,0.16239999,2.3656976,0.17264875639557756
5,2,639516.773105707,0.16239999,2.3660223,0.17287414371498178
5,2,639521.7732995972,0.16239999,2.366175,0.17309952881931678
5,2,639526.7734934874,0.16239999,2.3664613,0.17332491396944805
5,2,639531.7736873776,0.16239999,2.366824,0.1735502979987454
5,2,639536.7738812678,0.16239999,2.3670912,0.17377568211952432
5,2,639541.7740751579,0.16239999,2.3673203,0.17400106708427934
5,2,639546.7742690481,0.16239999,2.3675494,0.17422645284383498
5,2,639551.7744629383,0.16239999,2.3676066,0.17445183987603835
5,2,639556.7746568285,0.16239999,2.368103,0.17467722802024502
5,2,639561.7748507187,0.16239999,2.3684084,0.17490261815231709
5,2,639566.7750446089,0.16239999,2.3685994,0.1751280069398632
5,2,639571.775238499,0.16239999,2.3687713,0.17535339543602785
5,2,639576.7754323892,0.16239999,2.368943,0.1755787821384586
5,2,639581.7756262794,0.16239999,2.3691912,0.17580416724820025
5,2,639586.7758201696,0.16239999,2.3693821,0.17602955278476745
5,2,639591.7760140598,0.16239999,2.3697448,0.1762549369905583
5,2,639596.77620795,0.16239999,2.3698785,0.17648032127911517
5,2,639601.7764018402,0.16239999,2.3701458,0.17670570850983514
5,2,639606.7765957303,0.16239999,2.370375,0.17693109342285082
5,2,639611.7767896205,0.16239999,2.3706422,0.17715647851711927
5,2,639616.7769835107,0.16239999,2.370871,0.17738186225154334
5,2,639621.7771774009,0.16239999,2.3711958,0.1776072469346217
5,2,639626.7773712911,0.16239999,2.3713293,0.17783263187634035
5,2,639631.7775651813,0.16239999,2.3714056,0.1780580172503367
5,2,639636.7777590714,0.16239999,2.3717303,0.17828340414735758
5,2,639641.7779529616,0.16239999,2.3720357,0.17850879247730722
5,2,639646.7781468518,0.16239999,2.3720357,0.17873418095349852
5,2,639651.778340742,0.16239999,2.3723412,0.17895956848488748
5,2,639656.7785346322,0.16239999,2.3724747,0.17918495380205496
5,2,639661.7787285224,0.16239999,2.3727038,0.179410342670218
5,2,639666.7789224125,0.16239999,2.372952,0.17963573139046382
5,2,639671.7791163027,0.16239999,2.3732383,0.17986112140294083
5,2,639676.7793101929,0.16239999,2.3733912,0.18008651110082038
5,2,639681.7795040831,0.16239999,2.3735437,0.18031189872285144
5,2,639686.7796979733,0.16239999,2.3739638,0.1805372862270582
5,2,639691.7798918635,0.16239999,2.374021,0.18076267393215
5,2,639696.7800857536,0.16239999,2.3741739,0.18098806234664802
5,2,639701.7802796438,0.16239999,2.3744411,0.181213451730349
5,2,639706.780473534,0.16239999,2.374632,0.18143884223012627
5,2,639711.7806674242,0.16239999,2.3749948,0.18166423099329157
5,2,639716.7808613144,0.16239999,2.3752046,0.18188961939590176
5,2,639721.7810552046,0.16239999,2.3753765,0.18211500804684808
5,2,639726.7812490948,0.16239999,2.3756819,0.18234039765274443
5,2,639731.7814429849,0.16239999,2.375701,0.18256578712604363
5,2,639736.7816368751,0.16239999,2.3760448,0.1827911740446124
5,2,639741.7818307653,0.16239999,2.3762355,0.18301656014341947
5,2,639746.7820246555,0.16239999,2.3764837,0.183241948368729
5,2,639751.7822185457,0.16239999,2.3766556,0.1834673333734249
5,2,639756.7824124359,0.16239999,2.3769228,0.18369271877404633
5,2,639761.782606326,0.16239999,2.3769991,0.18391810521147317
5,2,639766.7828002162,0.16239999,2.377152,0.1841434929279064
5,2,639771.7829941064,0.16239999,2.3772855,0.18436888186644265
5,2,639776.7831879966,0.16239999,2.3775718,0.18459426770965176
5,2,639781.7833818868,0.16239999,2.377992,0.18481965321759136
5,2,639786.783575777,0.16239999,2.37824,0.1850450368979623
5,2,639791.7837696671,0.16239999,2.3784692,0.18527042243214617
5,2,639796.7839635573,0.16239999,2.3785646,0.18549580589627312
5,2,639801.7841574475,0.16239999,2.3787363,0.18572118843398744
5,2,639806.7843513377,0.16239999,2.378851,0.1859465737662887
5,2,639811.7845452279,0.16239999,2.3790991,0.18617196005812955
5,2,639816.7847391181,0.16239999,2.3793473,0.1863973480828049
5,2,639821.7849330083,0.16239999,2.3794618,0.18662273486055853
5,2,639826.7851268984,0.16239999,2.3796527,0.1868481221513194
5,2,639831.7853207886,0.16239999,2.3798053,0.1870735079719309
5,2,639836.7855146788,0.16239999,2.3799963,0.18729889370619676
5,2,639841.785708569,0.16239999,2.380359,0.1875242796587539
5,2,639846.7859024592,0.16239999,2.380569,0.1877496665246065
5,2,639851.7860963494,0.16239999,2.380569,0.1879750545189762
5,2,639856.7862902395,0.16239999,2.3808553,0.18820044420803508
5,2,639861.7864841297,0.16239999,2.3810081,0.18842583243050265
5,2,639866.7866780199,0.16239999,2.3812563,0.18865121963596929
5,2,639871.7868719101,0.16239999,2.3812754,0.1888766077901167
5,2,639876.7870658003,0.16239999,2.3815618,0.18910199638267614
5,2,639881.7872596905,0.16239999,2.38181,0.18932738391908596
5,2,639886.7874535806,0.16239999,2.3819053,0.18955277128314565
5,2,639891.7876474708,0.16239999,2.3821344,0.18977815476965415
5,2,639896.787841361,0.16239999,2.382478,0.19000353916178817
5,2,639901.7880352512,0.16239999,2.3825927,0.1902289236120425
5,2,639906.7882291414,0.16239999,2.382669,0.19045430979643355
5,2,639911.7884230316,0.16239999,2.3829935,0.19067969734487109
5,2,639916.7886169218,0.16239999,2.3829362,0.19090508367671905
5,2,639921.7888108119,0.16239999,2.3832989,0.1911304718488331
5,2,639926.7890047021,0.16239999,2.383547,0.1913558597380511
5,2,639931.7891985923,0.16239999,2.3835852,0.19158124661492065
5,2,639936.7893924825,0.16239999,2.3838909,0.19180663414597932
5,2,639941.7895863727,0.16239999,2.3841772,0.19203202201769176
5,2,639946.7897802629,0.16239999,2.3842344,0.19225741003707222
5,2,639951.789974153,0.16239999,2.3844826,0.19248279697189652
5,2,639956.7901680432,0.16239999,2.3847117,0.19270818369231626
5,2,639961.7903619334,0.16239999,2.3850744,0.19293357137736353
5,2,639966.7905558236,0.16239999,2.3850744,0.19315895962285837
5,2,639971.7907497138,0.16239999,2.385227,0.19338434702798482
5,2,639976.790943604,0.16239999,2.385437,0.19360973443035623
5,2,639981.7911374941,0.16239999,2.385647,0.19383511990562255
5,2,639986.7913313843,0.16239999,2.3858953,0.19406050336190322
5,2,639991.7915252745,0.16239999,2.3859906,0.19428589026372642
5,2,639996.7917191647,0.16239999,2.3861816,0.19451127939583288
5,2,640001.7919130549,0.16239999,2.3864107,0.19473666656913038
5,2,640006.7921069451,0.16239999,2.386697,0.19496205325851185
5,2,640011.7923008353,0.16239999,2.3867161,0.19518744048209166
5,2,640016.7924947254,0.16239999,2.3869452,0.1954128291394074
5,2,640021.7926886156,0.16239999,2.3871362,0.1956382175816133
5,2,640026.7928825058,0.16239999,2.387346,0.19586360607649478
5,2,640031.793076396,0.16239999,2.3874035,0.19608899376460173
5,2,640036.7932702862,0.16239999,2.387709,0.1963143828575107
5,2,640041.7934641764,0.16239999,2.3879762,0.19653977352106913
5,2,640046.7936580665,0.16239999,2.3881288,0.19676516508029412
5,2,640051.7938519567,0.16239999,2.388377,0.19699055769740387
5,2,640056.7940458469,0.16239999,2.3882625,0.1972159522528161
5,2,640061.7942397371,0.16239999,2.3885298,0.19744134646560677
5,2,640066.7944336273,0.16239999,2.3886824,0.19766673876882107
5,2,640071.7946275175,0.16239999,2.3888924,0.19789213088803914
5,2,640076.7948214076,0.16239999,2.3890643,0.19811752089558965
5,2,640081.7950152978,0.16239999,2.3890643,0.1983429127700512
5,2,640086.795209188,0.16239999,2.3893697,0.19856830412536292
5,2,640091.7954030782,0.16239999,2.3895032,0.19879369206117023
5,2,640096.7955969684,0.16239999,2.3897896,0.19901907854760864
5,2,640101.7957908586,0.16239999,2.3897133,0.19924446582281105
5,2,640106.7959847488,0.16239999,2.3899615,0.1994698530807215
5,2,640111.7961786389,0.16239999,2.3901525,0.19969523898767774
5,2,640116.7963725291,0.16239999,2.390324,0.1999206293710761
5,2,640121.7965664193,0.16239999,2.3903432,0.20014601750649771
5,2,640126.7967603095,0.16239999,2.3905532,0.20037140315402477
5,2,640131.7969541997,0.16239999,2.3905342,0.2005967918059049
5,2,640136.7971480899,0.16239999,2.3908014,0.20082218001673052
5,2,640141.79734198,0.16239999,2.3909543,0.20104756769698953
5,2,640146.7975358702,0.16239999,2.391145,0.20127295802409131
5,2,640151.7977297604,0.16239999,2.3913932,0.20149834479377846
5,2,640156.7979236506,0.16239999,2.391527,0.20172373068880137
5,2,640161.7981175408,0.16239999,2.3916605,0.20194911688404626
5,2,640166.798311431,0.16239999,2.3918514,0.202174501129759
5,2,640171.7985053211,0.16239999,2.3919659,0.2023998871921774
5,2,640176.7986992113,0.16239999,2.3921187,0.20262527480964873
5,2,640181.7988931015,0.16239999,2.3923287,0.20285066193548687
5,2,640186.7990869917,0.16239999,2.3923478,0.20307605173669274
5,2,640191.7992808819,0.16239999,2.3927677,0.20330144014697288
5,2,640196.7994747721,0.16239999,2.3928633,0.20352682918212825
5,2,640201.7996686623,0.16239999,2.3929777,0.2037522192207626
5,2,640206.7998625524,0.16239999,2.3931115,0.20397761072008408
5,2,640211.8000564426,0.16239999,2.3931878,0.2042030026089799
5,2,640216.8002503328,0.16239999,2.393474,0.20442839229777138
5,2,640221.800444223,0.16239999,2.3935504,0.20465378504564793
5,2,640226.8006381132,0.16239999,2.3937223,0.20487917807203712
5,2,640231.8008320034,0.16239999,2.3938177,0.20510456917437098
5,2,640236.8010258935,0.16239999,2.3939323,0.2053299615116154
5,2,640241.8012197837,0.16239999,2.394123,0.20555535362825889
5,2,640246.8014136739,0.16239999,2.3943903,0.20578074478252328
5,2,640251.8016075641,0.16239999,2.3945432,0.2060061338092719
5,2,640256.8018014543,0.16239999,2.394715,0.20623152084781657
5,2,640261.8019953445,0.16239999,2.3949249,0.20645690997045915
5,2,640266.8021892346,0.16239999,2.394982,0.20668229681800154
5,2,640271.8023831248,0.16239999,2.3952494,0.20690768462892223
5,2,640276.802577015,0.16239999,2.3952494,0.20713307250884025
5,2,640281.8027709052,0.16239999,2.395364,0.20735846055158325
5,2,640286.8029647954,0.16239999,2.395536,0.20758384682625877
5,2,640291.8031586856,0.16239999,2.395555,0.20780923523832126
5,2,640296.8033525757,0.16239999,2.395784,0.20803462062481803
5,2,640301.8035464659,0.16239999,2.3961468,0.20826000597100552
5,2,640306.8037403561,0.16239999,2.3961277,0.20848538890100532
5,2,640311.8039342463,0.16239999,2.3964903,0.20871077486383596
5,2,640316.8041281365,0.16239999,2.3965666,0.20893615879536018
5,2,640321.8043220267,0.16239999,2.3966432,0.20916154406822815
5,2,640326.8045159169,0.16239999,2.3968914,0.20938692824334082
5,2,640331.8047098075,0.16239999,2.3969295,0.2096123117191064
5,2,640336.8049036982,0.16239999,2.3971777,0.20983769680377604
5,2,640341.8050975888,0.16239999,2.3973112,0.21006308160549
5,2,640346.8052914795,0.16239999,2.3973494,0.2102884678676527
5,2,640351.8054853696,0.16239999,2.397445,0.2105138545668474
5,2,640356.8056792603,0.16239999,2.3975022,0.21073924215864898
5,2,640361.8058731509,0.16239999,2.3976166,0.21096463124838566
5,2,640366.8060670416,0.16239999,2.3977885,0.21119001915557858
5,2,640371.8062609322,0.16239999,2.397903,0.21141540831781355
5,2,640376.8064548229,0.16239999,2.3982084,0.21164079518897844
5,2,640381.8066487135,0.16239999,2.3983803,0.21186618017896525
5,2,640386.8068426042,0.16239999,2.3984375,0.21209156501552473
5,2,640391.8070364948,0.16239999,2.3985522,0.21231695007218349
5,2,640396.8072303855,0.16239999,2.3987813,0.2125423349388251
5,2,640401.8074242761,0.16239999,2.3988004,0.21276772160897994
5,2,640406.8076181668,0.16239999,2.3991249,0.21299310763208
5,2,640411.8078120574,0.16239999,2.3990676,0.21321849247535163
5,2,640416.8080059481,0.16239999,2.3992202,0.2134438765360151
5,2,640421.8081998387,0.16239999,2.3994303,0.21366926264778532
5,2,640426.8083937294,0.16239999,2.3995447,0.21389464862660326
5,2,640431.80858762,0.16239999,2.3997166,0.21412003279586062
5,2,640436.8087815105,0.16239999,2.3997548,0.21434541794364576
5,2,640441.8089754009,0.16239999,2.3999076,0.21457080384945298
5,2,640446.8091692913,0.16239999,2.4001749,0.21479618964608932
5,2,640451.8093631817,0.16239999,2.400232,0.21502157345176331
5,2,640456.8095570721,0.16239999,2.4004803,0.2152469580215076
5,2,640461.8097509625,0.16239999,2.400423,0.21547234241858382
5,2,640466.809944853,0.16239999,2.4005184,0.21569772829962944
5,2,640471.8101387434,0.16239999,2.4005756,0.21592311421578136
5,2,640476.8103326338,0.16239999,2.4007094,0.2161485010721088
5,2,640481.8105265242,0.16239999,2.4008238,0.216373889869589
5,2,640486.8107204147,0.16239999,2.4010148,0.21659927920298616
5,2,640491.8109143053,0.16239999,2.4012055,0.21682466836160344
5,2,640496.8111081958,0.16239999,2.401282,0.21705005691711526
5,2,640501.8113020863,0.16239999,2.4013584,0.21727544117702136
5,2,640506.8114959769,0.16239999,2.4014537,0.21750082628996759
5,2,640511.8116898674,0.16239999,2.4014537,0.21772621372624656
5,2,640516.8118837575,0.16239999,2.4017594,0.21795160227243524
5,2,640521.812077648,0.16239999,2.401893,0.21817699153052605
5,2,640526.8122715385,0.16239999,2.4019692,0.21840238332816217
5,2,640531.8124654291,0.16239999,2.402122,0.21862777405884948
5,2,640536.8126593196,0.16239999,2.4023702,0.2188531654232542
5,2,640541.8128532101,0.16239999,2.4024084,0.21907855879888521
5,2,640546.8130471006,0.16239999,2.4026375,0.21930395004051098
5,2,640551.8132409912,0.16239999,2.4027328,0.2195293402667261
5,2,640556.8134348816,0.16239999,2.4028666,0.21975473284165564
5,2,640561.8136287722,0.16239999,2.4030764,0.21998012477194437
5,2,640566.8138226627,0.16239999,2.4031339,0.22020551565741833
5,2,640571.8140165532,0.16239999,2.4030955,0.22043090497823228
5,2,640576.8142104438,0.16239999,2.4032865,0.22065629282708885
5,2,640581.8144043343,0.16239999,2.4034584,0.22088168178736672
5,2,640586.8145982248,0.16239999,2.4035919,0.22110706915460865
5,2,640591.8147921155,0.16239999,2.4036493,0.22133245511352279
5,2,640596.8149860059,0.16239999,2.4038973,0.22155784190796324
5,2,640601.8151798963,0.16239999,2.403993,0.22178322698805242
5,2,640606.8153737867,0.16239999,2.4041073,0.2220086127395424
5,2,640611.8155676771,0.16239999,2.4040692,0.22223399768302268
5,2,640616.8157615676,0.16239999,2.404241,0.2224593834117031
5,2,640621.815955458,0.16239999,2.4044893,0.22268476649794405
5,2,640626.8161493484,0.16239999,2.404451,0.22291015297852218
5,2,640631.8163432386,0.16239999,2.404699,0.2231355399268668
5,2,640636.8165371292,0.16239999,2.4047947,0.22336092696715323
5,2,640641.8167310199,0.16239999,2.404871,0.22358631500597806
5,2,640646.8169249105,0.16239999,2.4049282,0.22381170361300404
5,2,640651.8171188012,0.16239999,2.405081,0.22403709239591174
5,2,640656.8173126918,0.16239999,2.4051192,0.2242624821405354
5,2,640661.8175065825,0.16239999,2.4054437,0.22448787016199293
5,2,640666.8177004731,0.16239999,2.4054818,0.2247132614712261
5,2,640671.8178943638,0.16239999,2.4054627,0.22493865287502204
5,2,640676.8180882544,0.16239999,2.405749,0.22516404172084822
5,2,640681.8182821446,0.16239999,2.405902,0.22538943183423177
5,2,640686.8184760353,0.16239999,2.40594,0.22561482225710497
5,2,640691.8186699259,0.16239999,2.40615,0.2258402096707102
5,2,640696.8188638166,0.16239999,2.406093,0.22606559529144
5,2,640701.8190577072,0.16239999,2.40615,0.2262909821222459
5,2,640706.8192515979,0.16239999,2.4062073,0.22651636470072897
5,2,640711.8194454885,0.16239999,2.4064937,0.22674174886498533
5,2,640716.8196393792,0.16239999,2.406551,0.22696713591125456
5,2,640721.8198332698,0.16239999,2.4067037,0.22719252011203697
5,2,640726.8200271605,0.16239999,2.4068754,0.22741790473145426
5,2,640731.8202210511,0.16239999,2.4068182,0.22764329317962145
5,2,640736.8204149418,0.16239999,2.4068182,0.227868680861508
5,2,640741.820608832,0.16239999,2.4071236,0.22809406757343906
5,2,640746.8208027221,0.16239999,2.4070282,0.228319457914283
5,2,640751.8209966123,0.16239999,2.4072192,0.22854484713942158
5,2,640756.8211905025,0.16239999,2.4073145,0.2287702352100844
5,2,640761.8213843927,0.16239999,2.4075055,0.22899562193338174
5,2,640766.8215782829,0.16239999,2.4075437,0.22922100908332582
5,2,640771.821772173,0.16239999,2.40762,0.2294463976459041
5,2,640776.8219660632,0.16239999,2.4078681,0.22967178588563716
5,2,640781.8221599534,0.16239999,2.4079063,0.2298971748083525
5,2,640786.8223538436,0.16239999,2.4080782,0.23012256396469405
5,2,640791.8225477338,0.16239999,2.4083264,0.2303479547612114
5,2,640796.822741624,0.16239999,2.4081354,0.23057334343556496
5,2,640801.8229355142,0.16239999,2.4085364,0.2307987319114342
5,2,640806.8231294043,0.16239999,2.408479,0.2310241192061356
5,2,640811.8233232945,0.16239999,2.4086127,0.23124950671284245
5,2,640816.8235171847,0.16239999,2.40867,0.23147489430867976
5,2,640821.8237110749,0.16239999,2.4086127,0.23170028197918513
5,2,640826.8239049651,0.16239999,2.4088228,0.23192567023729627
5,2,640831.8240988553,0.16239999,2.409109,0.23215105684139092
5,2,640836.8242927454,0.16239999,2.4090326,0.23237644400584292
5,2,640841.8244866356,0.16239999,2.4092045,0.23260183097711298
5,2,640846.8246805258,0.16239999,2.4092617,0.23282721995850827
5,2,640851.824874416,0.16239999,2.4092617,0.2330526100029557
5,2,640856.8250683062,0.16239999,2.4093382,0.23327799959898418
5,2,640861.8252621964,0.16239999,2.4096818,0.2335033884441986
5,2,640866.8254560865,0.16239999,2.40972,0.23372877738359332
5,2,640871.8256499767,0.16239999,2.4098153,0.23395416683245046
5,2,640876.8258438669,0.16239999,2.4100444,0.23417955618433994
5,2,640881.8260377571,0.16239999,2.409911,0.2344049455781944
5,2,640886.8262316473,0.16239999,2.4101782,0.23463033283682838
5,2,640891.8264255375,0.16239999,2.4102545,0.23485571925801543
5,2,640896.8266194277,0.16239999,2.410369,0.23508110509738583
5,2,640901.8268133178,0.16239999,2.410598,0.23530648975521004
5,2,640906.827007208,0.16239999,2.4105217,0.23553187406396295
5,2,640911.8272010982,0.16239999,2.4107318,0.2357572594557877
5,2,640916.8273949884,0.16239999,2.410999,0.2359826440801257
5,2,640921.8275888786,0.16239999,2.4108844,0.2362080292581304
5,2,640926.8277827688,0.16239999,2.4110944,0.23643341559914507
5,2,640931.8279766589,0.16239999,2.4110372,0.23665880159632788
5,2,640936.8281705491,0.16239999,2.4111898,0.23688418967483368
5,2,640941.8283644393,0.16239999,2.4113808,0.23710957792425166
5,2,640946.8285583295,0.16239999,2.4113998,0.23733496828247286
5,2,640951.8287522197,0.16239999,2.411457,0.23756035682053792
5,2,640956.8289461099,0.16239999,2.411667,0.2377857478799465
5,2,640961.82914,0.16239999,2.4117243,0.23801113875855184
5,2,640966.8293338902,0.16239999,2.411839,0.2382365266738419
5,2,640971.8295277804,0.16239999,2.4117625,0.23846191605254935
5,2,640976.8297216706,0.16239999,2.4120681,0.23868730446632383
5,2,640981.8299155608,0.16239999,2.4120107,0.23891269095122164
5,2,640986.830109451,0.16239999,2.412278,0.23913807774324314
5,2,640991.8303033412,0.16239999,2.4122207,0.23936346607000641
5,2,640996.8304972313,0.16239999,2.4124117,0.239588854670783
5,2,641001.8306911215,0.16239999,2.4124498,0.23981424149570957
5,2,641006.8308850117,0.16239999,2.412488,0.24003962887715477
5,2,641011.8310789019,0.16239999,2.4125836,0.2402650131535937
5,2,641016.8312727921,0.16239999,2.4127553,0.24049039692946536
5,2,641021.8314666823,0.16239999,2.4129272,0.24071577839485486
5,2,641026.8316605724,0.16239999,2.412889,0.24094115926573026
5,2,641031.8318544626,0.16239999,2.4129272,0.24116654183648045
5,2,641036.8320483528,0.16239999,2.4129272,0.24139192596874154
5,2,641041.832242243,0.16239999,2.4132326,0.24161731104305403
5,2,641046.8324361332,0.16239999,2.413366,0.24184269581318996
5,2,641051.8326300234,0.16239999,2.413366,0.2420680807342407
5,2,641056.8328239135,0.16239999,2.413557,0.24229346432228072
5,2,641061.8330178037,0.16239999,2.4134998,0.24251884712360566
5,2,641066.8332116939,0.16239999,2.4136333,0.24274422888372688
5,2,641071.8334055841,0.16239999,2.4138052,0.2429696122341679
5,2,641076.8335994743,0.16239999,2.4140153,0.2431949971461778
5,2,641081.8337933645,0.16239999,2.4139197,0.2434203809608264
5,2,641086.8339872546,0.16239999,2.4140916,0.24364576199831084
5,2,641091.8341811448,0.16239999,2.4140153,0.24387114572883248
5,2,641096.834375035,0.16239999,2.4142063,0.2440965288425553
5,2,641101.8345689252,0.16239999,2.4143589,0.24432191112025348
5,2,641106.8347628154,0.16239999,2.4144733,0.24454729556447946
5,2,641111.8349567056,0.16239999,2.4143016,0.24477268047828493
5,2,641116.8351505958,0.16239999,2.4145498,0.24499806601509636
5,2,641121.8353444859,0.16239999,2.414607,0.24522345311623497
5,2,641126.8355383761,0.16239999,2.4147406,0.24544884104221
5,2,641131.8357322663,0.16239999,2.4148362,0.24567422889001103
5,2,641136.8359261565,0.16239999,2.4148552,0.24589961694121376
5,2,641141.8361200467,0.16239999,2.4149697,0.2461250065123904
5,2,641146.8363139369,0.16239999,2.4150271,0.24635040041489087
5,2,641151.836507827,0.16239999,2.4151607,0.24657579371702437
5,2,641156.8367017172,0.16239999,2.4152179,0.24680118712147836
5,2,641161.8368956074,0.16239999,2.4153135,0.2470265811511238
5,2,641166.8370894976,0.16239999,2.4153135,0.247251974724124
5,2,641171.8372833878,0.16239999,2.415466,0.24747736882867677
5,2,641176.837477278,0.16239999,2.415657,0.24770276316641945
5,2,641181.8376711681,0.16239999,2.4155807,0.2479281583696431
5,2,641186.8378650583,0.16239999,2.4157333,0.24815355271686956
5,2,641191.8380589485,0.16239999,2.4158287,0.24837894711334932
5,2,641196.8382528387,0.16239999,2.4159625,0.24860434280342952
5,2,641201.8384467289,0.16239999,2.4160388,0.24882973734175012
5,2,641206.8386406191,0.16239999,2.4162107,0.24905513177954833
5,2,641211.8388345093,0.16239999,2.4161344,0.24928052594604355
5,2,641216.8390283994,0.16239999,2.416287,0.2495059212394573
5,2,641221.8392222896,0.16239999,2.4164016,0.24973131244828728
5,2,641226.8394161798,0.16239999,2.4164016,0.249956706000204
5,2,641231.83961007,0.16239999,2.4163442,0.2501820993660143
5,2,641236.8398039602,0.16239999,2.4167833,0.25040749136245016
5,2,641241.8399978504,0.16239999,2.4168215,0.2506328797989423
5,2,641246.8401917405,0.16239999,2.4168024,0.2508582701704967
5,2,641251.8403856307,0.16239999,2.4170506,0.25108366146770716
5,2,641256.8405795209,0.16239999,2.4170125,0.25130905253153146
5,2,641261.8407734111,0.16239999,2.417127,0.25153444599706865
5,2,641266.8409673013,0.16239999,2.4172225,0.25175983732448126
5,2,641271.8411611915,0.16239999,2.4172225,0.2519852271875518
5,2,641276.8413550816,0.16239999,2.417356,0.2522106184547612
5,2,641281.8415489718,0.16239999,2.4174323,0.2524360085043322
5,2,641286.841742862,0.16239999,2.4176805,0.25266140160190587
5,2,641291.8419367522,0.16239999,2.4176042,0.2528867919901554
5,2,641296.8421306424,0.16239999,2.4176233,0.2531121813123005
5,2,641301.8423245326,0.16239999,2.4178524,0.25333756806880675
5,2,641306.8425184228,0.16239999,2.4179287,0.2535629574082844
5,2,641311.8427123129,0.16239999,2.4179287,0.2537883465641615
5,2,641316.8429062031,0.16239999,2.4181387,0.2540137358650733
5,2,641321.8431000933,0.16239999,2.4181197,0.254239124316359
5,2,641326.8432939835,0.16239999,2.418215,0.25446451053926206
5,2,641331.8434878737,0.16239999,2.4183488,0.2546898974464604
5,2,641336.8436817639,0.16239999,2.418406,0.25491528390316937
5,2,641341.843875654,0.16239999,2.4183679,0.25514067104089116
5,2,641346.8440695442,0.16239999,2.4185014,0.25536605718317235
5,2,641351.8442634344,0.16239999,2.418578,0.25559144414594626
5,2,641356.8444573246,0.16239999,2.4187877,0.25581682994312815
5,2,641361.8446512148,0.16239999,2.4185588,0.2560422150065156
5,2,641366.844845105,0.16239999,2.4187496,0.256267601826293
5,2,641371.8450389951,0.16239999,2.4188452,0.25649298941820553
5,2,641376.8452328853,0.16239999,2.4187877,0.2567183794739704
5,2,641381.8454267755,0.16239999,2.4188643,0.25694376799330304
5,2,641386.8456206657,0.16239999,2.4189405,0.25716915751121877
5,2,641391.8458145559,0.16239999,2.4190934,0.2573945455461246
5,2,641396.8460084461,0.16239999,2.4192078,0.25761993582491516
5,2,641401.8462023363,0.16239999,2.419246,0.25784532330462606
5,2,641406.8463962264,0.16239999,2.4193032,0.25807071162050405
5,2,641411.8465901166,0.16239999,2.419456,0.25829610091446775
5,2,641416.8467840068,0.16239999,2.4195704,0.25852149158144433
5,2,641421.846977897,0.16239999,2.419456,0.25874688461882644
5,2,641426.8471717872,0.16239999,2.4197042,0.25897227491971375
5,2,641431.8473656774,0.16239999,2.4197614,0.25919766394181076
5,2,641436.8475595675,0.16239999,2.4198759,0.2594230543481627
5,2,641441.8477534577,0.16239999,2.4199715,0.25964844701156703
5,2,641446.8479473479,0.16239999,2.4198377,0.25987384043262673
5,2,641451.8481412381,0.16239999,2.4199905,0.2600992334877495
5,2,641456.8483351283,0.16239999,2.420086,0.2603246250526063
5,2,641461.8485290185,0.16239999,2.4202387,0.26055001746724404
5,2,641466.8487229086,0.16239999,2.4202197,0.26077541139520644
5,2,641471.8489167988,0.16239999,2.420296,0.26100080406959625
5,2,641476.849110689,0.16239999,2.4203722,0.26122619704221955
5,2,641481.8493045792,0.16239999,2.4203722,0.26145158848406064
5,2,641486.8494984694,0.16239999,2.4205632,0.2616769793654939
5,2,641491.8496923596,0.16239999,2.4206586,0.26190237244640063
5,2,641496.8498862498,0.16239999,2.420716,0.26212776476698474
5,2,641501.8500801399,0.16239999,2.4207923,0.2623531578875186
5,2,641506.8502740301,0.16239999,2.4209068,0.26257854971406297
5,2,641511.8504679203,0.16239999,2.4209068,0.26280394172002475
5,2,641516.8506618105,0.16239999,2.4210215,0.2630293339135582
5,2,641521.8508557007,0.16239999,2.4211931,0.26325472907609754
5,2,641526.8510495909,0.16239999,2.421136,0.2634801218226487
5,2,641531.851243481,0.16239999,2.421136,0.2637055125170649
5,2,641536.8514373712,0.16239999,2.421384,0.2639309026466651
5,2,641541.8516312614,0.16239999,2.4213078,0.26415629170345445
5,2,641546.8518251516,0.16239999,2.4214222,0.2643816801407355
5,2,641551.8520190418,0.16239999,2.4214604,0.2646070689326021
5,2,641556.852212932,0.16239999,2.4216323,0.2648324612649167
5,2,641561.8524068221,0.16239999,2.4216514,0.2650578551022809
5,2,641566.8526007123,0.16239999,2.4216132,0.26528325023196736
5,2,641571.8527946025,0.16239999,2.4216895,0.26550864117561296
5,2,641576.8529884927,0.16239999,2.4217658,0.2657340317244134
5,2,641581.8531823829,0.16239999,2.422033,0.26595942250759996
5,2,641586.8533762731,0.16239999,2.4219377,0.26618481545829703
5,2,641591.8535701632,0.16239999,2.4220905,0.2664102089649018
5,2,641596.8537640534,0.16239999,2.4219186,0.26663560372301454
5,2,641601.8539579436,0.16239999,2.4221287,0.26686099765422044
5,2,641606.8541518338,0.16239999,2.422243,0.2670863914990832
5,2,641611.854345724,0.16239999,2.4222622,0.26731178260458355
5,2,641616.8545396142,0.16239999,2.422434,0.2675371737825946
5,2,641621.8547335044,0.16239999,2.4223769,0.26776256634629697
5,2,641626.8549273945,0.16239999,2.4224913,0.2679879600417822
5,2,641631.8551212847,0.16239999,2.4226441,0.26821335013105735
5,2,641636.8553151749,0.16239999,2.4228733,0.26843874024980946
5,2,641641.8555090651,0.16239999,2.4227967,0.2686641320683304
5,2,641646.8557029553,0.16239999,2.4229496,0.2688895230820437
5,2,641651.8558968455,0.16239999,2.4231021,0.2691149178766726
5,2,641656.8560907356,0.16239999,2.4231021,0.26934031262797464
5,2,641661.8562846258,0.16239999,2.4231212,0.26956570757860954
5,2,641666.856478516,0.16239999,2.4232168,0.26979110242125987
5,2,641671.8566724062,0.16239999,2.4231977,0.2700164968722564
5,2,641676.8568662964,0.16239999,2.4231787,0.270241891569425
5,2,641681.8570601866,0.16239999,2.4233885,0.27046728309382184
5,2,641686.8572540767,0.16239999,2.4235604,0.2706926741475564
5,2,641691.8574479669,0.16239999,2.4233694,0.27091806640296195
5,2,641696.8576418571,0.16239999,2.4236557,0.2711434562331928
5,2,641701.8578357473,0.16239999,2.4235604,0.27136884621488483
5,2,641706.8580296375,0.16239999,2.4236367,0.27159423740382427
5,2,641711.8582235277,0.16239999,2.4237323,0.2718196297458619
5,2,641716.8584174179,0.16239999,2.4237323,0.2720450199033777
5,2,641721.858611308,0.16239999,2.4238276,0.2722704111114312
5,2,641726.8588051982,0.16239999,2.423942,0.27249580214365593
5,2,641731.8589990884,0.16239999,2.4239805,0.27272119269187606
5,2,641736.8591929786,0.16239999,2.4240377,0.2729465811932354
5,2,641741.8593868688,0.16239999,2.4242094,0.2731719674887014
5,2,641746.859580759,0.16239999,2.4242668,0.27339735271911514
5,2,641751.8597746491,0.16239999,2.424324,0.27362273855749625
5,2,641756.8599685393,0.16239999,2.424286,0.2738481235272158
5,2,641761.8601624295,0.16239999,2.4244194,0.2740735098497208
5,2,641766.8603563197,0.16239999,2.424496,0.27429890051352257
5,2,641771.8605502099,0.16239999,2.4246104,0.2745242917328968
5,2,641776.8607441001,0.16239999,2.4247248,0.27474968290066826
5,2,641781.8609379902,0.16239999,2.424763,0.2749750735039581
5,2,641786.8611318804,0.16239999,2.4249349,0.2752004627082226
5,2,641791.8613257706,0.16239999,2.4250686,0.27542585266317204
5,2,641796.8615196608,0.16239999,2.4250495,0.27565124143402137
5,2,641801.861713551,0.16239999,2.425145,0.27587662861191586
5,2,641806.8619074412,0.16239999,2.425164,0.2761020154904427
5,2,641811.8621013314,0.16239999,2.4252975,0.27632740137621203
5,2,641816.8622952215,0.16239999,2.425393,0.27655278813550394
5,2,641821.8624891117,0.16239999,2.4252594,0.2767781767400762
5,2,641826.8626830019,0.16239999,2.425336,0.27700356580601654
5,2,641831.8628768921,0.16239999,2.4254122,0.277228955354228
5,2,641836.8630707823,0.16239999,2.4256222,0.2774543429337427
5,2,641841.8632646725,0.16239999,2.425584,0.27767972948389186
5,2,641846.8634585626,0.16239999,2.4257367,0.277905116575084
5,2,641851.8636524528,0.16239999,2.4257557,0.27813050502633735
5,2,641856.863846343,0.16239999,2.4258513,0.2783558928178832
5,2,641861.8640402332,0.16239999,2.425813,0.278581282399388
5,2,641866.8642341234,0.16239999,2.426004,0.2788066745315974
5,2,641871.8644280136,0.16239999,2.4259086,0.2790320686758146
5,2,641876.8646219037,0.16239999,2.4259849,0.27925746410507646
5,2,641881.8648157939,0.16239999,2.426004,0.2794828606496894
5,2,641886.8650096841,0.16239999,2.426214,0.2797082583310921
5,2,641891.8652035743,0.16239999,2.4261758,0.2799336558314953
5,2,641896.8653974645,0.16239999,2.4262903,0.2801590542351821
5,2,641901.8655913547,0.16239999,2.4263475,0.2803844518634944
5,2,641906.8657852449,0.16239999,2.4265766,0.28060984782495124
5,2,641911.865979135,0.16239999,2.426424,0.28083524446755337
5,2,641916.8661730252,0.16239999,2.4265003,0.2810606416578535
5,2,641921.8663669154,0.16239999,2.426844,0.2812860392406254
5,2,641926.8665608056,0.16239999,2.426653,0.28151143563303954
5,2,641931.8667546958,0.16239999,2.4268248,0.2817368314579355
5,2,641936.866948586,0.16239999,2.426882,0.28196222642441776
5,2,641941.8671424761,0.16239999,2.426901,0.28218761806266607
5,2,641946.8673363668,0.16239999,2.4269395,0.28241300953256604
5,2,641951.8675302574,0.16239999,2.4269395,0.2826384016193352
5,2,641956.8677241481,0.16239999,2.4269202,0.28286379397460254
5,2,641961.8679180387,0.16239999,2.4271302,0.28308918557896234
5,2,641966.8681119294,0.16239999,2.427264,0.28331457593440446
5,2,641971.86830582,0.16239999,2.4273403,0.28353996566462614
5,2,641976.8684997107,0.16239999,2.4273212,0.2837653562212762
5,2,641981.8686936013,0.16239999,2.4273784,0.2839907463944556
5,2,641986.868887492,0.16239999,2.427474,0.28421613853418515
5,2,641991.8690813826,0.16239999,2.427722,0.2844415294720383
5,2,641996.8692752733,0.16239999,2.4276075,0.28466691867110067
5,2,642001.8694691639,0.16239999,2.427741,0.28489230996365944
5,2,642006.8696630546,0.16239999,2.4276457,0.2851177003898821
5,2,642011.8698569452,0.16239999,2.4277794,0.2853430923077747
5,2,642016.8700508359,0.16239999,2.427741,0.2855684836619804
5,2,642021.8702447265,0.16239999,2.427932,0.28579387236466935
5,2,642026.8704386172,0.16239999,2.427913,0.2860192607363141
5,2,642031.8706325078,0.16239999,2.4280849,0.2862446496104906
5,2,642036.8708263985,0.16239999,2.428104,0.28647004210973465
5,2,642041.8710202891,0.16239999,2.428333,0.28669543417872173
5,2,642046.8712141796,0.16239999,2.428333,0.2869208266472412
5,2,642051.87140807,0.16239999,2.4283903,0.28714621802938
5,2,642056.8716019604,0.16239999,2.4283903,0.2873716120027504
5,2,642061.8717958508,0.16239999,2.4284093,0.28759700664658694
5,2,642066.8719897412,0.16239999,2.4284856,0.28782240035776724
5,2,642071.8721836312,0.16239999,2.4286957,0.2880477945044903
5,2,642076.8723775216,0.16239999,2.428753,0.28827318907998517
5,2,642081.872571412,0.16239999,2.4285047,0.28849858212193696
5,2,642086.8727653024,0.16239999,2.4287338,0.2887239760100777
5,2,642091.8729591928,0.16239999,2.428772,0.2889493689946989
5,2,642096.8731530834,0.16239999,2.4288294,0.28917475987692937
5,2,642101.8733469739,0.16239999,2.428982,0.2894001481949978
5,2,642106.8735408644,0.16239999,2.4289439,0.2896255351663068
5,2,642111.873734755,0.16239999,2.428982,0.28985092241640903
5,2,642116.8739286455,0.16239999,2.4290967,0.2900763126867291
5,2,642121.874122536,0.16239999,2.4293256,0.2903017011405786
5,2,642126.8743164266,0.16239999,2.429192,0.29052709111235475
5,2,642131.8745103171,0.16239999,2.4292874,0.2907524796727252
5,2,642136.8747042076,0.16239999,2.4293637,0.2909778708071761
5,2,642141.8748980982,0.16239999,2.4293637,0.2912032640433372
5,2,642146.875091989,0.16239999,2.429383,0.2914286556399293
5,2,642151.8752858795,0.16239999,2.429383,0.2916540421048869
5,2,642156.87547977,0.16239999,2.4294593,0.29187942875634904
5,2,642161.8756736605,0.16239999,2.429612,0.2921048133060521
5,2,642166.875867551,0.16239999,2.4296885,0.29233020046898667
5,2,642171.8760614415,0.16239999,2.429822,0.2925555879663091
5,2,642176.876255332,0.16239999,2.429803,0.2927809773582438
5,2,642181.8764492226,0.16239999,2.429803,0.2930063660452849
5,2,642186.876643113,0.16239999,2.42986,0.29323175554861325
5,2,642191.8768370035,0.16239999,2.4299939,0.2934571422724743
5,2,642196.8770308939,0.16239999,2.4301274,0.29368252904773284
5,2,642201.8772247843,0.16239999,2.4300892,0.2939079131845545
5,2,642206.8774186748,0.16239999,2.430242,0.29413329688331763
5,2,642211.8776125652,0.16239999,2.430204,0.2943586783779904
5,2,642216.8778064556,0.16239999,2.4304137,0.29458406226063055
5,2,642221.878000346,0.16239999,2.4302611,0.29480944762439726
5,2,642226.8781942364,0.16239999,2.4303565,0.29503483275359405
5,2,642231.8783881268,0.16239999,2.4304903,0.2952602205896141
5,2,642236.8785820168,0.16239999,2.430662,0.29548561145278185
5,2,642241.8787759072,0.16239999,2.4307,0.29571100069283235
5,2,642246.8789697979,0.16239999,2.4307384,0.29593638825716945
5,2,642251.8791636885,0.16239999,2.430872,0.29616177740564237
5,2,642256.8793575792,0.16239999,2.430891,0.29638716630813683
5,2,642261.8795514698,0.16239999,2.4309673,0.29661255450055124
5,2,642266.8797453605,0.16239999,2.430891,0.29683794480820036
5,2,642271.8799392511,0.16239999,2.431063,0.2970633340025887
5,2,642276.8801331418,0.16239999,2.4309292,0.29728872337891693
5,2,642281.8803270324,0.16239999,2.4311202,0.297514112205365
5,2,642286.8805209231,0.16239999,2.4313111,0.2977395013154641
5,2,642291.8807148137,0.16239999,2.4312537,0.2979648914994171
5,2,642296.8809087044,0.16239999,2.4313302,0.29819028000841247
5,2,642301.881102595,0.16239999,2.4315403,0.29841566587610585
5,2,642306.8812964857,0.16239999,2.4315403,0.2986410543232854
5,2,642311.8814903763,0.16239999,2.4316547,0.29886644395926387
5,2,642316.881684267,0.16239999,2.4316738,0.29909183368546394
5,2,642321.8818781576,0.16239999,2.431712,0.29931722241988823
5,2,642326.8820720483,0.16239999,2.43175,0.299542610389777
5,2,642331.8822659389,0.16239999,2.431941,0.29976799685340505
5,2,642336.8824598296,0.16239999,2.4319792,0.2999933811744862
5,2,642341.8826537202,0.16239999,2.431922,0.30021876742260867
5,2,642346.8828476109,0.16239999,2.431941,0.3004441533642308
5,2,642351.883041501,0.16239999,2.4320748,0.30066953995764634
5,2,642356.8832353912,0.16239999,2.4323037,0.3008949238467536
5,2,642361.8834292814,0.16239999,2.432151,0.30112030568047166
5,2,642366.8836231716,0.16239999,2.4321702,0.3013456900918762
5,2,642371.8838170618,0.16239999,2.4323611,0.3015710751228337
5,2,642376.884010952,0.16239999,2.4324183,0.30179645992300624
5,2,642381.8842048422,0.16239999,2.4324374,0.3020218447807949
5,2,642386.8843987323,0.16239999,2.4324183,0.3022472328393596
5,2,642391.8845926225,0.16239999,2.4325519,0.30247262112444934
5,2,642396.8847865127,0.16239999,2.4326284,0.30269800686306386
5,2,642401.8849804029,0.16239999,2.4327238,0.30292339105251226
5,2,642406.8851742931,0.16239999,2.4328382,0.30314877788267325
5,2,642411.8853681833,0.16239999,2.4328573,0.30337416539951867
5,2,642416.8855620734,0.16239999,2.432953,0.3035995561678753
5,2,642421.8857559636,0.16239999,2.432972,0.30382494472118676
5,2,642426.8859498538,0.16239999,2.43301,0.3040503316019364
5,2,642431.886143744,0.16239999,2.433201,0.3042757195777831
5,2,642436.8863376342,0.16239999,2.4331245,0.30450110846054845
5,2,642441.8865315244,0.16239999,2.433163,0.3047264971812082
5,2,642446.8867254145,0.16239999,2.4332392,0.30495188466381157
5,2,642451.8869193047,0.16239999,2.4333155,0.30517727174477566
5,2,642456.8871131949,0.16239999,2.4333918,0.30540265908728825
5,2,642461.8873070851,0.16239999,2.4334683,0.30562804339207
5,2,642466.8875009753,0.16239999,2.4335065,0.3058534292817881
5,2,642471.8876948655,0.16239999,2.4335828,0.3060788147573971
5,2,642476.8878887556,0.16239999,2.433659,0.30630419993752855
5,2,642481.8880826458,0.16239999,2.4336782,0.30652958601987645
5,2,642486.888276536,0.16239999,2.4339073,0.30675497373132526
5,2,642491.8884704262,0.16239999,2.4339838,0.3069803627577022
5,2,642496.8886643164,0.16239999,2.434022,0.3072057551540256
5,2,642501.8888582066,0.16239999,2.4341173,0.30743114829684665
5,2,642506.8890520968,0.16239999,2.434041,0.30765654200972986
5,2,642511.8892459869,0.16239999,2.4341745,0.3078819352208893
5,2,642516.8894398771,0.16239999,2.4342701,0.3081073286170359
5,2,642521.8896337673,0.16239999,2.434251,0.30833272210658874
5,2,642526.8898276575,0.16239999,2.4341936,0.3085581117302638
5,2,642531.8900215477,0.16239999,2.4343846,0.30878350302194096
5,2,642536.8902154379,0.16239999,2.4343464,0.30900889611708987
5,2,642541.890409328,0.16239999,2.4345183,0.309234285280002
5,2,642546.8906032182,0.16239999,2.4344037,0.3094596744946162
5,2,642551.8907971084,0.16239999,2.4345374,0.3096850648892707
5,2,642556.8909909986,0.16239999,2.4347856,0.3099104567866014
5,2,642561.8911848888,0.16239999,2.4346519,0.3101358474569051
5,2,642566.891378779,0.16239999,2.4347663,0.3103612355760505
5,2,642571.8915726691,0.16239999,2.434881,0.3105866196197722
5,2,642576.8917665593,0.16239999,2.4347856,0.3108120063363069
5,2,642581.8919604495,0.16239999,2.434919,0.31103739283983695
5,2,642586.8921543397,0.16239999,2.4349573,0.3112627775950601
5,2,642591.8923482299,0.16239999,2.4350526,0.31148816542975477
5,2,642596.8925421201,0.16239999,2.4351292,0.31171355557114006
5,2,642601.8927360103,0.16239999,2.4350526,0.31193894764931535
5,2,642606.8929299004,0.16239999,2.43532,0.3121643421027846
5,2,642611.8931237906,0.16239999,2.4352245,0.312389732169073
5,2,642616.8933176808,0.16239999,2.4353583,0.3126151223177731
5,2,642621.893511571,0.16239999,2.43532,0.3128405104761301
5,2,642626.8937054612,0.16239999,2.43532,0.3130658985913457
5,2,642631.8938993514,0.16239999,2.4354727,0.3132912899554607
5,2,642636.8940932415,0.16239999,2.435568,0.31351668144526285
5,2,642641.8942871317,0.16239999,2.4356446,0.31374207284325895
5,2,642646.8944810219,0.16239999,2.435549,0.3139674610490976
5,2,642651.8946749121,0.16239999,2.4356256,0.31419284700662675
5,2,642656.8948688023,0.16239999,2.43574,0.31441823292809673
5,2,642661.8950626925,0.16239999,2.435759,0.31464362136803514
5,2,642666.8952565826,0.16239999,2.4358737,0.31486901078474056
5,2,642671.8954504728,0.16239999,2.4358544,0.31509439721565724
5,2,642676.895644363,0.16239999,2.4358163,0.31531978436030894
5,2,642681.8958382532,0.16239999,2.435969,0.31554517101310225
5,2,642686.8960321434,0.16239999,2.43616,0.3157705617033246
5,2,642691.8962260336,0.16239999,2.4362745,0.31599595186111196
5,2,642696.8964199238,0.16239999,2.4360454,0.31622134593377044
5,2,642701.8966138139,0.16239999,2.436389,0.31644673927612055
5,2,642706.8968077041,0.16239999,2.4362173,0.31667213264150285
5,2,642711.8970015943,0.16239999,2.4364464,0.31689752586390024
5,2,642716.8971954845,0.16239999,2.4365609,0.3171229203828477
5,2,642721.8973893747,0.16239999,2.436599,0.3173483139470156
5,2,642726.8975832649,0.16239999,2.4366753,0.3175737075640115
5,2,642731.897777155,0.16239999,2.4367328,0.31779909658444366
5,2,642736.8979710452,0.16239999,2.4368281,0.3180244869835338
5,2,642741.8981649354,0.16239999,2.436981,0.31824987882564326
5,2,642746.8983588256,0.16239999,2.436981,0.3184752731856624
5,2,642751.8985527158,0.16239999,2.4369044,0.3187006670103407
5,2,642756.898746606,0.16239999,2.4371336,0.3189260617634632
5,2,642761.8989404961,0.16239999,2.4372482,0.31915145621341495
5,2,642766.8991343863,0.16239999,2.4372292,0.31937685162926077
5,2,642771.8993282765,0.16239999,2.4370763,0.31960224584885133
5,2,642776.8995221667,0.16239999,2.4373627,0.31982763846983536
5,2,642781.8997160569,0.16239999,2.4374008,0.320053031607018
5,2,642786.8999099471,0.16239999,2.4372482,0.3202784246815735
5,2,642791.9001038373,0.16239999,2.437458,0.32050381742101103
5,2,642796.9002977274,0.16239999,2.4375536,0.3207292094987509
5,2,642801.9004916176,0.16239999,2.437477,0.3209546046829549
5,2,642806.9006855078,0.16239999,2.437668,0.3211799982980724
5,2,642811.900879398,0.16239999,2.437649,0.3214053923449196
5,2,642816.9010732882,0.16239999,2.4375536,0.32163078468036266
5,2,642821.9012671784,0.16239999,2.4377253,0.32185617484782664
5,2,642826.9014610685,0.16239999,2.4378018,0.32208156689131784
5,2,642831.9016549587,0.16239999,2.43805,0.3223069601428934
5,2,642836.9018488489,0.16239999,2.4380882,0.3225323566647978
5,2,642841.9020427391,0.16239999,2.4379544,0.32275775419771285
5,2,642846.9022366293,0.16239999,2.43805,0.3229831507847916
5,2,642851.9024305195,0.16239999,2.4380116,0.32320854731870224
5,2,642856.9026244096,0.16239999,2.4382598,0.32343394343648135
5,2,642861.9028182998,0.16239999,2.4381454,0.32365934017222076
5,2,642866.90301219,0.16239999,2.4381073,0.32388473822451996
5,2,642871.9032060802,0.16239999,2.4383554,0.32411013327525257
5,2,642876.9033999704,0.16239999,2.4382408,0.32433552563746804
5,2,642881.9035938606,0.16239999,2.4383364,0.3245609183225312
5,2,642886.9037877508,0.16239999,2.438527,0.3247863106710401
5,2,642891.9039816409,0.16239999,2.438527,0.3250117035821141
5,2,642896.9041755311,0.16239999,2.438699,0.3252370970133447
5,2,642901.9043694213,0.16239999,2.4387753,0.3254624909434537
5,2,642906.9045633115,0.16239999,2.4387753,0.32568788861324505
5,2,642911.9047572017,0.16239999,2.4389853,0.325913288593122
5,2,642916.9049510919,0.16239999,2.4390998,0.3261386885593727
5,2,642921.905144982,0.16239999,2.4389472,0.32636408961817326
5,2,642926.9053388722,0.16239999,2.4392335,0.3265894886495325
5,2,642931.9055327624,0.16239999,2.4392145,0.3268148859633525
5,2,642936.9057266526,0.16239999,2.4394436,0.3270402842955601
5,2,642941.9059205428,0.16239999,2.4394627,0.32726567852362526
5,2,642946.906114433,0.16239999,2.4393864,0.32749107124510607
5,2,642951.9063083231,0.16239999,2.439558,0.327716465591383
5,2,642956.9065022133,0.16239999,2.4395008,0.3279418601545364
5,2,642961.9066961035,0.16239999,2.439558,0.32816725492220494
5,2,642966.9068899937,0.16239999,2.4396152,0.3283926485217963
5,2,642971.9070838839,0.16239999,2.4396918,0.32861804165505165
5,2,642976.9072777741,0.16239999,2.4397109,0.3288434362372512
5,2,642981.9074716642,0.16239999,2.4398062,0.32906883185165836
5,2,642986.9076655544,0.16239999,2.4398444,0.3292942236147155
5,2,642991.9078594446,0.16239999,2.4400163,0.3295196119726884
5,2,642996.9080533348,0.16239999,2.4399016,0.3297450021627939
5,2,643001.908247225,0.16239999,2.4402072,0.32997039263737576
5,2,643006.9084411152,0.16239999,2.4400353,0.33019578457004123
5,2,643011.9086350054,0.16239999,2.4404361,0.3304211779941896
5,2,643016.9088288955,0.16239999,2.440417,0.33064656971651357
5,2,643021.9090227857,0.16239999,2.440379,0.3308719635195264
5,2,643026.9092166759,0.16239999,2.4405317,0.3310973577733607
5,2,643031.9094105661,0.16239999,2.4407609,0.331322750954111
5,2,643036.9096044563,0.16239999,2.4406652,0.33154814417438416
5,2,643041.9097983465,0.16239999,2.44078,0.33177353710163093
5,2,643046.9099922366,0.16239999,2.44078,0.3319989292427719
5,2,643051.9101861268,0.16239999,2.440799,0.3322243218224061
5,2,643056.910380017,0.16239999,2.4409325,0.3324497137682624
5,2,643061.9105739072,0.16239999,2.4409516,0.33267510731870387
5,2,643066.9107677974,0.16239999,2.441028,0.33290049864296484
5,2,643071.9109616876,0.16239999,2.4409134,0.33312589019883126
5,2,643076.9111555777,0.16239999,2.4410472,0.3333512833569591
5,2,643081.9113494679,0.16239999,2.4411235,0.3335766745062681
5,2,643086.9115433581,0.16239999,2.4411998,0.33380206298270115
5,2,643091.9117372483,0.16239999,2.4413717,0.3340274543982202
5,2,643096.9119311385,0.16239999,2.4416008,0.33425284412589296
5,2,643101.9121250287,0.16239999,2.4416199,0.33447823194532883
5,2,643106.9123189189,0.16239999,2.4415433,0.33470362162412826
5,2,643111.912512809,0.16239999,2.4415627,0.33492901253540525
5,2,643116.9127066992,0.16239999,2.441849,0.3351544026472382
5,2,643121.9129005894,0.16239999,2.4418106,0.33537979376109894
5,2,643126.9130944796,0.16239999,2.4419253,0.3356051862185676
5,2,643131.9132883698,0.16239999,2.4419634,0.3358305757304376
5,2,643136.91348226,0.16239999,2.4420397,0.3360559673142934
5,2,643141.9136761501,0.16239999,2.4422307,0.3362813597063095
5,2,643146.9138700403,0.16239999,2.4421353,0.3365067535050648
5,2,643151.9140639305,0.16239999,2.4421926,0.33673214584287964
5,2,643156.9142578207,0.16239999,2.4421735,0.33695753984729493
5,2,643161.9144517109,0.16239999,2.4422307,0.337182933390718
5,2,643166.9146456011,0.16239999,2.442307,0.3374083269373456
5,2,643171.9148394912,0.16239999,2.442479,0.33763372103235006
5,2,643176.9150333814,0.16239999,2.442326,0.337859113921007
5,2,643181.9152272716,0.16239999,2.4423835,0.3380845076632794
5,2,643186.9154211618,0.16239999,2.442498,0.33830989869764494
5,2,643191.915615052,0.16239999,2.4425743,0.33853528909648833
5,2,643196.9158089422,0.16239999,2.4426124,0.33876068099456985
5,2,643201.9160028324,0.16239999,2.4425933,0.3389860739970079
5,2,643206.9161967225,0.16239999,2.4426508,0.3392114664371531
5,2,643211.9163906127,0.16239999,2.4428034,0.33943685729947726
5,2,643216.9165845029,0.16239999,2.4429753,0.33966224936708683
5,2,643221.9167783931,0.16239999,2.4430707,0.33988764087666945
5,2,643226.9169722833,0.16239999,2.443147,0.3401130333422998
5,2,643231.9171661735,0.16239999,2.443147,0.34033842244969187
5,2,643236.9173600636,0.16239999,2.4432425,0.34056381231944804
5,2,643241.9175539538,0.16239999,2.4431279,0.3407892007121067
5,2,643246.917747844,0.16239999,2.4432235,0.3410145909203891
5,2,643251.9179417342,0.16239999,2.4431853,0.34123998014886053
5,2,643256.9181356244,0.16239999,2.443376,0.34146537117886994
5,2,643261.9183295146,0.16239999,2.4432998,0.34169076252276903
5,2,643266.9185234047,0.16239999,2.4435098,0.34191615350543997
5,2,643271.9187172949,0.16239999,2.4436433,0.34214154099015104
5,2,643276.9189111851,0.16239999,2.4437199,0.34236693061269113
5,2,643281.9191050753,0.16239999,2.4437006,0.3425923193138792
5,2,643286.9192989655,0.16239999,2.4436433,0.34281770839713965
5,2,643291.9194928557,0.16239999,2.4436433,0.3430430948854614
5,2,643296.9196867459,0.16239999,2.4438534,0.34326848516054986
5,2,643301.919880636,0.16239999,2.4438725,0.3434938738146883
5,2,643306.9200745262,0.16239999,2.4439106,0.34371926126399505
5,2,643311.9202684164,0.16239999,2.4438152,0.3439446496205176
5,2,643316.9204623066,0.16239999,2.4440825,0.34417003889598147
5,2,643321.9206561968,0.16239999,2.4442542,0.34439542891703656
5,2,643326.920850087,0.16239999,2.4442542,0.3446208195686128
5,2,643331.9210439771,0.16239999,2.4443688,0.34484620985280257
5,2,643336.9212378673,0.16239999,2.4445024,0.3450716017171793
5,2,643341.9214317575,0.16239999,2.444407,0.3452969952443154
5,2,643346.9216256477,0.16239999,2.444598,0.3455223853193276
5,2,643351.9218195379,0.16239999,2.444598,0.3457477792356638
5,2,643356.9220134281,0.16239999,2.4446743,0.34597317469259875
5,2,643361.9222073182,0.16239999,2.444598,0.34619856872747534
5,2,643366.9224012084,0.16239999,2.4447315,0.34642396206568127
5,2,643371.9225950986,0.16239999,2.444636,0.3466493536814189
5,2,643376.9227889888,0.16239999,2.4447505,0.34687474525645484
5,2,643381.922982879,0.16239999,2.444808,0.3471001363354121
5,2,643386.9231767692,0.16239999,2.4449224,0.3473255289496012
5,2,643391.9233706594,0.16239999,2.4450178,0.34755091990006326
5,2,643396.9235645495,0.16239999,2.4450943,0.34777631110718954
5,2,643401.9237584397,0.16239999,2.4451706,0.34800170324522367
5,2,643406.9239523299,0.16239999,2.445056,0.34822709463090973
5,2,643411.9241462201,0.16239999,2.4453042,0.3484524887793365
5,2,643416.9243401103,0.16239999,2.445285,0.34867788144990414
5,2,643421.9245340005,0.16239999,2.4455905,0.3489032770293076
5,2,643426.9247278906,0.16239999,2.4455523,0.34912867499316924
5,2,643431.9249217808,0.16239999,2.4455142,0.3493540722642676
5,2,643436.925115671,0.16239999,2.445648,0.3495794709530037
5,2,643441.9253095612,0.16239999,2.4456096,0.34980486834887775
5,2,643446.9255034514,0.16239999,2.4459724,0.3500302666056151
5,2,643451.9256973416,0.16239999,2.4459343,0.35025566505451533
5,2,643456.9258912317,0.16239999,2.4458196,0.35048106342983193
5,2,643461.9260851219,0.16239999,2.4460487,0.35070646282564133
5,2,643466.9262790121,0.16239999,2.446087,0.3509318635103879
5,2,643471.9264729023,0.16239999,2.4462397,0.3511572634599162
5,2,643476.9266667925,0.16239999,2.4463542,0.35138266005506313
5,2,643481.9268606827,0.16239999,2.4464498,0.35160805601472933
5,2,643486.9270545729,0.16239999,2.4464688,0.35183345362364776
5,2,643491.927248463,0.16239999,2.446526,0.35205884628104117
5,2,643496.9274423532,0.16239999,2.4464307,0.3522842376716231
5,2,643501.9276362434,0.16239999,2.4466405,0.3525096275946973
5,2,643506.9278301336,0.16239999,2.4465451,0.3527350160739044
5,2,643511.9280240238,0.16239999,2.4468315,0.3529604055665279
5,2,643516.928217914,0.16239999,2.4467742,0.35318579349662893
5,2,643521.9284118041,0.16239999,2.4467742,0.3534111813237165
5,2,643526.9286056943,0.16239999,2.4470224,0.35363656859758447
5,2,643531.9287995845,0.16239999,2.4470606,0.3538619571359972
5,2,643536.9289934747,0.16239999,2.4471369,0.35408734580324874
5,2,643541.9291873649,0.16239999,2.4470606,0.35431273635990707
5,2,643546.9293812551,0.16239999,2.4470606,0.3545381284044256
5,2,643551.9295751452,0.16239999,2.4472897,0.3547635165373877
5,2,643556.9297690359,0.16239999,2.447385,0.35498890453197596
5,2,643561.9299629265,0.16239999,2.4474232,0.35521429422981743
5,2,643566.9301568172,0.16239999,2.447538,0.3554396825298671
5,2,643571.9303507078,0.16239999,2.447538,0.35566506966603584
5,2,643576.9305445985,0.16239999,2.4476142,0.3558904568329631
5,2,643581.9307384891,0.16239999,2.4475951,0.3561158435532968
5,2,643586.9309323798,0.16239999,2.4476714,0.35634122991032935
5,2,643591.9311262704,0.16239999,2.4477286,0.3565666158495665
5,2,643596.9313201611,0.16239999,2.447786,0.35679200379776577
5,2,643601.9315140517,0.16239999,2.4479005,0.35701738947166456
5,2,643606.9317079424,0.16239999,2.4479387,0.35724277491197026
5,2,643611.931901833,0.16239999,2.4480724,0.35746816117132657
5,2,643616.9320957237,0.16239999,2.448034,0.357693547681534
5,2,643621.9322896143,0.16239999,2.4481487,0.3579189340901817
5,2,643626.9324835045,0.16239999,2.4481678,0.358144320703679
5,2,643631.9326773952,0.16239999,2.4483206,0.3583697090302072
5,2,643636.9328712858,0.16239999,2.448244,0.35859509533003175
5,2,643641.9330651765,0.16239999,2.4483778,0.35882047934828404
5,2,643646.9332590671,0.16239999,2.4485114,0.3590458628347081
5,2,643651.9334529578,0.16239999,2.4484541,0.3592712484274626
5,2,643656.9336468482,0.16239999,2.448626,0.3594966335026013
5,2,643661.9338407386,0.16239999,2.4487405,0.359722017630931
5,2,643666.934034629,0.16239999,2.4487786,0.3599474005321608
5,2,643671.9342285194,0.16239999,2.4488358,0.36017278311591966
5,2,643676.9344224099,0.16239999,2.4487023,0.36039816777850564
5,2,643681.9346163003,0.16239999,2.4488933,0.36062355140044583
5,2,643686.9348101907,0.16239999,2.4489887,0.3608489342121817
5,2,643691.9350040811,0.16239999,2.4491415,0.3610743158052659
5,2,643696.9351979715,0.16239999,2.449065,0.3612996990119215
5,2,643701.9353918622,0.16239999,2.449084,0.3615250823333723
5,2,643706.9355857527,0.16239999,2.4492369,0.36175046359735274
5,2,643711.9357796432,0.16239999,2.4493132,0.36197584542460204
5,2,643716.9359735338,0.16239999,2.4494278,0.3622012292811064
5,2,643721.9361674243,0.16239999,2.4495804,0.36242661519969716
5,2,643726.9363613148,0.16239999,2.4495423,0.36265199934668635
5,2,643731.9365552054,0.16239999,2.4497142,0.36287738693082294
5,2,643736.9367490959,0.16239999,2.4497142,0.3631027762960655
5,2,643741.9369429863,0.16239999,2.4497905,0.3633281658461322
5,2,643746.9371368769,0.16239999,2.449905,0.36355355692537095
5,2,643751.9373307674,0.16239999,2.449905,0.3637789474962143
5,2,643756.9375246579,0.16239999,2.4498858,0.3640043401380956
5,2,643761.9377185485,0.16239999,2.4500577,0.3642297316013372
5,2,643766.937912439,0.16239999,2.4500577,0.3644551236249287
5,2,643771.9381063294,0.16239999,2.449943,0.36468051458431655
5,2,643776.9383002201,0.16239999,2.4501722,0.3649059044542259
5,2,643781.9384941105,0.16239999,2.4503822,0.36513129336951383
5,2,643786.938688001,0.16239999,2.4504776,0.36535668523531534
5,2,643791.9388818911,0.16239999,2.4504776,0.365582078049839
5,2,643796.9390757816,0.16239999,2.4504395,0.3658074743039232
5,2,643801.9392696721,0.16239999,2.4505732,0.36603286860344025
5,2,643806.9394635626,0.16239999,2.4505732,0.3662582615109869
5,2,643811.939657453,0.16239999,2.4506495,0.3664836539538839
5,2,643816.9398513436,0.16239999,2.4507258,0.3667090451599298
5,2,643821.940045234,0.16239999,2.4509358,0.36693443538998116
5,2,643826.9402391245,0.16239999,2.450974,0.3671598256190325
5,2,643831.9404330149,0.16239999,2.4509168,0.36738521670750746
5,2,643836.9406269053,0.16239999,2.451184,0.3676106084648045
5,2,643841.9408207957,0.16239999,2.4508786,0.367835999614832
5,2,643846.9410146861,0.16239999,2.450955,0.3680613919715531
5,2,643851.9412085766,0.16239999,2.4512603,0.3682867858085555
5,2,643856.941402467,0.16239999,2.4510887,0.36851217962535526
5,2,643861.9415963576,0.16239999,2.4512987,0.3687375748396248
5,2,643866.9417902483,0.16239999,2.4512987,0.3689629722291452
5,2,643871.9419841389,0.16239999,2.4514322,0.3691883686183953
5,2,643876.9421780296,0.16239999,2.4515657,0.3694137669562918
5,2,643881.9423719202,0.16239999,2.451585,0.3696391647753605
5,2,643886.9425658109,0.16239999,2.4516041,0.3698645600242397
5,2,643891.9427597015,0.16239999,2.4516423,0.3700899544546949
5,2,643896.9429535922,0.16239999,2.4516995,0.37031535149608935
5,2,643901.9431474828,0.16239999,2.4517186,0.37054075036035944
5,2,643906.9433413735,0.16239999,2.4517567,0.3707661475396882
5,2,643911.9435352641,0.16239999,2.4519095,0.3709915436246864
5,2,643916.9437291548,0.16239999,2.4520812,0.37121693885126844
5,2,643921.9439230454,0.16239999,2.452005,0.3714423342186085
5,2,643926.9441169361,0.16239999,2.4520812,0.3716677299851921
5,2,643931.9443108267,0.16239999,2.452024,0.3718931270283557
5,2,643936.9445047174,0.16239999,2.4520812,0.3721185260180075
5,2,643941.944698608,0.16239999,2.4523103,0.37234392280078404
5,2,643946.9448924987,0.16239999,2.4523103,0.3725693191579023
5,2,643951.9450863888,0.16239999,2.452406,0.3727947170473566
5,2,643956.9452802795,0.16239999,2.4523869,0.37302011447083344
5,2,643961.9454741701,0.16239999,2.4525394,0.3732455127935076
5,2,643966.9456680603,0.16239999,2.4525967,0.37347090923834153
5,2,643971.9458619505,0.16239999,2.4527304,0.3736963055034286
5,2,643976.9460558407,0.16239999,2.4528449,0.3739217000230242
5,2,643981.9462497309,0.16239999,2.4529405,0.3741470954569377
5,2,643986.9464436211,0.16239999,2.453055,0.37437249033213793
5,2,643991.9466375113,0.16239999,2.4531693,0.3745978847695934
5,2,643996.9468314014,0.16239999,2.4530168,0.3748232802972749
5,2,644001.9470252916,0.16239999,2.4531121,0.3750486764493962
5,2,644006.9472191818,0.16239999,2.4532077,0.3752740716978797
5,2,644011.947413072,0.16239999,2.4533794,0.375499468518131
5,2,644016.9476069622,0.16239999,2.4531884,0.3757248626832197
5,2,644021.9478008524,0.16239999,2.453494,0.3759502569763599
5,2,644026.9479947425,0.16239999,2.4535894,0.3761756510603913
5,2,644031.9481886327,0.16239999,2.4537039,0.3764010454774115
5,2,644036.9483825229,0.16239999,2.4537804,0.37662643993794226
5,2,644041.9485764131,0.16239999,2.4538949,0.37685183599523175
5,2,644046.9487703033,0.16239999,2.453914,0.3770772353867637
5,2,644051.9489641935,0.16239999,2.453914,0.3773026350602662
5,2,644056.9491580836,0.16239999,2.4540095,0.3775280338736455
5,2,644061.9493519738,0.16239999,2.4540858,0.3777534347947874
5,2,644066.949545864,0.16239999,2.454124,0.3779788358415279
5,2,644071.9497397542,0.16239999,2.4542384,0.37820423713893
5,2,644076.9499336444,0.16239999,2.454315,0.3784296373188542
5,2,644081.9501275346,0.16239999,2.4542575,0.378655036421624
5,2,644086.9503214248,0.16239999,2.4545631,0.37888043645990693
5,2,644091.9505153149,0.16239999,2.4546394,0.37910583977045087
5,2,644096.9507092051,0.16239999,2.454792,0.3793312390101822
5,2,644101.9509030953,0.16239999,2.454811,0.37955663535512124
5,2,644106.9510969855,0.16239999,2.4549258,0.379782030532474
5,2,644111.9512908757,0.16239999,2.454964,0.3800074271194857
5,2,644116.9514847659,0.16239999,2.4550784,0.38023282185944884
5,2,644121.951678656,0.16239999,2.4552693,0.3804582183743464
5,2,644126.9518725462,0.16239999,2.4551167,0.38068361322616756
5,2,644131.9520664364,0.16239999,2.4550977,0.3809090072431305
5,2,644136.9522603266,0.16239999,2.4554222,0.3811344012755939
5,2,644141.9524542168,0.16239999,2.4554222,0.38135979357030875
5,2,644146.952648107,0.16239999,2.4554603,0.38158518917650697
5,2,644151.9528419971,0.16239999,2.4557467,0.38181058486910713
5,2,644156.9530358873,0.16239999,2.4556322,0.38203598064835753
5,2,644161.9532297775,0.16239999,2.4556322,0.3822613761724736
5,2,644166.9534236677,0.16239999,2.4557467,0.38248677184810215
5,2,644171.9536175579,0.16239999,2.455861,0.3827121680208608
5,2,644176.9538114481,0.16239999,2.455823,0.3829375657524994
5,2,644181.9540053383,0.16239999,2.4559186,0.3831629624921197
5,2,644186.9541992284,0.16239999,2.4559567,0.3833883594109637
5,2,644191.9543931186,0.16239999,2.4558802,0.3836137582806868
5,2,644196.9545870088,0.16239999,2.4561284,0.38383915541586006
5,2,644201.954780899,0.16239999,2.4559567,0.38406455290295405
5,2,644206.9549747892,0.16239999,2.456205,0.38428994799582467
5,2,644211.9551686794,0.16239999,2.456224,0.3845153424421943
5,2,644216.9553625695,0.16239999,2.4563193,0.3847407366022597
5,2,644221.9555564597,0.16239999,2.4563003,0.38496613074747943
5,2,644226.9557503499,0.16239999,2.4565675,0.3851915206156983
5,2,644231.9559442401,0.16239999,2.456453,0.3854169102560254
5,2,644236.9561381303,0.16239999,2.4565485,0.38564230156519486
5,2,644241.9563320205,0.16239999,2.456682,0.38586769385519765
5,2,644246.9565259106,0.16239999,2.456682,0.3860930885679678
5,2,644251.9567198008,0.16239999,2.4567204,0.38631848124121604
5,2,644256.956913691,0.16239999,2.4568157,0.386543876877258
5,2,644261.9571075812,0.16239999,2.4569492,0.386769274136202
5,2,644266.9573014714,0.16239999,2.4572165,0.3869946721333619
5,2,644271.9574953616,0.16239999,2.4570067,0.3872200675885369
5,2,644276.9576892518,0.16239999,2.457083,0.38744546413356956
5,2,644281.9578831419,0.16239999,2.4572165,0.38767086212493873
5,2,644286.9580770321,0.16239999,2.4572165,0.38789626032404334
5,2,644291.9582709223,0.16239999,2.4574456,0.3881216600963306
5,2,644296.9584648125,0.16239999,2.4573693,0.38834706109719624
5,2,644301.9586587027,0.16239999,2.457293,0.3885724608019249
5,2,644306.9588525929,0.16239999,2.4575603,0.38879786249129455
5,2,644311.959046483,0.16239999,2.4575412,0.3890232607736362
5,2,644316.9592403732,0.16239999,2.4577892,0.38924866009549114
5,2,644321.9594342634,0.16239999,2.4576938,0.38947405947394237
5,2,644326.9596281536,0.16239999,2.4576747,0.3896994559332354
5,2,644331.9598220438,0.16239999,2.457732,0.3899248526264452
5,2,644336.960015934,0.16239999,2.4578085,0.39015024975233675
5,2,644341.9602098241,0.16239999,2.4578848,0.39037564696855
5,2,644346.9604037143,0.16239999,2.4578848,0.3906010425499866
5,2,644351.9605976045,0.16239999,2.4580374,0.39082643823627944
5,2,644356.9607914947,0.16239999,2.4580183,0.39105183587771886
5,2,644361.9609853849,0.16239999,2.458133,0.3912772359613617
5,2,644366.9611792751,0.16239999,2.458133,0.3915026375396407
5,2,644371.9613731652,0.16239999,2.4584002,0.3917280361184203
5,2,644376.9615670554,0.16239999,2.4584002,0.3919534352043178
5,2,644381.9617609456,0.16239999,2.4585528,0.39217883315192886
5,2,644386.9619548358,0.16239999,2.4585338,0.3924042313552662
5,2,644391.962148726,0.16239999,2.4586484,0.39262962872250934
5,2,644396.9623426162,0.16239999,2.4587057,0.3928550269425269
5,2,644401.9625365064,0.16239999,2.458782,0.3930804273994339
5,2,644406.9627303965,0.16239999,2.4590492,0.3933058275230723
5,2,644411.9629242867,0.16239999,2.4590683,0.39353122726816164
5,2,644416.9631181769,0.16239999,2.4590683,0.39375662533447536
5,2,644421.9633120671,0.16239999,2.4591064,0.3939820269315224
5,2,644426.9635059573,0.16239999,2.4593165,0.3942074259830595
5,2,644431.9636998475,0.16239999,2.459183,0.3944328236591739
5,2,644436.9638937376,0.16239999,2.4593165,0.39465822045686405
5,2,644441.9640876278,0.16239999,2.4592593,0.39488361563773516
5,2,644446.964281518,0.16239999,2.4595456,0.3951090110869091
5,2,644451.9644754082,0.16239999,2.459851,0.39533440770638384
5,2,644456.9646692984,0.16239999,2.4596984,0.3955598052062498
5,2,644461.9648631886,0.16239999,2.4599082,0.3957852011143555
5,2,644466.9650570787,0.16239999,2.4596984,0.396010597501108
5,2,644471.9652509689,0.16239999,2.4599657,0.3962359908565645
5,2,644476.9654448591,0.16239999,2.45987,0.39646138664467034
5,2,644481.9656387493,0.16239999,2.4599273,0.3966867820579623
5,2,644486.9658326395,0.16239999,2.4599082,0.39691217656404343
5,2,644491.9660265297,0.16239999,2.4600992,0.39713757077366596
5,2,644496.9662204199,0.16239999,2.460252,0.39736296625882456
5,2,644501.96641431,0.16239999,2.460252,0.39758836095707517
5,2,644506.9666082002,0.16239999,2.4603856,0.3978137555428974
5,2,644511.9668020904,0.16239999,2.4604237,0.398039151051849
5,2,644516.9669959806,0.16239999,2.4605765,0.3982645459688967
5,2,644521.9671898708,0.16239999,2.4605765,0.39848994319433545
5,2,644526.967383761,0.16239999,2.460672,0.3987153386753093
5,2,644531.9675776511,0.16239999,2.4607673,0.3989407304116619
5,2,644536.9677715413,0.16239999,2.46092,0.3991661209132389
5,2,644541.9679654315,0.16239999,2.4608629,0.39939151412617485
5,2,644546.9681593217,0.16239999,2.4610155,0.3996169072403302
5,2,644551.9683532119,0.16239999,2.460901,0.3998422990502325
5,2,644556.9685471021,0.16239999,2.4611874,0.4000676930550435
5,2,644561.9687409922,0.16239999,2.4613402,0.40029308932008256
5,2,644566.9689348824,0.16239999,2.4613402,0.4005184876374262
5,2,644571.9691287726,0.16239999,2.4613402,0.40074388458481175
5,2,644576.9693226628,0.16239999,2.4614928,0.40096928332468695
5,2,644581.969516553,0.16239999,2.4616075,0.4011946814672003
5,2,644586.9697104432,0.16239999,2.4616838,0.4014200811471045
5,2,644591.9699043334,0.16239999,2.4618363,0.401645481184168
5,2,644596.9700982235,0.16239999,2.4619129,0.4018708787941924
5,2,644601.9702921137,0.16239999,2.4619129,0.4020962791778851
5,2,644606.9704860039,0.16239999,2.46197,0.4023216790577016
5,2,644611.9706798941,0.16239999,2.4620655,0.4025470770392211
5,2,644616.9708737843,0.16239999,2.462142,0.4027724752818015
5,2,644621.9710676745,0.16239999,2.4622564,0.40299787612125276
5,2,644626.9712615646,0.16239999,2.4623709,0.40322327681877296
5,2,644631.9714554548,0.16239999,2.4623327,0.40344867405758134
5,2,644636.971649345,0.16239999,2.4622755,0.4036740691659864
5,2,644641.9718432352,0.16239999,2.4625428,0.40389946169764795
5,2,644646.9720371254,0.16239999,2.4625046,0.40412485271078924
5,2,644651.9722310156,0.16239999,2.462581,0.4043502463387822
5,2,644656.9724249057,0.16239999,2.4628673,0.4045756399564685
5,2,644661.9726187959,0.16239999,2.4629629,0.4048010297524093
5,2,644666.9728126861,0.16239999,2.462982,0.40502642066683786
5,2,644671.9730065763,0.16239999,2.4630964,0.40525181244820274
5,2,644676.9732004665,0.16239999,2.4631917,0.4054772041583624
5,2,644681.9733943567,0.16239999,2.4631345,0.40570259682672805
5,2,644686.9735882469,0.16239999,2.463211,0.4059279888727359
5,2,644691.973782137,0.16239999,2.4632492,0.4061533819534059
5,2,644696.9739760272,0.16239999,2.4633636,0.4063787765084009
5,2,644701.9741699174,0.16239999,2.463478,0.40660417231560997
5,2,644706.9743638076,0.16239999,2.4635165,0.4068295663186196
5,2,644711.9745576978,0.16239999,2.4635546,0.407054957402481
5,2,644716.974751588,0.16239999,2.4635928,0.4072803491757123
5,2,644721.9749454781,0.16239999,2.4637072,0.4075057415772917
5,2,644726.9751393683,0.16239999,2.4637454,0.4077311331777573
5,2,644731.9753332585,0.16239999,2.463822,0.40795652335550225
5,2,644736.9755271487,0.16239999,2.4638982,0.40818191207404436
5,2,644741.9757210389,0.16239999,2.4639745,0.4084073020738123
5,2,644746.9759149291,0.16239999,2.464051,0.40863269190901685
5,2,644751.9761088192,0.16239999,2.4641464,0.40885808191059697
5,2,644756.9763027094,0.16239999,2.4641654,0.4090834722022936
5,2,644761.9764965996,0.16239999,2.46428,0.4093088649768175
5,2,644766.9766904898,0.16239999,2.4643755,0.4095342576575743
5,2,644771.97688438,0.16239999,2.4644327,0.4097596495414343
5,2,644776.9770782702,0.16239999,2.4644518,0.4099850423305076
5,2,644781.9772721604,0.16239999,2.4645665,0.41021043502933446
5,2,644786.9774660505,0.16239999,2.4647,0.41043582817437496
5,2,644791.9776599407,0.16239999,2.464528,0.41066122172729086
5,2,644796.9778538309,0.16239999,2.4647572,0.41088661470590276
5,2,644801.9780477211,0.16239999,2.4650817,0.411112009753781
5,2,644806.9782416113,0.16239999,2.464872,0.41133740443613287
5,2,644811.9784355015,0.16239999,2.464891,0.411562799726068
5,2,644816.9786293916,0.16239999,2.4649482,0.4117881953291503
5,2,644821.9788232818,0.16239999,2.4651008,0.41201359176447894
5,2,644826.979017172,0.16239999,2.4652536,0.41223898699007505
5,2,644831.9792110622,0.16239999,2.4650817,0.4124643823691548
5,2,644836.9794049524,0.16239999,2.4652154,0.4126897778349609
5,2,644841.9795988426,0.16239999,2.4654064,0.41291517161411373
5,2,644846.9797927327,0.16239999,2.4653873,0.41314056471384475
5,2,644851.9799866229,0.16239999,2.46554,0.413365959004893
5,2,644856.9801805131,0.16239999,2.46554,0.4135913538239183
5,2,644861.9803744033,0.16239999,2.4656162,0.41381674784174466
5,2,644866.9805682935,0.16239999,2.4658835,0.4140421428329811
5,2,644871.9807621837,0.16239999,2.4658835,0.41426753797916227
5,2,644876.9809560739,0.16239999,2.4659026,0.41449293423756695
5,2,644881.981149964,0.16239999,2.465941,0.4147183290833846
5,2,644886.9813438542,0.16239999,2.46596,0.414943725409342
5,2,644891.9815377444,0.16239999,2.4661508,0.4151691209143415
5,2,644896.9817316346,0.16239999,2.4662845,0.4153945156356161
5,2,644901.9819255248,0.16239999,2.4662464,0.4156199122357276
5,2,644906.982119415,0.16239999,2.4666471,0.41584530950327037
5,2,644911.9823133051,0.16239999,2.4667234,0.4160707052987299
5,2,644916.9825071953,0.16239999,2.466609,0.41629610080656976
5,2,644921.9827010855,0.16239999,2.466781,0.4165214971445599
5,2,644926.9828949757,0.16239999,2.4668,0.41674689506380164
5,2,644931.9830888659,0.16239999,2.4668381,0.41697229221738863
5,2,644936.9832827561,0.16239999,2.4668763,0.41719769012250324
5,2,644941.9834766462,0.16239999,2.467029,0.41742308562649605
5,2,644946.9836705364,0.16239999,2.4671054,0.41764848059203213
5,2,644951.9838644266,0.16239999,2.467449,0.4178738712134699
5,2,644956.9840583168,0.16239999,2.4671626,0.41809926140823284
5,2,644961.984252207,0.16239999,2.4673727,0.4183246531145985
5,2,644966.9844460972,0.16239999,2.467487,0.41855004359138076
5,2,644971.9846399873,0.16239999,2.4676018,0.4187754344060254
5,2,644976.9848338775,0.16239999,2.46764,0.41900082828344637
5,2,644981.9850277677,0.16239999,2.467659,0.41922622252043074
5,2,644986.9852216579,0.16239999,2.4675827,0.41945161513616047
5,2,644991.9854155481,0.16239999,2.4679644,0.4196770091519586
5,2,644996.9856094383,0.16239999,2.4679644,0.41990240102098203
5,2,645001.9858033285,0.16239999,2.4680982,0.4201277921085008
5,2,645006.9859972186,0.16239999,2.4681745,0.4203531846841473
5,2,645011.9861911088,0.16239999,2.4681363,0.4205785771808747
5,2,645016.986384999,0.16239999,2.4682698,0.42080396961212313
5,2,645021.9865788892,0.16239999,2.4683845,0.42102936245450945
5,2,645026.9867727794,0.16239999,2.4684799,0.4212547556485185
5,2,645031.9869666696,0.16239999,2.4683654,0.4214801468993739
5,2,645036.9871605597,0.16239999,2.4684608,0.4217055382495124
5,2,645041.9873544499,0.16239999,2.468728,0.4219309270313422
5,2,645046.9875483401,0.16239999,2.468728,0.42215631803067927
5,2,645051.9877422303,0.16239999,2.4687662,0.4223817093862666
5,2,645056.9879361205,0.16239999,2.4689763,0.4226070974683131
5,2,645061.9881300107,0.16239999,2.4690526,0.42283248550398883
5,2,645066.9883239008,0.16239999,2.468938,0.42305787206625844
5,2,645071.988517791,0.16239999,2.4691288,0.42328325688446466
5,2,645076.9887116812,0.16239999,2.4690716,0.42350864326277365
5,2,645081.9889055714,0.16239999,2.4692054,0.42373403068129545
5,2,645086.9890994616,0.16239999,2.4692054,0.4239594199499959
5,2,645091.9892933518,0.16239999,2.4693198,0.4241848109333697
5,2,645096.989487242,0.16239999,2.4694343,0.4244102002613387
5,2,645101.9896811321,0.16239999,2.4694917,0.42463559135374174
5,2,645106.9898750223,0.16239999,2.4696252,0.42486098320514953
5,2,645111.9900689125,0.16239999,2.4697208,0.42508637548178513
5,2,645116.9902628027,0.16239999,2.4697015,0.4253117697250321
5,2,645121.9904566929,0.16239999,2.4699116,0.4255371643706626
5,2,645126.9906505831,0.16239999,2.4699116,0.4257625583857471
5,2,645131.9908444732,0.16239999,2.4699497,0.42598795225671754
5,2,645136.9910383634,0.16239999,2.4700263,0.42621334669458943
5,2,645141.9912322536,0.16239999,2.4701407,0.4264387376701525
5,2,645146.9914261438,0.16239999,2.4702744,0.4266641280337249
5,2,645151.991620034,0.16239999,2.4704652,0.42688951873904796
5,2,645156.9918139242,0.16239999,2.470446,0.4271149104477705
5,2,645161.9920078143,0.16239999,2.4705608,0.42734029981275645
5,2,645166.992201705,0.16239999,2.4705608,0.42756568806454703
5,2,645171.9923955956,0.16239999,2.4707134,0.4277910791852441
5,2,645176.9925894863,0.16239999,2.4707706,0.42801646990794856
5,2,645181.9927833765,0.16239999,2.4708471,0.42824186224551997
5,2,645186.9929772671,0.16239999,2.4708662,0.4284672560277043
5,2,645191.9931711578,0.16239999,2.4710953,0.42869265004725754
5,2,645196.9933650484,0.16239999,2.4711525,0.42891804159043395
5,2,645201.9935589391,0.16239999,2.4712098,0.42914342877830647
5,2,645206.9937528297,0.16239999,2.4713817,0.4293688186036315
5,2,645211.9939467204,0.16239999,2.4713051,0.4295942101602016
5,2,645216.994140611,0.16239999,2.471477,0.42981960218350507
5,2,645221.9943345017,0.16239999,2.4714198,0.4300449932104399
5,2,645226.9945283923,0.16239999,2.4715915,0.43027038363023845
5,2,645231.994722283,0.16239999,2.4718587,0.43049577288225704
5,2,645236.9949161736,0.16239999,2.471878,0.4307211602536539
5,2,645241.9951100643,0.16239999,2.4717634,0.43094654820547007
5,2,645246.9953039549,0.16239999,2.4718971,0.43117193551760086
5,2,645251.9954978456,0.16239999,2.4720116,0.43139732211434595
5,2,645256.9956917362,0.16239999,2.4721644,0.43162270875689884
5,2,645261.9958856269,0.16239999,2.4723551,0.4318480929780768
5,2,645266.9960795175,0.16239999,2.472336,0.4320734784002279
5,2,645271.996273408,0.16239999,2.4722216,0.4322988636224295
5,2,645276.9964672984,0.16239999,2.4724889,0.4325242478444419
5,2,645281.9966611888,0.16239999,2.4727561,0.432749633291045
5,2,645286.9968550792,0.16239999,2.4727561,0.4329750187119055
5,2,645291.9970489696,0.16239999,2.4727943,0.43320040668060716
5,2,645296.99724286,0.16239999,2.472947,0.43342579499259265
5,2,645301.9974367504,0.16239999,2.4728134,0.43365118337923375
5,2,645306.9976306409,0.16239999,2.4729853,0.43387657092688403
5,2,645311.9978245313,0.16239999,2.4730425,0.4341019569846715
5,2,645316.9980184217,0.16239999,2.4729278,0.43432733954434516
5,2,645321.9982123122,0.16239999,2.473348,0.4345527248993483
5,2,645326.9984062028,0.16239999,2.4732335,0.4347781115879243
5,2,645331.9986000933,0.16239999,2.4732716,0.43500349733747795
5,2,645336.9987939838,0.16239999,2.4735389,0.435228884742448
5,2,645341.9989878744,0.16239999,2.4736342,0.4354542724928848
5,2,645346.9991817644,0.16239999,2.4737487,0.43567965971397365
5,2,645351.999375655,0.16239999,2.4737678,0.4359050466884317
5,2,645356.9995695455,0.16239999,2.4738634,0.4361304351129839
5,2,645361.999763436,0.16239999,2.4738252,0.43635582237793263
5,2,645366.9999573266,0.16239999,2.4741116,0.4365812088182478
5,2,645372.0001512171,0.16239999,2.474245,0.436806592027651
5,2,645377.0003451076,0.16239999,2.4743023,0.4370319776732285
5,2,645382.000538998,0.16239999,2.474245,0.4372573606469524
5,2,645387.0007328887,0.16239999,2.4745505,0.4374827445990146
5,2,645392.0009267791,0.16239999,2.4744933,0.4377081300644842
5,2,645397.0011206697,0.16239999,2.4747224,0.4379335199740952
5,2,645402.0013145602,0.16239999,2.4747987,0.43815890873153185
5,2,645407.0015084507,0.16239999,2.4750087,0.438384298457034
5,2,645412.0017023413,0.16239999,2.4748178,0.4386096884445284
5,2,645417.0018962318,0.16239999,2.4748943,0.4388350774115101
5,2,645422.0020901226,0.16239999,2.4751234,0.4390604650749126
5,2,645427.002284013,0.16239999,2.4753141,0.4392858516492298
5,2,645432.0024779034,0.16239999,2.475257,0.4395112387987599
5,2,645437.0026717938,0.16239999,2.475467,0.4397366278469869
5,2,645442.0028656842,0.16239999,2.475486,0.43996201678728314
5,2,645447.0030595746,0.16239999,2.4755242,0.4401874070372118
5,2,645452.003253465,0.16239999,2.4755433,0.4404127974460274
5,2,645457.0034473555,0.16239999,2.4756005,0.4406381891286406
5,2,645462.0036412457,0.16239999,2.4757152,0.44086358066994613
5,2,645467.0038351361,0.16239999,2.4758296,0.4410889747904986
5,2,645472.0040290267,0.16239999,2.4759634,0.4413143645212807
5,2,645477.0042229174,0.16239999,2.475906,0.44153975257399836
5,2,645482.004416808,0.16239999,2.476135,0.4417651427159242
5,2,645487.0046106987,0.16239999,2.4762115,0.4419905349512563
5,2,645492.0048045893,0.16239999,2.476326,0.44221592619608
5,2,645497.00499848,0.16239999,2.4763832,0.44244131760156313
5,2,645502.0051923706,0.16239999,2.476345,0.4426667108388335
5,2,645507.0053862608,0.16239999,2.476555,0.44289210460254624
5,2,645512.0055801515,0.16239999,2.476517,0.44311749799455696
5,2,645517.0057740421,0.16239999,2.4765933,0.44334289115232883
5,2,645522.0059679328,0.16239999,2.4767268,0.4435682827213414
5,2,645527.0061618234,0.16239999,2.4767268,0.44379367242605317
5,2,645532.006355714,0.16239999,2.4769177,0.4440190629126992
5,2,645537.0065496047,0.16239999,2.476994,0.4442444537000697
5,2,645542.0067434954,0.16239999,2.476994,0.4444698470530509
5,2,645547.006937386,0.16239999,2.477166,0.44469523796779653
5,2,645552.0071312767,0.16239999,2.4773378,0.44492062810725214
5,2,645557.0073251673,0.16239999,2.477395,0.44514601703316464
5,2,645562.007519058,0.16239999,2.4775095,0.4453714078357277
5,2,645567.0077129486,0.16239999,2.4777958,0.44559679821725595
5,2,645572.0079068393,0.16239999,2.4774904,0.445822187007274
5,2,645577.0081007294,0.16239999,2.4777005,0.44604757123357053
5,2,645582.0082946196,0.16239999,2.4777005,0.44627295435523234
5,2,645587.0084885098,0.16239999,2.4779296,0.44649833672599154
5,2,645592.0086824,0.16239999,2.4778914,0.4467237200875455
5,2,645597.0088762902,0.16239999,2.4781396,0.44694910389058945
5,2,645602.0090701804,0.16239999,2.4780822,0.44717449068673026
5,2,645607.0092640705,0.16239999,2.4782732,0.4473998768884704
5,2,645612.0094579607,0.16239999,2.478407,0.4476252664041907
5,2,645617.0096518509,0.16239999,2.4783685,0.4478506578691741
5,2,645622.0098457411,0.16239999,2.4783878,0.44807604884479013
5,2,645627.0100396313,0.16239999,2.4785213,0.4483014379964403
5,2,645632.0102335215,0.16239999,2.4787695,0.4485268267252063
5,2,645637.0104274116,0.16239999,2.4786742,0.4487522155317828
5,2,645642.0106213018,0.16239999,2.478865,0.44897760657606256
5,2,645647.010815192,0.16239999,2.4789987,0.44920299541742087
5,2,645652.0110090822,0.16239999,2.4791322,0.44942838483889136
5,2,645657.0112029724,0.16239999,2.479075,0.44965377526566286
5,2,645662.0113968626,0.16239999,2.479304,0.4498791657802593
5,2,645667.0115907528,0.16239999,2.4793422,0.450104556826261
5,2,645672.0117846429,0.16239999,2.479476,0.4503299473874782
5,2,645677.0119785331,0.16239999,2.4793613,0.4505553377023296
5,2,645682.0121724233,0.16239999,2.4795713,0.4507807272062821
5,2,645687.0123663135,0.16239999,2.4796858,0.4510061150558274
5,2,645692.0125602037,0.16239999,2.4798386,0.4512315047679632
5,2,645697.0127540939,0.16239999,2.4798577,0.45145689392281796
5,2,645702.012947984,0.16239999,2.479915,0.4516822803464082
5,2,645707.0131418742,0.16239999,2.4799721,0.4519076685762419
5,2,645712.0133357644,0.16239999,2.4800105,0.4521330574766974
5,2,645717.0135296546,0.16239999,2.4802394,0.45235844739466047
5,2,645722.0137235448,0.16239999,2.480316,0.4525838375504353
5,2,645727.013917435,0.16239999,2.4804494,0.4528092275187378
5,2,645732.0141113251,0.16239999,2.4804304,0.45303461848162824
5,2,645737.0143052153,0.16239999,2.4805832,0.4532600101554506
5,2,645742.0144991055,0.16239999,2.480774,0.4534854006168458
5,2,645747.0146929957,0.16239999,2.4808505,0.45371078976211576
5,2,645752.0148868859,0.16239999,2.4808886,0.453936179043012
5,2,645757.0150807761,0.16239999,2.4808886,0.4541615688016725
5,2,645762.0152746662,0.16239999,2.4810796,0.4543869598679737
5,2,645767.0154685564,0.16239999,2.4811559,0.45461234981184245
5,2,645772.0156624466,0.16239999,2.481366,0.45483773810151673
5,2,645777.0158563368,0.16239999,2.4812322,0.45506312724432885
5,2,645782.016050227,0.16239999,2.481385,0.45528851658669317
5,2,645787.0162441172,0.16239999,2.4815376,0.4555139052937763
5,2,645792.0164380074,0.16239999,2.4816523,0.4557392952641368
5,2,645797.0166318975,0.16239999,2.4816713,0.4559646836387709
5,2,645802.0168257877,0.16239999,2.481843,0.45619007273272544
5,2,645807.0170196779,0.16239999,2.4817858,0.45641546557589985
5,2,645812.0172135681,0.16239999,2.482015,0.45664086083053745
5,2,645817.0174074583,0.16239999,2.4821484,0.4568662569689017
5,2,645822.0176013485,0.16239999,2.482225,0.4570916509404111
5,2,645827.0177952386,0.16239999,2.482263,0.4573170433819371
5,2,645832.0179891288,0.16239999,2.4823966,0.45754243591587607
5,2,645837.018183019,0.16239999,2.4825304,0.45776782929547577
5,2,645842.0183769092,0.16239999,2.4825304,0.4579932216113627
5,2,645847.0185707994,0.16239999,2.4826639,0.4582186157966657
5,2,645852.0187646896,0.16239999,2.4827595,0.4584440098169184
5,2,645857.0189585797,0.16239999,2.4828358,0.4586694023964309
5,2,645862.0191524699,0.16239999,2.4828167,0.4588947916878076
5,2,645867.0193463601,0.16239999,2.4828358,0.4591201837549271
5,2,645872.0195402503,0.16239999,2.4829886,0.45934557394581155
5,2,645877.0197341405,0.16239999,2.483122,0.45957096358042904
5,2,645882.0199280307,0.16239999,2.4831412,0.45979635573924943
5,2,645887.0201219209,0.16239999,2.483065,0.46002174746602553
5,2,645892.020315811,0.16239999,2.4834657,0.46024714036627307
5,2,645897.0205097012,0.16239999,2.4833512,0.46047253190697673
5,2,645902.0207035914,0.16239999,2.4835422,0.4606979243311876
5,2,645907.0208974816,0.16239999,2.4835804,0.4609233166406927
5,2,645912.0210913718,0.16239999,2.4836948,0.46114870862145085
5,2,645917.021285262,0.16239999,2.4837139,0.46137410296842235
5,2,645922.0214791521,0.16239999,2.483943,0.46159949801841405
5,2,645927.0216730423,0.16239999,2.4840384,0.4618248926697401
5,2,645932.0218669325,0.16239999,2.4840193,0.4620502864784609
5,2,645937.0220608227,0.16239999,2.4840577,0.46227568004163216
5,2,645942.0222547129,0.16239999,2.484344,0.4625010723968449
5,2,645947.0224486031,0.16239999,2.4843056,0.4627264608064785
5,2,645952.0226424932,0.16239999,2.4844775,0.46295185219782287
5,2,645957.0228363834,0.16239999,2.4844584,0.4631772432795054
5,2,645962.0230302736,0.16239999,2.4846685,0.4634026337261832
5,2,645967.0232241638,0.16239999,2.4848785,0.4636280238546566
5,2,645972.023418054,0.16239999,2.4846494,0.46385341472350416
5,2,645977.0236119442,0.16239999,2.4849358,0.4640788051432249
5,2,645982.0238058344,0.16239999,2.484802,0.4643041972288417
5,2,645987.0239997245,0.16239999,2.4851649,0.46452958875721384
5,2,645992.0241936147,0.16239999,2.485222,0.46475497630735424
5,2,645997.0243875049,0.16239999,2.485222,0.46498036431470946
5,2,646002.0245813951,0.16239999,2.4853556,0.46520575351801696
5,2,646007.0247752853,0.16239999,2.4854512,0.46543114385560835
5,2,646012.0249691755,0.16239999,2.4854321,0.46565653240575244
5,2,646017.0251630656,0.16239999,2.4858139,0.46588192090744296
5,2,646022.0253569558,0.16239999,2.4857948,0.46610730888604146
5,2,646027.025550846,0.16239999,2.4857757,0.466332695441964
5,2,646032.0257447362,0.16239999,2.4859283,0.46655808360880635
5,2,646037.0259386264,0.16239999,2.486043,0.46678347254033076
5,2,646042.0261325166,0.16239999,2.486062,0.4670088614067702
5,2,646047.0263264067,0.16239999,2.486043,0.46723425101690014
5,2,646052.0265202969,0.16239999,2.4861383,0.4674596415894704
5,2,646057.0267141871,0.16239999,2.4861574,0.4676850313248421
5,2,646062.0269080773,0.16239999,2.4865775,0.4679104189204261
5,2,646067.0271019675,0.16239999,2.4865394,0.4681358045964119
5,2,646072.0272958577,0.16239999,2.4864438,0.46836119350004635
5,2,646077.0274897479,0.16239999,2.4865966,0.46858658259362584
5,2,646082.027683638,0.16239999,2.4867492,0.4688119731517867
5,2,646087.0278775282,0.16239999,2.4868639,0.4690373649309909
5,2,646092.0280714184,0.16239999,2.487074,0.4692627559427282
5,2,646097.0282653086,0.16239999,2.4872074,0.46948814529857724
5,2,646102.0284591988,0.16239999,2.4871883,0.4697135327306119
5,2,646107.028653089,0.16239999,2.4872456,0.4699389192224164
5,2,646112.0288469791,0.16239999,2.48757,0.4701643060433337
5,2,646117.0290408693,0.16239999,2.487551,0.47038969356409316
5,2,646122.0292347595,0.16239999,2.4876466,0.4706150833112426
5,2,646127.0294286497,0.16239999,2.4876847,0.47084047496617687
5,2,646132.0296225399,0.16239999,2.487971,0.47106586520754895
5,2,646137.0298164301,0.16239999,2.487971,0.471291256380896
5,2,646142.0300103202,0.16239999,2.4880283,0.47151665080708866
5,2,646147.0302042104,0.16239999,2.4882765,0.4717420421746632
5,2,646152.0303981006,0.16239999,2.4881046,0.47196743368805716
5,2,646157.0305919908,0.16239999,2.4882383,0.47219282523440836
5,2,646162.030785881,0.16239999,2.4884484,0.4724182153562102
5,2,646167.0309797712,0.16239999,2.4885628,0.47264360697689006
5,2,646172.0311736614,0.16239999,2.4885437,0.47286899798505855
5,2,646177.0313675515,0.16239999,2.488601,0.47309438922918523
5,2,646182.0315614417,0.16239999,2.48883,0.4733197812673799
5,2,646187.0317553319,0.16239999,2.4891546,0.47354517375349686
5,2,646192.0319492221,0.16239999,2.4891546,0.4737705675841977
5,2,646197.0321431123,0.16239999,2.4891164,0.47399595927545446
5,2,646202.0323370025,0.16239999,2.4891737,0.47422135069828003
5,2,646207.0325308926,0.16239999,2.4893646,0.47444674186285274
5,2,646212.0327247828,0.16239999,2.4894793,0.4746721326757307
5,2,646217.032918673,0.16239999,2.4897656,0.474897522092408
5,2,646222.0331125632,0.16239999,2.4897082,0.47512291179067334
5,2,646227.0333064534,0.16239999,2.4899755,0.47534830222811986
5,2,646232.0335003436,0.16239999,2.490033,0.47557369284027917
5,2,646237.0336942337,0.16239999,2.4899945,0.475799083479028
5,2,646242.0338881239,0.16239999,2.4899182,0.4760244670454754
5,2,646247.0340820141,0.16239999,2.4902046,0.476249844813963
5,2,646252.0342759043,0.16239999,2.4903002,0.47647521997018427
5,2,646257.0344697945,0.16239999,2.4903574,0.4767005953902712
5,2,646262.0346636847,0.16239999,2.490491,0.4769259730364103
5,2,646267.0348575749,0.16239999,2.490701,0.47715134873189385
5,2,646272.035051465,0.16239999,2.490739,0.4773767249866453
5,2,646277.0352453552,0.16239999,2.4908347,0.4776020999534935
5,2,646282.0354392454,0.16239999,2.4910636,0.477827474143757
5,2,646287.0356331356,0.16239999,2.4910254,0.47805284813231586
5,2,646292.0358270258,0.16239999,2.4911783,0.4782782229542122
5,2,646297.036020916,0.16239999,2.4912355,0.4785035984359121
5,2,646302.0362148061,0.16239999,2.49135,0.47872897215915994
5,2,646307.0364086963,0.16239999,2.4915028,0.4789543470362651
5,2,646312.0366025865,0.16239999,2.491541,0.4791797236271445
5,2,646317.0367964767,0.16239999,2.4916363,0.4794050974564025
5,2,646322.0369903669,0.16239999,2.4917128,0.4796304725832403
5,2,646327.0371842571,0.16239999,2.491751,0.4798558476899873
5,2,646332.0373781472,0.16239999,2.4918272,0.48008122139300763
5,2,646337.0375720374,0.16239999,2.4920182,0.4803065961174628
5,2,646342.0377659276,0.16239999,2.4921901,0.4805319717949159
5,2,646347.0379598178,0.16239999,2.4922092,0.48075735014721277
5,2,646352.038153708,0.16239999,2.4923618,0.48098272708425444
5,2,646357.0383475982,0.16239999,2.492591,0.481208106197744
5,2,646362.0385414883,0.16239999,2.4923618,0.48143349639984656
5,2,646367.0387353785,0.16239999,2.4927247,0.48165888322152217
5,2,646372.0389292687,0.16239999,2.492839,0.481884268743521
5,2,646377.0391231589,0.16239999,2.4928963,0.48210965356173385
5,2,646382.0393170491,0.16239999,2.493011,0.4823350404460258
5,2,646387.0395109393,0.16239999,2.493011,0.48256042819693123
5,2,646392.0397048295,0.16239999,2.4930682,0.48278581586634883
5,2,646397.0398987196,0.16239999,2.4931445,0.48301120350211546
5,2,646402.0400926098,0.16239999,2.4935071,0.48323659294593185
5,2,646407.0402865,0.16239999,2.4935071,0.4834619795807022
5,2,646412.0404803902,0.16239999,2.4933927,0.4836873658422051
5,2,646417.0406742804,0.16239999,2.4936218,0.48391275106489673
5,2,646422.0408681706,0.16239999,2.4937172,0.48413813310232856
5,2,646427.0410620607,0.16239999,2.493851,0.4843635148412032
5,2,646432.0412559509,0.16239999,2.4940417,0.4845888956193073
5,2,646437.0414498411,0.16239999,2.4939272,0.4848142770810899
5,2,646442.0416437313,0.16239999,2.4940417,0.4850396596716801
5,2,646447.0418376215,0.16239999,2.4941373,0.48526504118046676
5,2,646452.0420315117,0.16239999,2.4942899,0.4854904253876608
5,2,646457.0422254018,0.16239999,2.4944427,0.4857158114017332
5,2,646462.042419292,0.16239999,2.4943473,0.4859411979140723
5,2,646467.0426131822,0.16239999,2.4943473,0.4861665843939062
5,2,646472.0428070724,0.16239999,2.4946527,0.48639197162059455
5,2,646477.0430009626,0.16239999,2.494748,0.4866173616468957
5,2,646482.0431948528,0.16239999,2.4948435,0.4868427514124828
5,2,646487.043388743,0.16239999,2.4950345,0.48706814052480546
5,2,646492.0435826331,0.16239999,2.4949963,0.4872935307428862
5,2,646497.0437765233,0.16239999,2.4952064,0.48751892006000386
5,2,646502.0439704135,0.16239999,2.4952826,0.4877443078553677
5,2,646507.0441643037,0.16239999,2.4952636,0.4879696956416435
5,2,646512.0443581939,0.16239999,2.495397,0.48819508613365314
5,2,646517.0445520841,0.16239999,2.4955308,0.48842047792251664
5,2,646522.0447459742,0.16239999,2.495798,0.4886458689511634
5,2,646527.0449398644,0.16239999,2.495741,0.48887126181970375
5,2,646532.0451337546,0.16239999,2.495989,0.48909665138773456
5,2,646537.0453276448,0.16239999,2.4960654,0.48932204117301686
5,2,646542.045521535,0.16239999,2.4961798,0.48954743297872444
5,2,646547.0457154252,0.16239999,2.4961607,0.4897728267664305
5,2,646552.0459093153,0.16239999,2.4963708,0.48999822134333354
5,2,646557.0461032055,0.16239999,2.496428,0.4902236143212898
5,2,646562.0462970957,0.16239999,2.496409,0.49044900746656045
5,2,646567.0464909859,0.16239999,2.4964852,0.4906744005343045
5,2,646572.0466848761,0.16239999,2.496791,0.4908997919055257
5,2,646577.0468787663,0.16239999,2.496791,0.4911251808519331
5,2,646582.0470726565,0.16239999,2.496791,0.49135057062909593
5,2,646587.0472665466,0.16239999,2.4970772,0.4915759622653028
5,2,646592.0474604368,0.16239999,2.4970198,0.49180135125248636
5,2,646597.047654327,0.16239999,2.4971154,0.4920267414815062
5,2,646602.0478482172,0.16239999,2.497287,0.49225213087751557
5,2,646607.0480421074,0.16239999,2.4973254,0.49247752196987227
5,2,646612.0482359976,0.16239999,2.497497,0.49270291339001315
5,2,646617.0484298877,0.16239999,2.49765,0.4929283033592818
5,2,646622.0486237779,0.16239999,2.4978406,0.49315369403843506
5,2,646627.0488176681,0.16239999,2.4978406,0.49337908431839866
5,2,646632.0490115583,0.16239999,2.4980125,0.4936044735811378
5,2,646637.0492054485,0.16239999,2.4982417,0.49382986393893596
5,2,646642.0493993387,0.16239999,2.4982035,0.4940552541156147
5,2,646647.0495932288,0.16239999,2.4982226,0.4942806442840373
5,2,646652.049787119,0.16239999,2.4984708,0.4945060363587034
5,2,646657.0499810092,0.16239999,2.4984517,0.49473142552736404
5,2,646662.0501748994,0.16239999,2.4986808,0.49495681158114313
5,2,646667.0503687896,0.16239999,2.4986615,0.49518220133252944
5,2,646672.0505626798,0.16239999,2.4987571,0.49540759079839214
5,2,646677.05075657,0.16239999,2.4988716,0.4956329803201358
5,2,646682.0509504601,0.16239999,2.4990244,0.4958583680096178
5,2,646687.0511443503,0.16239999,2.4992151,0.49608375692205137
5,2,646692.0513382405,0.16239999,2.499368,0.4963091491148994
5,2,646697.0515321307,0.16239999,2.4996161,0.49653454076207765
5,2,646702.0517260209,0.16239999,2.4997306,0.4967599346999485
5,2,646707.051919911,0.16239999,2.4998453,0.4969853287224397
5,2,646712.0521138012,0.16239999,2.500017,0.4972107210051434
5,2,646717.0523076914,0.16239999,2.5000744,0.4974361131176295
5,2,646722.0525015816,0.16239999,2.5001507,0.49766150491702393
5,2,646727.0526954718,0.16239999,2.5001698,0.4978868937596414
5,2,646732.052889362,0.16239999,2.5003989,0.4981122817500035
5,2,646737.0530832522,0.16239999,2.5003035,0.49833766846757216
5,2,646742.0532771423,0.16239999,2.500456,0.4985630567529566
5,2,646747.0534710325,0.16239999,2.5005705,0.4987884476932246
5,2,646752.0536649227,0.16239999,2.5008953,0.49901383985336045
5,2,646757.0538588129,0.16239999,2.5009143,0.499239231229509
5,2,646762.0540527031,0.16239999,2.501067,0.49946462371634864
5,2,646767.0542465933,0.16239999,2.5013342,0.49969001488860043
5,2,646772.0544404835,0.16239999,2.5011435,0.49991540658838723
5,2,646777.0546343736,0.16239999,2.5013533,0.5001407980512117
5,2,646782.0548282643,0.16239999,2.501296,0.5003661894347884
5,2,646787.0550221549,0.16239999,2.501468,0.5005915819552624
5,2,646792.0552160456,0.16239999,2.5015252,0.5008169723665483
5,2,646797.0554099362,0.16239999,2.5016015,0.5010423620081238
5,2,646802.0556038269,0.16239999,2.5018497,0.5012677533651798
5,2,646807.0557977175,0.16239999,2.5017734,0.5014931438787414
5,2,646812.0559916082,0.16239999,2.502155,0.5017185348876533
5,2,646817.0561854988,0.16239999,2.5020597,0.5019439266972824
5,2,646822.0563793895,0.16239999,2.502136,0.5021693159904381
5,2,646827.0565732801,0.16239999,2.502346,0.5023947025158646
5,2,646832.0567671708,0.16239999,2.502518,0.5026200870806798
5,2,646837.0569610614,0.16239999,2.5027087,0.5028454718352168
5,2,646842.0571549521,0.16239999,2.5028043,0.5030708582711866
5,2,646847.0573488427,0.16239999,2.5028043,0.5032962451486356
5,2,646852.0575427334,0.16239999,2.5028424,0.503521634792395
5,2,646857.057736624,0.16239999,2.5029569,0.5037470223284339
5,2,646862.0579305147,0.16239999,2.503167,0.5039724116591654
5,2,646867.0581244053,0.16239999,2.5034533,0.5041978036113688
5,2,646872.058318296,0.16239999,2.5034342,0.5044231933457743
5,2,646877.0585121866,0.16239999,2.5035295,0.5046485832150197
5,2,646882.058706077,0.16239999,2.5036824,0.5048739735353374
5,2,646887.0588999675,0.16239999,2.503816,0.5050993611951479
5,2,646892.0590938579,0.16239999,2.5038924,0.5053247468916235
5,2,646897.0592877483,0.16239999,2.5040832,0.5055501312806233
5,2,646902.0594816383,0.16239999,2.5041025,0.5057755164062753
5,2,646907.0596755287,0.16239999,2.5041215,0.5060009021204296
5,2,646912.0598694191,0.16239999,2.5043314,0.506226289824581
5,2,646917.0600633095,0.16239999,2.5045795,0.5064516768143061
5,2,646922.0602571999,0.16239999,2.5045605,0.5066770642233177
5,2,646927.0604510903,0.16239999,2.504656,0.5069024510860733
5,2,646932.0606449809,0.16239999,2.504904,0.5071278359825272
5,2,646937.0608388714,0.16239999,2.5048277,0.507353220849971
5,2,646942.0610327619,0.16239999,2.5050378,0.5075786083729376
5,2,646947.0612266525,0.16239999,2.5051332,0.5078039957198899
5,2,646952.061420543,0.16239999,2.5050378,0.5080293845565775
5,2,646957.0616144335,0.16239999,2.5051906,0.5082547745673309
5,2,646962.0618083241,0.16239999,2.5052478,0.5084801652587528
5,2,646967.0620022146,0.16239999,2.505496,0.5087055575908795
5,2,646972.0621961051,0.16239999,2.5055532,0.5089309490982659
5,2,646977.0623899959,0.16239999,2.5057824,0.5091563412390401
5,2,646982.0625838864,0.16239999,2.5059159,0.5093817327333672
5,2,646987.062777777,0.16239999,2.5058587,0.5096071246540835
5,2,646992.0629716675,0.16239999,2.506126,0.5098325172060281
5,2,646997.063165558,0.16239999,2.5062213,0.5100579111495382
5,2,647002.0633594485,0.16239999,2.5063741,0.5102833049112915
5,2,647007.063553339,0.16239999,2.5062213,0.5105086989274084
5,2,647012.0637472295,0.16239999,2.506336,0.5107340910876824
5,2,647017.0639411199,0.16239999,2.5066414,0.5109594809193454
5,2,647022.0641350105,0.16239999,2.5066414,0.5111848758886101
5,2,647027.064328901,0.16239999,2.5069468,0.5114102695363569
5,2,647032.0645227914,0.16239999,2.5068133,0.5116356598690252
5,2,647037.0647166818,0.16239999,2.507004,0.5118610473244728
5,2,647042.0649105723,0.16239999,2.507214,0.51208643390331
5,2,647047.0651044627,0.16239999,2.5072904,0.512311820928735
5,2,647052.0652983531,0.16239999,2.507424,0.5125372060222733
5,2,647057.0654922435,0.16239999,2.5075576,0.5127625903936508
5,2,647062.0656861335,0.16239999,2.5077486,0.5129879751698341
5,2,647067.0658800239,0.16239999,2.5077295,0.5132133618318123
5,2,647072.0660739143,0.16239999,2.5079777,0.5134387455000818
5,2,647077.0662678047,0.16239999,2.5079968,0.5136641306544177
5,2,647082.0664616954,0.16239999,2.5080159,0.5138895151791051
5,2,647087.066655586,0.16239999,2.5081687,0.5141149024744729
5,2,647092.0668494767,0.16239999,2.5081878,0.5143402925259255
5,2,647097.0670433673,0.16239999,2.508474,0.5145656838693353
5,2,647102.067237258,0.16239999,2.5086458,0.5147910745637028
5,2,647107.0674311486,0.16239999,2.5086267,0.5150164677437701
5,2,647112.0676250393,0.16239999,2.5088177,0.5152418594659675
5,2,647117.0678189299,0.16239999,2.5090468,0.5154672516760537
5,2,647122.0680128206,0.16239999,2.5091422,0.5156926430171315
5,2,647127.0682067112,0.16239999,2.5092185,0.5159180367122153
5,2,647132.0684006019,0.16239999,2.5093904,0.5161434312909039
5,2,647137.0685944925,0.16239999,2.5094285,0.5163688228007803
5,2,647142.0687883832,0.16239999,2.5096767,0.5165942101835815
5,2,647147.0689822738,0.16239999,2.5098677,0.516819597020511
5,2,647152.0691761645,0.16239999,2.509944,0.5170449835537813
5,2,647157.0693700551,0.16239999,2.5100777,0.5172703708831478
5,2,647162.0695639458,0.16239999,2.509982,0.5174957595560525
5,2,647167.0697578364,0.16239999,2.5102494,0.5177211502025914
5,2,647172.069951727,0.16239999,2.510173,0.5179465402678483
5,2,647177.0701456177,0.16239999,2.5104022,0.5181719307311417
5,2,647182.0703395084,0.16239999,2.5104594,0.5183973190087948
5,2,647187.0705333985,0.16239999,2.5107076,0.5186227054964916
5,2,647192.0707272887,0.16239999,2.5107076,0.5188480907239946
5,2,647197.0709211789,0.16239999,2.5107267,0.5190734766802265
5,2,647202.0711150691,0.16239999,2.511013,0.5192988638879482
5,2,647207.0713089593,0.16239999,2.5110512,0.5195242495547134
5,2,647212.0715028495,0.16239999,2.5113947,0.5197496354189662
5,2,647217.0716967396,0.16239999,2.5114331,0.5199750208578265
5,2,647222.0718906298,0.16239999,2.5115857,0.5202004073826909
5,2,647227.07208452,0.16239999,2.5117576,0.5204257950588596
5,2,647232.0722784102,0.16239999,2.5117767,0.520651182664924
5,2,647237.0724723004,0.16239999,2.5119102,0.5208765710713208
5,2,647242.0726661906,0.16239999,2.5119677,0.5211019586660538
5,2,647247.0728600807,0.16239999,2.5121393,0.5213273455627461
5,2,647252.0730539709,0.16239999,2.5121393,0.5215527291715666
5,2,647257.0732478611,0.16239999,2.5124447,0.5217781135246008
5,2,647262.0734417513,0.16239999,2.5124638,0.5220034981786815
5,2,647267.0736356415,0.16239999,2.5125976,0.5222288852985725
5,2,647272.0738295317,0.16239999,2.5127501,0.5224542716270354
5,2,647277.0740234219,0.16239999,2.5130174,0.5226796600653537
5,2,647282.074217312,0.16239999,2.512922,0.5229050470052246
5,2,647287.0744112022,0.16239999,2.513304,0.5231304370145649
5,2,647292.0746050924,0.16239999,2.5132847,0.523355829753033
5,2,647297.0747989826,0.16239999,2.5134757,0.5235812214786641
5,2,647302.0749928728,0.16239999,2.5136094,0.5238066135111004
5,2,647307.075186763,0.16239999,2.513743,0.5240320037907387
5,2,647312.0753806531,0.16239999,2.5138767,0.5242573942178504
5,2,647317.0755745433,0.16239999,2.5140674,0.5244827865302546
5,2,647322.0757684335,0.16239999,2.514163,0.5247081782269081
5,2,647327.0759623237,0.16239999,2.5143538,0.5249335685019096
5,2,647332.0761562139,0.16239999,2.5144112,0.5251589643254214
5,2,647337.0763501041,0.16239999,2.5145638,0.525384357966866
5,2,647342.0765439942,0.16239999,2.51464,0.5256097476131883
5,2,647347.0767378844,0.16239999,2.5147548,0.5258351376402097
5,2,647352.0769317746,0.16239999,2.5146976,0.5260605266472789
5,2,647357.0771256648,0.16239999,2.5149648,0.5262859158657666
5,2,647362.077319555,0.16239999,2.515003,0.5265113047046315
5,2,647367.0775134452,0.16239999,2.5151365,0.526736692357628
5,2,647372.0777073354,0.16239999,2.515213,0.5269620809412865
5,2,647377.0779012255,0.16239999,2.5153084,0.5271874674260353
5,2,647382.0780951157,0.16239999,2.515652,0.5274128546425619
5,2,647387.0782890059,0.16239999,2.5155566,0.527638243841794
5,2,647392.0784828961,0.16239999,2.5156329,0.5278636318849849
5,2,647397.0786767863,0.16239999,2.5156329,0.5280890171837519
5,2,647402.0788706765,0.16239999,2.5157857,0.5283144043748116
5,2,647407.0790645666,0.16239999,2.5158238,0.5285397914296299
5,2,647412.0792584568,0.16239999,2.5161674,0.5287651790948454
5,2,647417.079452347,0.16239999,2.5162246,0.528990564137137
5,2,647422.0796462372,0.16239999,2.5165493,0.5292159484939105
5,2,647427.0798401274,0.16239999,2.5165493,0.5294413343078339
5,2,647432.0800340176,0.16239999,2.5166638,0.5296667206509413
5,2,647437.0802279077,0.16239999,2.5167592,0.5298921070879228
5,2,647442.0804217979,0.16239999,2.5168738,0.5301174904424161
5,2,647447.0806156881,0.16239999,2.516931,0.5303428727668319
5,2,647452.0808095783,0.16239999,2.517103,0.5305682570107052
5,2,647457.0810034685,0.16239999,2.5170455,0.5307936424778007
5,2,647462.0811973587,0.16239999,2.5171602,0.5310190280222068
5,2,647467.0813912489,0.16239999,2.5174084,0.5312444136411418
5,2,647472.081585139,0.16239999,2.5173702,0.5314698027353977
5,2,647477.0817790292,0.16239999,2.5177138,0.5316951916934826
5,2,647482.0819729194,0.16239999,2.5178282,0.5319205805450739
5,2,647487.0821668096,0.16239999,2.517943,0.5321459683479827
5,2,647492.0823606998,0.16239999,2.5180764,0.532371354612609
5,2,647497.08255459,0.16239999,2.5180383,0.532596740406275
5,2,647502.0827484801,0.16239999,2.5183246,0.5328221269929825
5,2,647507.0829423703,0.16239999,2.518439,0.5330475129476581
5,2,647512.0831362605,0.16239999,2.5184584,0.5332729000180034
5,2,647517.0833301507,0.16239999,2.518649,0.53349828935399
5,2,647522.0835240409,0.16239999,2.5188782,0.5337236789071992
5,2,647527.0837179311,0.16239999,2.5189164,0.5339490685881245
5,2,647532.0839118212,0.16239999,2.518802,0.5341744566284171
5,2,647537.0841057114,0.16239999,2.5191646,0.5343998469711089
5,2,647542.0842996016,0.16239999,2.5192409,0.5346252342604765
5,2,647547.0844934918,0.16239999,2.5195274,0.5348506210842225
5,2,647552.084687382,0.16239999,2.5196419,0.5350760081877727
5,2,647557.0848812722,0.16239999,2.5197182,0.5353013987989262
5,2,647562.0850751624,0.16239999,2.519871,0.5355267889402793
5,2,647567.0852690525,0.16239999,2.5199282,0.5357521794760834
5,2,647572.0854629427,0.16239999,2.5199473,0.5359775696987885
5,2,647577.0856568329,0.16239999,2.5202336,0.5362029620994713
5,2,647582.0858507231,0.16239999,2.5201955,0.5364283558006803
5,2,647587.0860446133,0.16239999,2.520329,0.536653749360786
5,2,647592.0862385035,0.16239999,2.5205772,0.5368791439865532
5,2,647597.0864323936,0.16239999,2.5206919,0.5371045389580945
5,2,647602.0866262838,0.16239999,2.5207872,0.537329933580667
5,2,647607.086820174,0.16239999,2.5210354,0.5375553259283994
5,2,647612.0870140642,0.16239999,2.5209973,0.53778071834273
5,2,647617.0872079544,0.16239999,2.52115,0.538006111457594
5,2,647622.0874018446,0.16239999,2.5211117,0.5382315057068553
5,2,647627.0875957347,0.16239999,2.52115,0.5384568994301147
5,2,647632.0877896249,0.16239999,2.5214365,0.5386822930700724
5,2,647637.0879835151,0.16239999,2.5214171,0.5389076877415258
5,2,647642.0881774053,0.16239999,2.521551,0.5391330816709361
5,2,647647.0883712955,0.16239999,2.52178,0.5393584757317234
5,2,647652.0885651857,0.16239999,2.5218945,0.5395838698463733
5,2,647657.0887590759,0.16239999,2.5221236,0.539809266568955
5,2,647662.088952966,0.16239999,2.5220854,0.5400346621178889
5,2,647667.0891468562,0.16239999,2.5222955,0.5402600585064444
5,2,647672.0893407464,0.16239999,2.5223145,0.5404854526870047
5,2,647677.0895346366,0.16239999,2.5225627,0.5407108480132995
5,2,647682.0897285268,0.16239999,2.5226963,0.540936243883149
5,2,647687.089922417,0.16239999,2.5229254,0.5411616356531823
5,2,647692.0901163071,0.16239999,2.5231354,0.5413870303717093
5,2,647697.0903101973,0.16239999,2.5232499,0.5416124253700735
5,2,647702.0905040875,0.16239999,2.523269,0.5418378196706916
5,2,647707.0906979777,0.16239999,2.523479,0.5420632125291232
5,2,647712.0908918679,0.16239999,2.5233455,0.5422886029339485
5,2,647717.0910857581,0.16239999,2.523708,0.5425139965877263
5,2,647722.0912796482,0.16239999,2.523899,0.5427393879008462
5,2,647727.0914735384,0.16239999,2.5239754,0.542964780255684
5,2,647732.0916674286,0.16239999,2.5240135,0.5431901737915744
5,2,647737.0918613188,0.16239999,2.5242045,0.5434155669917509
5,2,647742.092055209,0.16239999,2.524357,0.5436409599666905
5,2,647747.0922490992,0.16239999,2.524548,0.5438663529973671
5,2,647752.0924429893,0.16239999,2.5246818,0.5440917439220957
5,2,647757.0926368795,0.16239999,2.5245862,0.544317134099916
5,2,647762.0928307697,0.16239999,2.5248153,0.5445425223556761
5,2,647767.0930246599,0.16239999,2.5248535,0.5447679103657749
5,2,647772.0932185501,0.16239999,2.5251398,0.5449932968771504
5,2,647777.0934124403,0.16239999,2.5252926,0.5452186846094732
5,2,647782.0936063305,0.16239999,2.5255218,0.5454440737455326
5,2,647787.0938002206,0.16239999,2.5256553,0.5456694652134582
5,2,647792.0939941108,0.16239999,2.5256934,0.5458948556117039
5,2,647797.094188001,0.16239999,2.525808,0.5461202460340101
5,2,647802.0943818912,0.16239999,2.526018,0.5463456361012986
5,2,647807.0945757814,0.16239999,2.526266,0.5465710260971236
5,2,647812.0947696716,0.16239999,2.526247,0.5467964170855472
5,2,647817.0949635617,0.16239999,2.526266,0.5470218079057342
5,2,647822.0951574519,0.16239999,2.5265143,0.5472471980814129
5,2,647827.0953513421,0.16239999,2.526667,0.5474725893606898
5,2,647832.0955452323,0.16239999,2.526858,0.5476979793888146
5,2,647837.0957391225,0.16239999,2.5269344,0.5479233720971931
5,2,647842.0959330127,0.16239999,2.5269916,0.5481487620108291
5,2,647847.0961269028,0.16239999,2.527068,0.5483741511330097
5,2,647852.096320793,0.16239999,2.5272398,0.5485995405199053
5,2,647857.0965146832,0.16239999,2.5272207,0.5488249288865971
5,2,647862.0967085734,0.16239999,2.527469,0.5490503174019669
5,2,647867.0969024636,0.16239999,2.5275643,0.5492757059842064
5,2,647872.0970963538,0.16239999,2.52766,0.5495010927396563
5,2,647877.097290244,0.16239999,2.5277362,0.5497264793075511
5,2,647882.0974841341,0.16239999,2.5280797,0.5499518676268464
5,2,647887.0976780243,0.16239999,2.5282135,0.5501772591717812
5,2,647892.0978719145,0.16239999,2.5281944,0.5504026515341457
5,2,647897.0980658047,0.16239999,2.5283089,0.5506280432010829
5,2,647902.0982596949,0.16239999,2.528519,0.5508534344077125
5,2,647907.0984535851,0.16239999,2.5286906,0.5510788251986692
5,2,647912.0986474752,0.16239999,2.5285952,0.551304217385215
5,2,647917.0988413654,0.16239999,2.5288434,0.5515296079276989
5,2,647922.0990352556,0.16239999,2.5289006,0.551754999113543
5,2,647927.0992291458,0.16239999,2.5291107,0.5519803894529474
5,2,647932.099423036,0.16239999,2.5292826,0.5522057803517604
5,2,647937.0996169262,0.16239999,2.5294542,0.5524311716108876
5,2,647942.0998108163,0.16239999,2.5297024,0.5526565618204135
5,2,647947.1000047065,0.16239999,2.5300844,0.5528819515703237
5,2,647952.1001985967,0.16239999,2.5301225,0.5531073410323295
5,2,647957.1003924869,0.16239999,2.530218,0.5533327308615553
5,2,647962.1005863771,0.16239999,2.5301607,0.5535581195247768
5,2,647967.1007802673,0.16239999,2.5305042,0.553783505746655
5,2,647972.1009741575,0.16239999,2.5305424,0.5540088932653879
5,2,647977.1011680476,0.16239999,2.5305805,0.554234283286732
5,2,647982.1013619378,0.16239999,2.5305996,0.554459673745791
5,2,647987.101555828,0.16239999,2.5308096,0.5546850651782137
5,2,647992.1017497182,0.16239999,2.5310197,0.5549104568391366
5,2,647997.1019436084,0.16239999,2.5312107,0.5551358488695877
5,2,648002.1021374986,0.16239999,2.5311725,0.5553612421213917
5,2,648007.1023313887,0.16239999,2.5313632,0.5555866343680247
5,2,648012.1025252789,0.16239999,2.5314014,0.5558120280915896
5,2,648017.1027191691,0.16239999,2.5314014,0.5560374230294393
5,2,648022.1029130593,0.16239999,2.5316877,0.5562628183897659
5,2,648027.1031069495,0.16239999,2.5318215,0.556488213880606
5,2,648032.1033008397,0.16239999,2.531936,0.5567136097544068
5,2,648037.1034947298,0.16239999,2.5320125,0.5569390076933537
5,2,648042.10368862,0.16239999,2.5322223,0.5571644061578778
5,2,648047.1038825102,0.16239999,2.532375,0.5573898035403151
5,2,648052.1040764004,0.16239999,2.532528,0.5576152004821996
5,2,648057.1042702906,0.16239999,2.5327568,0.557840596335772
5,2,648062.1044641808,0.16239999,2.5329287,0.5580659898925497
5,2,648067.104658071,0.16239999,2.5331197,0.5582913816098032
5,2,648072.1048519611,0.16239999,2.533177,0.5585167740382692
5,2,648077.1050458513,0.16239999,2.5332913,0.5587421654565135
5,2,648082.1052397415,0.16239999,2.5336542,0.558967560471196
5,2,648087.1054336317,0.16239999,2.5335205,0.5591929560285648
5,2,648092.1056275219,0.16239999,2.5337877,0.559418350526206
5,2,648097.105821412,0.16239999,2.5339787,0.5596437462883425
5,2,648102.1060153022,0.16239999,2.5339596,0.5598691410881552
5,2,648107.1062091924,0.16239999,2.5339406,0.5600945354973358
5,2,648112.1064030826,0.16239999,2.5341697,0.5603199286486944
5,2,648117.1065969728,0.16239999,2.5343413,0.5605453204023547
5,2,648122.106790863,0.16239999,2.5346086,0.5607707143954219
5,2,648127.1069847532,0.16239999,2.5346086,0.5609961100717674
5,2,648132.1071786433,0.16239999,2.5348568,0.5612215032114799
5,2,648137.1073725335,0.16239999,2.5350287,0.5614468953967954
5,2,648142.1075664237,0.16239999,2.5350668,0.5616722900820075
5,2,648147.1077603139,0.16239999,2.5352194,0.5618976764782806
5,2,648152.1079542041,0.16239999,2.535315,0.5621230599720377
5,2,648157.1081480943,0.16239999,2.5354295,0.5623484409886067
5,2,648162.1083419845,0.16239999,2.535735,0.5625738241540763
5,2,648167.1085358746,0.16239999,2.5358686,0.56279921623325
5,2,648172.1087297648,0.16239999,2.5360787,0.5630246079222542
5,2,648177.108923655,0.16239999,2.5360787,0.5632499954947165
5,2,648182.1091175452,0.16239999,2.5362122,0.5634753833464192
5,2,648187.1093114354,0.16239999,2.5364032,0.5637007742056108
5,2,648192.1095053256,0.16239999,2.5366323,0.5639261668728647
5,2,648197.1096992157,0.16239999,2.536823,0.5641515602095797
5,2,648202.1098931059,0.16239999,2.536842,0.5643769538977369
5,2,648207.1100869961,0.16239999,2.5369377,0.5646023477754178
5,2,648212.1102808863,0.16239999,2.5372431,0.564827743217426
5,2,648217.1104747765,0.16239999,2.537415,0.5650531412251326
5,2,648222.1106686667,0.16239999,2.537396,0.5652785369481261
5,2,648227.1108625568,0.16239999,2.5374532,0.5655039332212466
5,2,648232.111056447,0.16239999,2.537663,0.5657293295871648
5,2,648237.1112503372,0.16239999,2.5377967,0.5659547275703674
5,2,648242.1114442274,0.16239999,2.5379496,0.5661801264644754
5,2,648247.1116381176,0.16239999,2.538255,0.566405524024225
5,2,648252.1118320078,0.16239999,2.5384076,0.5666309226055303
5,2,648257.112025898,0.16239999,2.5383503,0.566856320746979
5,2,648262.1122197881,0.16239999,2.5385985,0.5670817183340077
5,2,648267.1124136783,0.16239999,2.538694,0.5673071131222389
5,2,648272.1126075685,0.16239999,2.5390568,0.5675325096604129
5,2,648277.1128014587,0.16239999,2.539095,0.567757905112341
5,2,648282.1129953489,0.16239999,2.539114,0.5679832982678165
5,2,648287.113189239,0.16239999,2.5392666,0.568208689519508
5,2,648292.1133831292,0.16239999,2.5394766,0.5684340814760087
5,2,648297.1135770194,0.16239999,2.5397248,0.5686594726104687
5,2,648302.1137709096,0.16239999,2.5398202,0.5688848663615551
5,2,648307.1139647998,0.16239999,2.5402021,0.5691102609670898
5,2,648312.11415869,0.16239999,2.540183,0.5693356572395422
5,2,648317.1143525802,0.16239999,2.5404694,0.5695610525143245
5,2,648322.1145464703,0.16239999,2.540641,0.5697864465803454
5,2,648327.1147403605,0.16239999,2.5407367,0.5700118414080582
5,2,648332.1149342507,0.16239999,2.541042,0.5702372358289866
5,2,648337.1151281409,0.16239999,2.5410802,0.5704626294271962
5,2,648342.1153220311,0.16239999,2.5411184,0.5706880210446036
5,2,648347.1155159213,0.16239999,2.5413094,0.5709134125456867
5,2,648352.1157098114,0.16239999,2.5416338,0.5711388049023101
5,2,648357.1159037016,0.16239999,2.5417295,0.5713641955081538
5,2,648362.1160975918,0.16239999,2.5419774,0.5715895878796129
5,2,648367.116291482,0.16239999,2.5419583,0.5718149801540812
5,2,648372.1164853722,0.16239999,2.5421684,0.5720403701678877
5,2,648377.1166792624,0.16239999,2.5424738,0.5722657587276372
5,2,648382.1168731526,0.16239999,2.5424166,0.5724911470455185
5,2,648387.1170670427,0.16239999,2.5426648,0.5727165367586105
5,2,648392.1172609334,0.16239999,2.542722,0.5729419271280605
5,2,648397.117454824,0.16239999,2.542913,0.5731673177335748
5,2,648402.1176487147,0.16239999,2.5430655,0.5733927111637357
5,2,648407.1178426053,0.16239999,2.5432184,0.5736181041239645
5,2,648412.118036496,0.16239999,2.5433137,0.5738434964179633
5,2,648417.1182303866,0.16239999,2.5433137,0.5740688863798583
5,2,648422.1184242773,0.16239999,2.5435238,0.5742942788571588
5,2,648427.1186181679,0.16239999,2.543791,0.5745196718857285
5,2,648432.1188120586,0.16239999,2.5440583,0.5747450632017723
5,2,648437.1190059492,0.16239999,2.5441346,0.5749704538455155
5,2,648442.1191998399,0.16239999,2.5442302,0.5751958473634716
5,2,648447.1193937305,0.16239999,2.5443447,0.5754212390473498
5,2,648452.1195876212,0.16239999,2.5444975,0.5756466276972042
5,2,648457.1197815114,0.16239999,2.5446692,0.5758720142254917
5,2,648462.119975402,0.16239999,2.5447457,0.5760974002123737
5,2,648467.1201692927,0.16239999,2.544822,0.5763227868093324
5,2,648472.1203631833,0.16239999,2.545013,0.5765481759515733
5,2,648477.120557074,0.16239999,2.5451655,0.576773563964182
5,2,648482.1207509646,0.16239999,2.5452418,0.5769989497964519
5,2,648487.1209448553,0.16239999,2.5457,0.5772243317900926
5,2,648492.1211387457,0.16239999,2.545681,0.5774497139841679
5,2,648497.1213326361,0.16239999,2.5457764,0.5776750971426721
5,2,648502.1215265265,0.16239999,2.546082,0.5779004824243896
5,2,648507.1217204169,0.16239999,2.5461583,0.5781258672401388
5,2,648512.1219143074,0.16239999,2.546311,0.5783512541331562
5,2,648517.1221081978,0.16239999,2.5464447,0.5785766385339322
5,2,648522.1223020882,0.16239999,2.5467691,0.578802023790499
5,2,648527.1224959786,0.16239999,2.5466928,0.5790274091770307
5,2,648532.1226898693,0.16239999,2.54696,0.5792527933927721
5,2,648537.1228837597,0.16239999,2.5471702,0.5794781788179035
5,2,648542.1230776502,0.16239999,2.5471892,0.579703562646498
5,2,648547.1232715407,0.16239999,2.5474374,0.5799289459450301
5,2,648552.1234654313,0.16239999,2.54759,0.5801543260886908
5,2,648557.1236593218,0.16239999,2.547762,0.5803797089112549
5,2,648562.1238532123,0.16239999,2.5480673,0.5806050932486653
5,2,648567.1240471029,0.16239999,2.5482392,0.5808304794501173
5,2,648572.1242409933,0.16239999,2.548449,0.5810558663296997
5,2,648577.1244348838,0.16239999,2.548621,0.5812812541633199
5,2,648582.1246287744,0.16239999,2.54885,0.5815066408218071
5,2,648587.1248226649,0.16239999,2.54885,0.5817320264938168
5,2,648592.1250165554,0.16239999,2.5489645,0.5819574104200917
5,2,648597.125210446,0.16239999,2.5489264,0.5821827970322455
5,2,648602.1254043365,0.16239999,2.5491936,0.5824081810405388
5,2,648607.1255982269,0.16239999,2.5493655,0.5826335664864664
5,2,648612.1257921176,0.16239999,2.5497472,0.5828589554935082
5,2,648617.1259860075,0.16239999,2.5497854,0.5830843461591544
5,2,648622.126179898,0.16239999,2.5499573,0.5833097370674933
5,2,648627.1263737886,0.16239999,2.5501673,0.5835351283629239
5,2,648632.1265676791,0.16239999,2.5502627,0.5837605211638535
5,2,648637.1267615696,0.16239999,2.5503008,0.5839859123857352
5,2,648642.1269554601,0.16239999,2.5504727,0.5842113048547538
5,2,648647.1271493507,0.16239999,2.5507972,0.5844366984586905
5,2,648652.1273432411,0.16239999,2.5508735,0.5846620876364119
5,2,648657.1275371315,0.16239999,2.5510836,0.5848874789053415
5,2,648662.127731022,0.16239999,2.5511026,0.5851128708751846
5,2,648667.1279249124,0.16239999,2.551389,0.5853382641814714
5,2,648672.1281188028,0.16239999,2.5514462,0.5855636546865162
5,2,648677.1283126932,0.16239999,2.5517325,0.5857890450159748
5,2,648682.1285065836,0.16239999,2.5521526,0.586014434483715
5,2,648687.128700474,0.16239999,2.5521336,0.5862398248142499
5,2,648692.1288943645,0.16239999,2.552229,0.5864652140157618
5,2,648697.1290882551,0.16239999,2.5523436,0.5866906026170955
5,2,648702.1292821458,0.16239999,2.5525918,0.5869159922619154
5,2,648707.1294760364,0.16239999,2.5526872,0.5871413806066677
5,2,648712.1296699271,0.16239999,2.5527253,0.5873667685428342
5,2,648717.1298638177,0.16239999,2.5530498,0.5875921576463884
5,2,648722.1300577084,0.16239999,2.5531454,0.5878175473677704
5,2,648727.130251599,0.16239999,2.5533552,0.5880429371474217
5,2,648732.1304454897,0.16239999,2.5536225,0.5882683279786555
5,2,648737.1306393803,0.16239999,2.5538325,0.5884937205593327
5,2,648742.130833271,0.16239999,2.5538898,0.5887191102105236
5,2,648747.1310271616,0.16239999,2.5540807,0.5889444979577733
5,2,648752.1312210523,0.16239999,2.554329,0.5891698847751135
5,2,648757.1314149429,0.16239999,2.5544052,0.5893952731960239
5,2,648762.1316088336,0.16239999,2.55452,0.5896206621321686
5,2,648767.1318027242,0.16239999,2.5548062,0.5898460497750687
5,2,648772.1319966149,0.16239999,2.5550735,0.5900714410327612
5,2,648777.1321905055,0.16239999,2.555226,0.590296830900572
5,2,648782.1323843957,0.16239999,2.5553598,0.5905222195133382
5,2,648787.1325782863,0.16239999,2.5555508,0.5907476082899443
5,2,648792.132772177,0.16239999,2.555818,0.5909729977964623
5,2,648797.1329660676,0.16239999,2.5561807,0.5911983865893264
5,2,648802.1331599578,0.16239999,2.5561807,0.5914237753981638
5,2,648807.133353848,0.16239999,2.5565624,0.5916491616875542
5,2,648812.1335477382,0.16239999,2.556658,0.5918745482901621
5,2,648817.1337416284,0.16239999,2.5567725,0.592099934048822
5,2,648822.1339355186,0.16239999,2.557097,0.5923253239396327
5,2,648827.1341294087,0.16239999,2.557097,0.5925507161016337
5,2,648832.1343232989,0.16239999,2.5574214,0.5927761053881129
5,2,648837.1345171891,0.16239999,2.557498,0.5930014948602175
5,2,648842.1347110793,0.16239999,2.5578415,0.5932268852856231
5,2,648847.1349049695,0.16239999,2.5579178,0.5934522743116101
5,2,648852.1350988597,0.16239999,2.5581088,0.5936776635226496
5,2,648857.1352927499,0.16239999,2.5582426,0.5939030534746701
5,2,648862.13548664,0.16239999,2.5585861,0.5941284445783236
5,2,648867.1356805302,0.16239999,2.5587769,0.5943538356477425
5,2,648872.1358744204,0.16239999,2.5589488,0.5945792260940419
5,2,648877.1360683106,0.16239999,2.5590634,0.5948046164404448
5,2,648882.1362622008,0.16239999,2.5592923,0.5950300066706742
5,2,648887.136456091,0.16239999,2.5592923,0.5952553960823131
5,2,648892.1366499811,0.16239999,2.5596743,0.5954807851892888
5,2,648897.1368438713,0.16239999,2.5597315,0.5957061742711776
5,2,648902.1370377615,0.16239999,2.560056,0.595931559990548
5,2,648907.1372316517,0.16239999,2.560285,0.5961569471029801
5,2,648912.1374255419,0.16239999,2.5603042,0.5963823366905149
5,2,648917.1376194321,0.16239999,2.5606096,0.5966077276067357
5,2,648922.1378133222,0.16239999,2.5607815,0.596833117458897
5,2,648927.1380072124,0.16239999,2.561087,0.5970585074971778
5,2,648932.1382011026,0.16239999,2.561335,0.5972838969777604
5,2,648937.1383949928,0.16239999,2.561526,0.5975092878482993
5,2,648942.138588883,0.16239999,2.5615833,0.5977346786922809
5,2,648947.1387827732,0.16239999,2.5618124,0.5979600682398839
5,2,648952.1389766634,0.16239999,2.561946,0.5981854590548754
5,2,648957.1391705535,0.16239999,2.5620987,0.5984108481140423
5,2,648962.1393644437,0.16239999,2.562385,0.5986362391816573
5,2,648967.1395583339,0.16239999,2.5624804,0.5988616311130927
5,2,648972.1397522241,0.16239999,2.5627096,0.5990870216540907
5,2,648977.1399461143,0.16239999,2.5630531,0.5993124136288395
5,2,648982.1401400045,0.16239999,2.563244,0.5995378049384311
5,2,648987.1403338946,0.16239999,2.5633204,0.5997631936083979
5,2,648992.1405277848,0.16239999,2.5635304,0.5999885838958576
5,2,648997.140721675,0.16239999,2.563893,0.6002139734387875
5,2,649002.1409155652,0.16239999,2.5637977,0.6004393619768856
5,2,649007.1411094554,0.16239999,2.5640078,0.6006647507212275
5,2,649012.1413033456,0.16239999,2.564275,0.6008901397978768
5,2,649017.1414972357,0.16239999,2.5644658,0.6011155291222123
5,2,649022.1416911259,0.16239999,2.5646567,0.6013409215045824
5,2,649027.1418850161,0.16239999,2.564943,0.6015663137172208
5,2,649032.1420789063,0.16239999,2.5651913,0.6017917042169343
5,2,649037.1422727965,0.16239999,2.5652869,0.6020170957600792
5,2,649042.1424666867,0.16239999,2.5655732,0.6022424854990074
5,2,649047.1426605769,0.16239999,2.5657449,0.602467875648378
5,2,649052.142854467,0.16239999,2.5660121,0.6026932665419549
5,2,649057.1430483572,0.16239999,2.5660694,0.6029186587690251
5,2,649062.1432422474,0.16239999,2.5662222,0.6031440493330826
5,2,649067.1434361376,0.16239999,2.5664513,0.6033694388268842
5,2,649072.1436300278,0.16239999,2.5667377,0.6035948287636956
5,2,649077.143823918,0.16239999,2.5669477,0.603820216050179
5,2,649082.1440178081,0.16239999,2.5669858,0.6040456036095888
5,2,649087.1442116983,0.16239999,2.5673103,0.6042709934137351
5,2,649092.1444055885,0.16239999,2.5675204,0.6044963851103786
5,2,649097.1445994787,0.16239999,2.567673,0.604721773588969
5,2,649102.1447933689,0.16239999,2.5679212,0.6049471645210587
5,2,649107.1449872591,0.16239999,2.5680168,0.6051725522063269
5,2,649112.1451811492,0.16239999,2.568303,0.6053979401799882
5,2,649117.1453750394,0.16239999,2.568303,0.605623325945813
5,2,649122.1455689296,0.16239999,2.568704,0.6058487137192274
5,2,649127.1457628198,0.16239999,2.5690284,0.6060741020881726
5,2,649132.14595671,0.16239999,2.5689902,0.6062994950565789
5,2,649137.1461506002,0.16239999,2.5692003,0.6065248878152198
5,2,649142.1463444903,0.16239999,2.5695248,0.606750279218303
5,2,649147.1465383805,0.16239999,2.5696204,0.6069756708276439
5,2,649152.1467322707,0.16239999,2.5696776,0.6072010599120112
5,2,649157.1469261609,0.16239999,2.5699067,0.6074264479830839
5,2,649162.1471200511,0.16239999,2.5700402,0.6076518374910117
5,2,649167.1473139413,0.16239999,2.5703075,0.607877230381533
5,2,649172.1475078315,0.16239999,2.5703266,0.6081026234543276
5,2,649177.1477017216,0.16239999,2.5704412,0.6083280168296763
5,2,649182.1478956118,0.16239999,2.5706701,0.6085534104763288
5,2,649187.148089502,0.16239999,2.5707848,0.6087788017657227
5,2,649192.1482833922,0.16239999,2.570823,0.6090041897100353
5,2,649197.1484772824,0.16239999,2.5712237,0.6092295788001586
5,2,649202.1486711726,0.16239999,2.5715294,0.6094549682439643
5,2,649207.1488650627,0.16239999,2.5717201,0.6096803554406616
5,2,649212.1490589529,0.16239999,2.5718539,0.60990574313231
5,2,649217.1492528431,0.16239999,2.572102,0.6101311321441575
5,2,649222.1494467333,0.16239999,2.5722547,0.610356520054151
5,2,649227.1496406235,0.16239999,2.5724838,0.6105819096615102
5,2,649232.1498345137,0.16239999,2.5724647,0.6108072997057937
5,2,649237.1500284038,0.16239999,2.5728273,0.611032689936148
5,2,649242.150222294,0.16239999,2.5731902,0.6112580795506398
5,2,649247.1504161842,0.16239999,2.5734766,0.611483468893981
5,2,649252.1506100744,0.16239999,2.5735528,0.6117088570782213
5,2,649257.1508039646,0.16239999,2.5736482,0.6119342455090427
5,2,649262.1509978548,0.16239999,2.5739346,0.6121596352369978
5,2,649267.151191745,0.16239999,2.5741827,0.6123850241006094
5,2,649272.1513856351,0.16239999,2.5742784,0.6126104140068361
5,2,649277.1515795253,0.16239999,2.5745456,0.6128358059601182
5,2,649282.1517734155,0.16239999,2.5746791,0.6130611950139919
5,2,649287.1519673057,0.16239999,2.574832,0.6132865860816508
5,2,649292.1521611959,0.16239999,2.5754046,0.6135119761815164
5,2,649297.1523550861,0.16239999,2.5754428,0.6137373654568752
5,2,649302.1525489762,0.16239999,2.5756528,0.613962756848136
5,2,649307.1527428664,0.16239999,2.575863,0.6141881483059461
5,2,649312.1529367566,0.16239999,2.5759773,0.6144135408018946
5,2,649317.1531306468,0.16239999,2.5762446,0.6146389301732657
5,2,649322.153324537,0.16239999,2.576569,0.6148643205084355
5,2,649327.1535184272,0.16239999,2.57676,0.6150897114533138
5,2,649332.1537123173,0.16239999,2.5768936,0.6153151015079213
5,2,649337.1539062075,0.16239999,2.5770845,0.6155404920091084
5,2,649342.1541000977,0.16239999,2.5775046,0.615765883097566
5,2,649347.1542939879,0.16239999,2.5777144,0.6159912766833953
5,2,649352.1544878781,0.16239999,2.5779626,0.6162166678213926
5,2,649357.1546817683,0.16239999,2.5780773,0.6164420599491698
5,2,649362.1548756585,0.16239999,2.57844,0.6166674502740596
5,2,649367.1550695486,0.16239999,2.5785546,0.6168928379154978
5,2,649372.1552634388,0.16239999,2.5787072,0.617118227017489
5,2,649377.155457329,0.16239999,2.5790892,0.6173436163089021
5,2,649382.1556512192,0.16239999,2.5791273,0.6175690059160609
5,2,649387.1558451094,0.16239999,2.5795853,0.617794395973426
5,2,649392.1560389996,0.16239999,2.5797572,0.6180197842766637
5,2,649397.1562328897,0.16239999,2.5798335,0.6182451761011359
5,2,649402.1564267799,0.16239999,2.5802155,0.618470567896498
5,2,649407.1566206701,0.16239999,2.5800817,0.6186959618361786
5,2,649412.1568145603,0.16239999,2.5804636,0.6189213524180298
5,2,649417.1570084505,0.16239999,2.5807881,0.6191467396629208
5,2,649422.1572023407,0.16239999,2.5808644,0.619372127691025
5,2,649427.1573962308,0.16239999,2.5809789,0.6195975166759949
5,2,649432.157590121,0.16239999,2.5813417,0.619822904496161
5,2,649437.1577840112,0.16239999,2.5814562,0.6200482924450696
5,2,649442.1579779014,0.16239999,2.5818572,0.6202736816815877
5,2,649447.1581717916,0.16239999,2.5819335,0.6204990732807047
5,2,649452.1583656818,0.16239999,2.5821435,0.6207244635512318
5,2,649457.158559572,0.16239999,2.582449,0.6209498532064435
5,2,649462.1587534621,0.16239999,2.5826209,0.6211752422477099
5,2,649467.1589473523,0.16239999,2.5828116,0.6214006313862173
5,2,649472.1591412425,0.16239999,2.583117,0.6216260213480337
5,2,649477.1593351327,0.16239999,2.583327,0.6218514110610801
5,2,649482.1595290229,0.16239999,2.5836325,0.6220767992832472
5,2,649487.159722913,0.16239999,2.5838425,0.6223021873085708
5,2,649492.1599168032,0.16239999,2.5841289,0.6225275750005917
5,2,649497.1601106934,0.16239999,2.584339,0.6227529634063179
5,2,649502.1603045836,0.16239999,2.5846443,0.6229783504523405
5,2,649507.1604984738,0.16239999,2.5848544,0.6232037398831788
5,2,649512.160692364,0.16239999,2.585007,0.6234291293126504
5,2,649517.1608862542,0.16239999,2.585389,0.623654516786448
5,2,649522.1610801443,0.16239999,2.585599,0.6238799025696294
5,2,649527.1612740345,0.16239999,2.5855606,0.624105286172632
5,2,649532.1614679247,0.16239999,2.5859807,0.6243306691513503
5,2,649537.1616618149,0.16239999,2.5862288,0.6245560523734981
5,2,649542.1618557051,0.16239999,2.586439,0.6247814350368806
5,2,649547.1620495953,0.16239999,2.586439,0.6250068193208429
5,2,649552.1622434855,0.16239999,2.586496,0.6252322023535473
5,2,649557.1624373756,0.16239999,2.5866678,0.6254575861021241
5,2,649562.1626312658,0.16239999,2.5870116,0.6256829714289119
5,2,649567.162825156,0.16239999,2.587298,0.6259083588332593
5,2,649572.1630190462,0.16239999,2.5871832,0.6261337482283705
5,2,649577.1632129364,0.16239999,2.5874505,0.6263591408121332
5,2,649582.1634068266,0.16239999,2.5877178,0.6265845327982963
5,2,649587.1636007167,0.16239999,2.587966,0.6268099258978816
5,2,649592.1637946069,0.16239999,2.5882714,0.6270353159824753
5,2,649597.1639884971,0.16239999,2.5882142,0.627260707912043
5,2,649602.1641823873,0.16239999,2.5885196,0.6274860985147526
5,2,649607.1643762775,0.16239999,2.5888824,0.627711489733361
5,2,649612.1645701677,0.16239999,2.5893788,0.6279368821518821
5,2,649617.1647640578,0.16239999,2.5894551,0.6281622740849665
5,2,649622.164957948,0.16239999,2.5897796,0.628387665852018
5,2,649627.1651518382,0.16239999,2.590047,0.6286130554910554
5,2,649632.1653457284,0.16239999,2.5903141,0.6288384472022756
5,2,649637.1655396186,0.16239999,2.5907342,0.629063838899006
5,2,649642.1657335088,0.16239999,2.5908678,0.6292892277800304
5,2,649647.165927399,0.16239999,2.5912113,0.6295146160565586
5,2,649652.1661212891,0.16239999,2.591307,0.629740007327605
5,2,649657.1663151793,0.16239999,2.5914595,0.6299653998034642
5,2,649662.1665090695,0.16239999,2.5915742,0.6301907900080503
5,2,649667.1667029597,0.16239999,2.5920131,0.6304161794165419
5,2,649672.1668968499,0.16239999,2.5922422,0.6306415693059039
5,2,649677.16709074,0.16239999,2.5925667,0.6308669630902994
5,2,649682.1672846302,0.16239999,2.5926049,0.6310923546059444
5,2,649687.1674785204,0.16239999,2.5927577,0.6313177440660825
5,2,649692.1676724106,0.16239999,2.5931394,0.6315431358256793
5,2,649697.1678663008,0.16239999,2.5933113,0.6317685280322
5,2,649702.168060191,0.16239999,2.5935214,0.6319939186985697
5,2,649707.1682540812,0.16239999,2.5938458,0.6322193100327068
5,2,649712.1684479713,0.16239999,2.5939221,0.6324447017612264
5,2,649717.1686418615,0.16239999,2.5941894,0.632670094110467
5,2,649722.1688357517,0.16239999,2.5943613,0.632895490666736
5,2,649727.1690296419,0.16239999,2.5948005,0.6331208825645087
5,2,649732.1692235321,0.16239999,2.5950677,0.6333462709735231
5,2,649737.1694174223,0.16239999,2.595125,0.6335716607064701
5,2,649742.1696113124,0.16239999,2.5954304,0.6337970508075162
5,2,649747.1698052026,0.16239999,2.5955448,0.6340224393944885
5,2,649752.1699990928,0.16239999,2.5957358,0.6342478278621729
5,2,649757.170192983,0.16239999,2.596213,0.6344732184973008
5,2,649762.1703868732,0.16239999,2.5963466,0.6346986078633463
5,2,649767.1705807634,0.16239999,2.5964613,0.6349239965829141
5,2,649772.1707746536,0.16239999,2.5967476,0.6351493845895689
5,2,649777.1709685437,0.16239999,2.597053,0.6353747705623718
5,2,649782.1711624339,0.16239999,2.5971866,0.6356001572817733
5,2,649787.1713563241,0.16239999,2.5977592,0.6358255441660404
5,2,649792.1715502143,0.16239999,2.5977976,0.6360509330515385
5,2,649797.1717441045,0.16239999,2.5981603,0.6362763223308568
5,2,649802.1719379947,0.16239999,2.5983322,0.6365017125128006
5,2,649807.1721318848,0.16239999,2.598561,0.6367271042285483
5,2,649812.172325775,0.16239999,2.598771,0.6369524935847922
5,2,649817.1725196652,0.16239999,2.5989048,0.6371778811391091
5,2,649822.1727135554,0.16239999,2.5992293,0.6374032668949758
5,2,649827.1729074456,0.16239999,2.599382,0.6376286563727719
5,2,649832.1731013358,0.16239999,2.5997257,0.6378540426863577
5,2,649837.173295226,0.16239999,2.5998783,0.6380794285870157
5,2,649842.1734891161,0.16239999,2.6001647,0.6383048137636743
5,2,649847.1736830063,0.16239999,2.60047,0.6385302000107885
5,2,649852.1738768965,0.16239999,2.600661,0.6387555866926043
5,2,649857.1740707867,0.16239999,2.601024,0.638980973778591
5,2,649862.1742646769,0.16239999,2.6012528,0.6392063601320862
5,2,649867.174458567,0.16239999,2.6015391,0.639431746151259
5,2,649872.1746524572,0.16239999,2.6018639,0.6396571318405366
5,2,649877.1748463474,0.16239999,2.602112,0.6398825195687824
5,2,649882.1750402376,0.16239999,2.602551,0.6401079052978114
5,2,649887.1752341278,0.16239999,2.602723,0.640333292332812
5,2,649892.175428018,0.16239999,2.6026657,0.6405586798022858
5,2,649897.1756219082,0.16239999,2.6031046,0.6407840671574395
5,2,649902.1758157983,0.16239999,2.6033719,0.6410094574905034
5,2,649907.1760096885,0.16239999,2.603391,0.6412348466421056
5,2,649912.1762035787,0.16239999,2.6039636,0.6414602353775961
5,2,649917.1763974689,0.16239999,2.6040401,0.6416856246504556
5,2,649922.1765913591,0.16239999,2.6043837,0.6419110133031346
5,2,649927.1767852493,0.16239999,2.6047463,0.6421364029904699
5,2,649932.1769791394,0.16239999,2.604861,0.642361795515546
5,2,649937.1771730296,0.16239999,2.6053,0.642587187990968
5,2,649942.1773669198,0.16239999,2.6054528,0.6428125815417257
5,2,649947.17756081,0.16239999,2.6057963,0.643037974859695
5,2,649952.1777547002,0.16239999,2.6060636,0.643263366427244
5,2,649957.1779485904,0.16239999,2.606369,0.6434887598012143
5,2,649962.1781424806,0.16239999,2.60656,0.6437141533958858
5,2,649967.1783363707,0.16239999,2.6068273,0.6439395458123199
5,2,649972.1785302609,0.16239999,2.6070945,0.6441649383253161
5,2,649977.1787241511,0.16239999,2.6073809,0.6443903304258025
5,2,649982.1789180413,0.16239999,2.6075337,0.6446157208958867
5,2,649987.1791119315,0.16239999,2.6079154,0.6448411111288637
5,2,649992.1793058217,0.16239999,2.608259,0.6450665013127131
5,2,649997.1794997118,0.16239999,2.6085072,0.6452918915902892
5,2,650002.1796936025,0.16239999,2.6085644,0.6455172811647243
5,2,650007.1798874927,0.16239999,2.6089082,0.6457426716078407
5,2,650012.1800813833,0.16239999,2.6091945,0.6459680640012757
5,2,650017.180275274,0.16239999,2.6094427,0.6461934538489567
5,2,650022.1804691646,0.16239999,2.6096716,0.6464188420536736
5,2,650027.1806630553,0.16239999,2.6099963,0.6466442266832585
5,2,650032.1808569459,0.16239999,2.6103017,0.646869613978257
5,2,650037.1810508366,0.16239999,2.6104734,0.6470950034957522
5,2,650042.1812447272,0.16239999,2.6107025,0.6473203900297518
5,2,650047.1814386179,0.16239999,2.6109507,0.6475457751221717
5,2,650052.1816325085,0.16239999,2.6112943,0.6477711612029169
5,2,650057.1818263992,0.16239999,2.6117144,0.6479965492361497
5,2,650062.1820202898,0.16239999,2.6118672,0.6482219347910958
5,2,650067.1822141805,0.16239999,2.6121917,0.6484473221869828
5,2,650072.1824080711,0.16239999,2.612287,0.6486727094731722
5,2,650077.1826019618,0.16239999,2.6128788,0.6488980987510716
5,2,650082.1827958524,0.16239999,2.613108,0.6491234891698437
5,2,650087.1829897431,0.16239999,2.6133752,0.6493488816111074
5,2,650092.1831836337,0.16239999,2.6136425,0.6495742716779512
5,2,650097.1833775244,0.16239999,2.6138525,0.6497996605358383
5,2,650102.183571415,0.16239999,2.6143107,0.6500250501760371
5,2,650107.1837653054,0.16239999,2.6146162,0.6502504420822232
5,2,650112.1839591959,0.16239999,2.6148453,0.6504758343960513
5,2,650117.1841530863,0.16239999,2.615036,0.650701226677389
5,2,650122.1843469767,0.16239999,2.6155896,0.6509266205267089
5,2,650127.1845408671,0.16239999,2.6157997,0.6511520163158081
5,2,650132.1847347575,0.16239999,2.616067,0.6513774125409071
5,2,650137.1849286479,0.16239999,2.616296,0.6516028068800488
5,2,650142.1851225384,0.16239999,2.6166396,0.6518282002043386
5,2,650147.1853164288,0.16239999,2.6167352,0.6520535931822097
5,2,650152.1855103192,0.16239999,2.616907,0.6522789819344467
5,2,650157.1857042097,0.16239999,2.6172314,0.6525043715258102
5,2,650162.1858981003,0.16239999,2.6174033,0.6527297595073384
5,2,650167.1860919908,0.16239999,2.6177278,0.6529551484038177
5,2,650172.1862858809,0.16239999,2.6179569,0.6531805414879862
5,2,650177.1864797714,0.16239999,2.618205,0.6534059339564503
5,2,650182.1866736619,0.16239999,2.6186059,0.6536313259832547
5,2,650187.1868675525,0.16239999,2.618835,0.6538567184276161
5,2,650192.187061443,0.16239999,2.619255,0.6540821081093502
5,2,650197.1872553335,0.16239999,2.6193886,0.6543074979456226
5,2,650202.1874492241,0.16239999,2.6197324,0.6545328879450164
5,2,650207.1876431146,0.16239999,2.619923,0.6547582760541697
5,2,650212.1878370051,0.16239999,2.6201713,0.6549836649995332
5,2,650217.1880308955,0.16239999,2.6204004,0.6552090519761494
5,2,650222.1882247862,0.16239999,2.6206868,0.6554344381021536
5,2,650227.1884186766,0.16239999,2.6208205,0.6556598253398797
5,2,650232.1886125671,0.16239999,2.6212595,0.6558852138589242
5,2,650237.1888064577,0.16239999,2.6215267,0.6561106035646285
5,2,650242.1890003482,0.16239999,2.6218321,0.6563359945392147
5,2,650247.1891942387,0.16239999,2.6219468,0.6565613837261872
5,2,650252.1893881295,0.16239999,2.6224048,0.6567867733919994
5,2,650257.18958202,0.16239999,2.6226914,0.6570121623026366
5,2,650262.1897759105,0.16239999,2.6230922,0.6572375506651892
5,2,650267.1899698009,0.16239999,2.6233022,0.6574629401953868
5,2,650272.1901636913,0.16239999,2.6233785,0.6576883336680103
5,2,650277.1903575817,0.16239999,2.6235886,0.657913728564799
5,2,650282.1905514721,0.16239999,2.624104,0.6581391190960177
5,2,650287.1907453623,0.16239999,2.6242948,0.6583645100702562
5,2,650292.1909392527,0.16239999,2.6246195,0.6585899036457871
5,2,650297.1911331431,0.16239999,2.6248486,0.6588152985163563
5,2,650302.1913270336,0.16239999,2.6251159,0.6590406920318356
5,2,650307.1915209242,0.16239999,2.6252875,0.6592660861866607
5,2,650312.1917148149,0.16239999,2.625593,0.6594914808049716
5,2,650317.1919087055,0.16239999,2.625975,0.6597168766368893
5,2,650322.1921025962,0.16239999,2.6263375,0.6599422723978055
5,2,650327.1922964868,0.16239999,2.6266239,0.6601676683559948
5,2,650332.1924903775,0.16239999,2.6267767,0.6603930630517048
5,2,650337.1926842676,0.16239999,2.6269484,0.6606184569744153
5,2,650342.1928781583,0.16239999,2.6273494,0.6608438496296332
5,2,650347.193072049,0.16239999,2.627731,0.6610692414318299
5,2,650352.1932659396,0.16239999,2.627922,0.6612946321335493
5,2,650357.1934598302,0.16239999,2.628132,0.6615200230529168
5,2,650362.1936537209,0.16239999,2.6284184,0.6617454134277818
5,2,650367.1938476115,0.16239999,2.628743,0.661970805269248
5,2,650372.1940415022,0.16239999,2.628762,0.6621961965672192
5,2,650377.1942353928,0.16239999,2.6292202,0.6624215902976079
5,2,650382.1944292835,0.16239999,2.629583,0.6626469849962088
5,2,650387.1946231741,0.16239999,2.6297164,0.6628723803211907
5,2,650392.1948170648,0.16239999,2.6299837,0.6630977755360595
5,2,650397.1950109554,0.16239999,2.6302893,0.6633231693126999
5,2,650402.1952048461,0.16239999,2.630652,0.6635485608127035
5,2,650407.1953987367,0.16239999,2.631072,0.6637739514857854
5,2,650412.1955926269,0.16239999,2.6313965,0.6639993430837965
5,2,650417.1957865171,0.16239999,2.6314156,0.6642247355656633
5,2,650422.1959804073,0.16239999,2.6316829,0.6644501268042144
5,2,650427.1961742975,0.16239999,2.6320074,0.6646755171804793
5,2,650432.1963681877,0.16239999,2.6321983,0.6649009067381919
5,2,650437.1965620779,0.16239999,2.6325228,0.6651262952072232
5,2,650442.196755968,0.16239999,2.6328473,0.6653516835206201
5,2,650447.1969498582,0.16239999,2.6333246,0.6655770717182781
5,2,650452.1971437484,0.16239999,2.633439,0.6658024558668021
5,2,650457.1973376386,0.16239999,2.6337254,0.666027840084951
5,2,650462.1975315288,0.16239999,2.6340692,0.6662532239605652
5,2,650467.197725419,0.16239999,2.6343172,0.6664786065086606
5,2,650472.1979193091,0.16239999,2.6347563,0.666703990269983
5,2,650477.1981131993,0.16239999,2.6349664,0.6669293785408966
5,2,650482.1983070895,0.16239999,2.6352336,0.6671547658014156
5,2,650487.1985009797,0.16239999,2.6356535,0.6673801516967316
5,2,650492.1986948699,0.16239999,2.6359017,0.6676055365494323
5,2,650497.1988887601,0.16239999,2.636379,0.6678309227564955
5,2,650502.1990826502,0.16239999,2.6366844,0.6680563111741674
5,2,650507.1992765404,0.16239999,2.6369326,0.66828169781037
5,2,650512.1994704306,0.16239999,2.637009,0.6685070869453664
5,2,650517.1996643208,0.16239999,2.637601,0.6687324778374665
5,2,650522.199858211,0.16239999,2.6377726,0.6689578698313575
5,2,650527.2000521012,0.16239999,2.638269,0.6691832624882823
5,2,650532.2002459913,0.16239999,2.6384027,0.6694086548669511
5,2,650537.2004398815,0.16239999,2.6386316,0.669634045810004
5,2,650542.2006337717,0.16239999,2.6388798,0.6698594363270443
5,2,650547.2008276619,0.16239999,2.6392045,0.6700848277294303
5,2,650552.2010215521,0.16239999,2.639739,0.6703102148922159
5,2,650557.2012154423,0.16239999,2.6398726,0.6705356002214823
5,2,650562.2014093325,0.16239999,2.640159,0.6707609884269451
5,2,650567.2016032226,0.16239999,2.6406171,0.6709863782806039
5,2,650572.2017971128,0.16239999,2.6409798,0.6712117688750872
5,2,650577.201991003,0.16239999,2.6413617,0.6714371598712975
5,2,650582.2021848932,0.16239999,2.6416097,0.6716625520933865
5,2,650587.2023787834,0.16239999,2.6419344,0.6718879438177014
5,2,650592.2025726736,0.16239999,2.642278,0.6721133343764948
5,2,650597.2027665637,0.16239999,2.6425834,0.6723387268678793
5,2,650602.2029604539,0.16239999,2.6426024,0.6725641179698622
5,2,650607.2031543441,0.16239999,2.6431942,0.6727895094387406
5,2,650612.2033482343,0.16239999,2.6435187,0.6730149006924504
5,2,650617.2035421245,0.16239999,2.6439197,0.6732402914549881
5,2,650622.2037360147,0.16239999,2.6442823,0.6734656832232134
5,2,650627.2039299048,0.16239999,2.6445687,0.673691074854584
5,2,650632.204123795,0.16239999,2.6449316,0.6739164663677131
5,2,650637.2043176852,0.16239999,2.6453896,0.6741418569527499
5,2,650642.2045115754,0.16239999,2.6456187,0.6743672476425228
5,2,650647.2047054656,0.16239999,2.6458478,0.6745926406505396
5,2,650652.2048993558,0.16239999,2.6461723,0.6748180336581177
5,2,650657.205093246,0.16239999,2.646764,0.6750434223427555
5,2,650662.2052871361,0.16239999,2.6468406,0.6752688096059757
5,2,650667.2054810263,0.16239999,2.6472986,0.6754941959839345
5,2,650672.2056749165,0.16239999,2.6475086,0.6757195834793396
5,2,650677.2058688067,0.16239999,2.6480622,0.6759449690901609
5,2,650682.2060626969,0.16239999,2.648196,0.6761703549434398
5,2,650687.2062565871,0.16239999,2.6486924,0.6763957423176836
5,2,650692.2064504772,0.16239999,2.6489213,0.6766211297358387
5,2,650697.2066443674,0.16239999,2.6493413,0.6768465171833324
5,2,650702.2068382576,0.16239999,2.6497614,0.6770719052989785
5,2,650707.2070321478,0.16239999,2.650086,0.6772972949183961
5,2,650712.207226038,0.16239999,2.6502385,0.6775226837887405
5,2,650717.2074199282,0.16239999,2.6506586,0.6777480695337352
5,2,650722.2076138183,0.16239999,2.6509259,0.6779734548721584
5,2,650727.2078077085,0.16239999,2.6511931,0.6781988392958888
5,2,650732.2080015987,0.16239999,2.6515367,0.6784242261319638
5,2,650737.2081954889,0.16239999,2.652033,0.6786496146254215
5,2,650742.2083893791,0.16239999,2.6520712,0.6788749994797183
5,2,650747.2085832693,0.16239999,2.6524339,0.679100385372511
5,2,650752.2087771595,0.16239999,2.6527777,0.679325771927979
5,2,650757.2089710496,0.16239999,2.6532547,0.6795511604001744
5,2,650762.2091649398,0.16239999,2.653522,0.6797765450867594
5,2,650767.20935883,0.16239999,2.6537893,0.6800019278853243
5,2,650772.2095527202,0.16239999,2.6542475,0.6802273092525492
5,2,650777.2097466104,0.16239999,2.6543047,0.680452693254079
5,2,650782.2099405006,0.16239999,2.6547058,0.6806780763986869
5,2,650787.2101343907,0.16239999,2.6550112,0.6809034610240722
5,2,650792.2103282809,0.16239999,2.655412,0.6811288461387801
5,2,650797.2105221711,0.16239999,2.6557176,0.681354229960294
5,2,650802.2107160613,0.16239999,2.656042,0.6815796144260994
5,2,650807.2109099515,0.16239999,2.6564238,0.6818050021195012
5,2,650812.2111038417,0.16239999,2.6567101,0.6820303894050368
5,2,650817.2112977318,0.16239999,2.656863,0.6822557764693952
5,2,650822.211491622,0.16239999,2.6570537,0.6824811641810278
5,2,650827.2116855122,0.16239999,2.6574738,0.6827065533475104
5,2,650832.2118794024,0.16239999,2.6578364,0.6829319423907902
5,2,650837.2120732926,0.16239999,2.6581419,0.6831573303007092
5,2,650842.2122671828,0.16239999,2.658371,0.6833827195406844
5,2,650847.212461073,0.16239999,2.658581,0.6836081059740506
5,2,650852.2126549631,0.16239999,2.658982,0.6838334932347186
5,2,650857.2128488533,0.16239999,2.6592875,0.6840588827358897
5,2,650862.2130427435,0.16239999,2.6595738,0.6842842716921227
5,2,650867.2132366337,0.16239999,2.6598792,0.6845096606748095
5,2,650872.2134305239,0.16239999,2.6603184,0.6847350521227659
5,2,650877.213624414,0.16239999,2.66049,0.6849604434915126
5,2,650882.2138183042,0.16239999,2.6609483,0.6851858346016572
5,2,650887.2140121944,0.16239999,2.6612918,0.6854112265021941
5,2,650892.2142060846,0.16239999,2.6616354,0.6856366179498078
5,2,650897.2143999748,0.16239999,2.6619217,0.6858620122946815
5,2,650902.214593865,0.16239999,2.6622655,0.6860874061041126
5,2,650907.2147877552,0.16239999,2.6626282,0.6863127984228828
5,2,650912.2149816453,0.16239999,2.6629145,0.6865381885969886
5,2,650917.2151755355,0.16239999,2.6633346,0.686763580225523
5,2,650922.2153694257,0.16239999,2.6636782,0.6869889725797804
5,2,650927.2155633159,0.16239999,2.6639264,0.6872143653899364
5,2,650932.2157572061,0.16239999,2.6640599,0.6874397551083812
5,2,650937.2159510963,0.16239999,2.6643271,0.6876651437642606
5,2,650942.2161449865,0.16239999,2.6648426,0.6878905311275653
5,2,650947.2163388766,0.16239999,2.6650908,0.6881159204931679
5,2,650952.2165327668,0.16239999,2.66574,0.6883413083185246
5,2,650957.216726657,0.16239999,2.6660836,0.6885666967192962
5,2,650962.2169205472,0.16239999,2.6662362,0.6887920879815808
5,2,650967.2171144374,0.16239999,2.6665034,0.6890174775153844
5,2,650972.2173083276,0.16239999,2.6669807,0.6892428656998516
5,2,650977.2175022177,0.16239999,2.6672099,0.6894682535401632
5,2,650982.2176961079,0.16239999,2.6675153,0.689693643324515
5,2,650987.2178899981,0.16239999,2.667878,0.6899190327976958
5,2,650992.2180838883,0.16239999,2.6682217,0.6901444219312146
5,2,650997.2182777785,0.16239999,2.6685271,0.6903698098000801
5,2,651002.2184716687,0.16239999,2.668928,0.6905952000729914
5,2,651007.2186655588,0.16239999,2.669367,0.6908205890413142
5,2,651012.218859449,0.16239999,2.6695771,0.6910459802904095
5,2,651017.2190533392,0.16239999,2.6700926,0.6912713697222644
5,2,651022.2192472294,0.16239999,2.6703215,0.691496760650518
5,2,651027.2194411196,0.16239999,2.6706462,0.6917221515253765
5,2,651032.2196350098,0.16239999,2.6709516,0.6919475406351246
5,2,651037.2198289,0.16239999,2.6712952,0.6921729312410718
5,2,651042.2200227901,0.16239999,2.6716769,0.692398319845606
5,2,651047.2202166803,0.16239999,2.6719825,0.6926237074843395
5,2,651052.2204105705,0.16239999,2.6722307,0.6928490945852133
5,2,651057.2206044607,0.16239999,2.6726506,0.6930744858318384
5,2,651062.2207983509,0.16239999,2.672937,0.6932998767823203
5,2,651067.220992241,0.16239999,2.673166,0.6935252690752636
5,2,651072.2211861312,0.16239999,2.6736052,0.6937506590814779
5,2,651077.2213800214,0.16239999,2.6739297,0.69397604724447
5,2,651082.2215739116,0.16239999,2.674426,0.6942014340435083
5,2,651087.2217678018,0.16239999,2.674884,0.6944268226531651
5,2,651092.221961692,0.16239999,2.675247,0.6946522108225366
5,2,651097.2221555822,0.16239999,2.6755714,0.6948775986999777
5,2,651102.2223494723,0.16239999,2.6756668,0.6951029899420116
5,2,651107.2225433625,0.16239999,2.6760488,0.6953283818895907
5,2,651112.2227372527,0.16239999,2.6764495,0.6955537730201365
5,2,651117.2229311429,0.16239999,2.6768315,0.6957791635535366
5,2,651122.2231250331,0.16239999,2.6773658,0.6960045528205002
5,2,651127.2233189233,0.16239999,2.6776524,0.6962299433344311
5,2,651132.2235128134,0.16239999,2.6781485,0.6964553317252007
5,2,651137.2237067036,0.16239999,2.6781676,0.6966807166573553
5,2,651142.2239005938,0.16239999,2.6785495,0.6969061009826817
5,2,651147.224094484,0.16239999,2.6788359,0.6971314853763207
5,2,651152.2242883742,0.16239999,2.6792367,0.6973568686370784
5,2,651157.2244822644,0.16239999,2.6795995,0.6975822542964403
5,2,651162.2246761546,0.16239999,2.6801722,0.6978076385565872
5,2,651167.2248700447,0.16239999,2.680554,0.6980330228494431
5,2,651172.2250639349,0.16239999,2.680592,0.6982584093170456
5,2,651177.2252578251,0.16239999,2.6811457,0.6984837927244745
5,2,651182.2254517153,0.16239999,2.6813366,0.698709177592468
5,2,651187.2256456055,0.16239999,2.6816611,0.6989345632952891
5,2,651192.2258394957,0.16239999,2.6820812,0.6991599507428177
5,2,651197.2260333858,0.16239999,2.6823866,0.6993853372264935
5,2,651202.226227276,0.16239999,2.683055,0.6996107251411354
5,2,651207.2264211662,0.16239999,2.6832075,0.6998361127426178
5,2,651212.2266150564,0.16239999,2.683532,0.7000615008853509
5,2,651217.2268089466,0.16239999,2.6838374,0.7002868885597521
5,2,651222.2270028368,0.16239999,2.684143,0.7005122748124831
5,2,651227.227196727,0.16239999,2.6845057,0.7007376589549457
5,2,651232.2273906171,0.16239999,2.685002,0.7009630467468508
5,2,651237.2275845073,0.16239999,2.6853456,0.7011884358323838
5,2,651242.2277783975,0.16239999,2.6857464,0.7014138219898989
5,2,651247.2279722877,0.16239999,2.6860137,0.7016392081180811
5,2,651252.2281661779,0.16239999,2.686491,0.7018645956384871
5,2,651257.228360068,0.16239999,2.6866438,0.702089983506711
5,2,651262.2285539582,0.16239999,2.6872547,0.7023153709093565
5,2,651267.2287478484,0.16239999,2.6874838,0.7025407591953899
5,2,651272.2289417386,0.16239999,2.6877892,0.7027661444867701
5,2,651277.2291356288,0.16239999,2.6880946,0.7029915300604942
5,2,651282.229329519,0.16239999,2.6885529,0.7032169139150647
5,2,651287.2295234092,0.16239999,2.6887438,0.7034422985886544
5,2,651292.2297172993,0.16239999,2.6891065,0.7036676836223761
5,2,651297.2299111895,0.16239999,2.6893737,0.7038930688114168
5,2,651302.2301050797,0.16239999,2.6899083,0.7041184541437288
5,2,651307.2302989699,0.16239999,2.6901183,0.7043438411291392
5,2,651312.2304928601,0.16239999,2.6907291,0.7045692268465237
5,2,651317.2306867503,0.16239999,2.6909008,0.7047946093270134
5,2,651322.2308806404,0.16239999,2.69134,0.7050199916524922
5,2,651327.2310745306,0.16239999,2.6916263,0.7052453757853576
5,2,651332.2312684208,0.16239999,2.6919508,0.7054707599982787
5,2,651337.231462311,0.16239999,2.6923137,0.7056961429437194
5,2,651342.2316562012,0.16239999,2.6926382,0.705921527201469
5,2,651347.2318500914,0.16239999,2.6929436,0.7061469106321063
5,2,651352.2320439816,0.16239999,2.693478,0.7063722925594517
5,2,651357.2322378717,0.16239999,2.6938026,0.7065976752837235
5,2,651362.2324317619,0.16239999,2.694089,0.7068230584919727
5,2,651367.2326256521,0.16239999,2.6943562,0.7070484458443399
5,2,651372.2328195423,0.16239999,2.6949673,0.7072738312481965
5,2,651377.2330134325,0.16239999,2.6952918,0.7074992177521041
5,2,651382.2332073227,0.16239999,2.6957881,0.7077246031075295
5,2,651387.2334012128,0.16239999,2.6961508,0.7079499871459952
5,2,651392.233595103,0.16239999,2.6964943,0.7081753699993103
5,2,651397.2337889932,0.16239999,2.6967616,0.7084007541290283
5,2,651402.2339828834,0.16239999,2.6971817,0.7086261412197915
5,2,651407.2341767736,0.16239999,2.6974108,0.7088515284324306
5,2,651412.2343706638,0.16239999,2.697888,0.7090769184572921
5,2,651417.234564554,0.16239999,2.698308,0.70930230987411
5,2,651422.2347584441,0.16239999,2.6985943,0.7095277008787602
5,2,651427.2349523343,0.16239999,2.6990335,0.7097530914746772
5,2,651432.2351462245,0.16239999,2.6993008,0.7099784815903853
5,2,651437.2353401147,0.16239999,2.699835,0.7102038701986075
5,2,651442.2355340049,0.16239999,2.700007,0.7104292619639478
5,2,651447.235727895,0.16239999,2.7003696,0.7106546531447298
5,2,651452.2359217852,0.16239999,2.7007897,0.7108800440219766
5,2,651457.2361156754,0.16239999,2.701038,0.711105436096314
5,2,651462.2363095656,0.16239999,2.7014961,0.711330826972022
5,2,651467.2365034558,0.16239999,2.7017443,0.7115562154475428
5,2,651472.236697346,0.16239999,2.702107,0.7117816056816397
5,2,651477.2368912362,0.16239999,2.7025268,0.7120069964941634
5,2,651482.2370851263,0.16239999,2.7030041,0.7122323869209167
5,2,651487.2372790165,0.16239999,2.7032142,0.712457778122061
5,2,651492.2374729067,0.16239999,2.7036533,0.7126831677145405
5,2,651497.2376667969,0.16239999,2.704016,0.7129085567582384
5,2,651502.2378606871,0.16239999,2.7043023,0.7131339473251868
5,2,651507.2380545773,0.16239999,2.704703,0.7133593374662086
5,2,651512.2382484674,0.16239999,2.7051232,0.7135847301423451
5,2,651517.2384423576,0.16239999,2.7055814,0.7138101235406838
5,2,651522.2386362478,0.16239999,2.7056959,0.7140355157367464
5,2,651527.238830138,0.16239999,2.7060585,0.7142609065385628
5,2,651532.2390240282,0.16239999,2.7066123,0.714486297958625
5,2,651537.2392179184,0.16239999,2.706975,0.714711687403299
5,2,651542.2394118086,0.16239999,2.7072995,0.7149370786433039
5,2,651547.2396056987,0.16239999,2.7077577,0.7151624681118587
5,2,651552.2397995889,0.16239999,2.7081776,0.7153878579292405
5,2,651557.2399934791,0.16239999,2.7087312,0.7156132501066766
5,2,651562.2401873693,0.16239999,2.7091322,0.7158386412028588
5,2,651567.2403812595,0.16239999,2.7093232,0.7160640346602757
5,2,651572.2405751497,0.16239999,2.709743,0.7162894265909054
5,2,651577.2407690398,0.16239999,2.7100866,0.7165148176882433
5,2,651582.24096293,0.16239999,2.710564,0.716740209678717
5,2,651587.2411568202,0.16239999,2.7108312,0.716965601442722
5,2,651592.2413507104,0.16239999,2.7112513,0.7171909924611822
5,2,651597.2415446006,0.16239999,2.7115567,0.7174163814408672
5,2,651602.2417384908,0.16239999,2.7119002,0.7176417718138629
5,2,651607.241932381,0.16239999,2.7123203,0.717867160915701
5,2,651612.2421262711,0.16239999,2.7130075,0.718092550211337
5,2,651617.2423201618,0.16239999,2.7133129,0.7183179407086308
5,2,651622.2425140524,0.16239999,2.713523,0.7185433321265265
5,2,651627.2427079431,0.16239999,2.7142103,0.7187687223697729
5,2,651632.2429018337,0.16239999,2.714401,0.7189941129777169
5,2,651637.2430957244,0.16239999,2.7147255,0.7192195018165072
5,2,651642.243289615,0.16239999,2.715241,0.7194448915403073
5,2,651647.2434835057,0.16239999,2.7155082,0.7196702830109392
5,2,651652.2436773963,0.16239999,2.7159665,0.719895673909479
5,2,651657.243871287,0.16239999,2.7165582,0.7201210644845684
5,2,651662.2440651776,0.16239999,2.7170165,0.7203464534355073
5,2,651667.2442590683,0.16239999,2.717532,0.7205718428606799
5,2,651672.2444529589,0.16239999,2.7177992,0.7207972325299575
5,2,651677.2446468496,0.16239999,2.7183719,0.7210226218548991
5,2,651682.2448407402,0.16239999,2.7187345,0.7212480116494838
5,2,651687.2450346309,0.16239999,2.7190018,0.7214733993546402
5,2,651692.2452285215,0.16239999,2.7193072,0.7216987884181922
5,2,651697.2454224122,0.16239999,2.719651,0.7219241765766105
5,2,651702.2456163028,0.16239999,2.7201855,0.7221495641929567
5,2,651707.2458101935,0.16239999,2.720338,0.7223749479529148
5,2,651712.2460040841,0.16239999,2.7209108,0.7226003318178623
5,2,651717.2461979745,0.16239999,2.721331,0.7228257176895293
5,2,651722.246391865,0.16239999,2.721541,0.7230511047637754
5,2,651727.2465857549,0.16239999,2.7220564,0.7232764903052815
5,2,651732.2467796453,0.16239999,2.722629,0.7235018776573574
5,2,651737.2469735357,0.16239999,2.7231636,0.7237272629514885
5,2,651742.2471674262,0.16239999,2.7235072,0.723952649377184
5,2,651747.2473613166,0.16239999,2.7240226,0.7241780368568982
5,2,651752.247555207,0.16239999,2.7245953,0.724403424334917
5,2,651757.2477490974,0.16239999,2.724977,0.7246288112050214
5,2,651762.2479429878,0.16239999,2.725397,0.7248541976778253
5,2,651767.2481368784,0.16239999,2.725588,0.7250795831641136
5,2,651772.2483307689,0.16239999,2.7262561,0.7253049680301029
5,2,651777.2485246594,0.16239999,2.726886,0.7255303541001946
5,2,651782.24871855,0.16239999,2.7270007,0.7257557412211559
5,2,651787.2489124405,0.16239999,2.7275162,0.725981127965622
5,2,651792.249106331,0.16239999,2.7279742,0.7262065135226344
5,2,651797.2493002216,0.16239999,2.7284133,0.7264318974768375
5,2,651802.2494941121,0.16239999,2.7286615,0.7266572792421161
5,2,651807.2496880029,0.16239999,2.728986,0.7268826641270854
5,2,651812.2498818934,0.16239999,2.7294252,0.7271080493645813
5,2,651817.2500757839,0.16239999,2.7298832,0.7273334316880682
5,2,651822.2502696745,0.16239999,2.730246,0.727558815806362
5,2,651827.250463565,0.16239999,2.7304943,0.7277842016843089
5,2,651832.2506574555,0.16239999,2.7307234,0.728009587003541
5,2,651837.250851346,0.16239999,2.7313151,0.7282349705658294
5,2,651842.2510452364,0.16239999,2.731754,0.7284603528952636
5,2,651847.2512391269,0.16239999,2.7322314,0.7286857340588242
5,2,651852.2514330174,0.16239999,2.7326324,0.7289111136293788
5,2,651857.251626908,0.16239999,2.7329378,0.7291364934965003
5,2,651862.2518207985,0.16239999,2.7333767,0.7293618728017107
5,2,651867.2520146889,0.16239999,2.7336824,0.7295872530035894
5,2,651872.2522085793,0.16239999,2.734255,0.7298126321230824
5,2,651877.2524024697,0.16239999,2.7345605,0.7300380136167146
5,2,651882.2525963602,0.16239999,2.7349994,0.7302633925468156
5,2,651887.2527902506,0.16239999,2.7353814,0.7304887741358309
5,2,651892.2529841405,0.16239999,2.735534,0.7307141545856607
5,2,651897.253178031,0.16239999,2.7361066,0.730939535568313
5,2,651902.2533719214,0.16239999,2.7366412,0.7311649134642254
5,2,651907.2535658118,0.16239999,2.7371185,0.7313902936600004
5,2,651912.2537597022,0.16239999,2.7375767,0.7316156714262528
5,2,651917.2539535929,0.16239999,2.7379012,0.7318410517664341
5,2,651922.2541474835,0.16239999,2.7384167,0.7320664345070286
5,2,651927.2543413742,0.16239999,2.7390084,0.7322918150265644
5,2,651932.2545352648,0.16239999,2.739123,0.7325171970321525
5,2,651937.2547291555,0.16239999,2.739772,0.7327425817255357
5,2,651942.2549230461,0.16239999,2.7401347,0.732967964708794
5,2,651947.2551169368,0.16239999,2.7404785,0.7331933448051857
5,2,651952.2553108274,0.16239999,2.7410512,0.7334187245335344
5,2,651957.255504718,0.16239999,2.7414901,0.7336441054296482
5,2,651962.2556986087,0.16239999,2.742082,0.7338694865321058
5,2,651967.2558924994,0.16239999,2.742292,0.7340948672381363
5,2,651972.25608639,0.16239999,2.7427692,0.7343202482821077
5,2,651977.2562802806,0.16239999,2.743151,0.7345456319669871
5,2,651982.2564741713,0.16239999,2.7436473,0.7347710133566332
5,2,651987.256668062,0.16239999,2.7441437,0.7349963985573853
5,2,651992.2568619526,0.16239999,2.7445447,0.7352217820062642
5,2,651997.2570558432,0.16239999,2.7449646,0.7354471669462659
5,2,652002.2572497339,0.16239999,2.7454991,0.7356725489523366
5,2,652007.2574436245,0.16239999,2.7457283,0.7358979294682763
5,2,652012.2576375152,0.16239999,2.746339,0.73612331033525
5,2,652017.2578314058,0.16239999,2.7467973,0.736348690595754
5,2,652022.258025296,0.16239999,2.74737,0.736574072332579
5,2,652027.2582191862,0.16239999,2.7476182,0.7367994554180964
5,2,652032.2584130764,0.16239999,2.7480574,0.737024840097981
5,2,652037.2586069666,0.16239999,2.7482672,0.7372502249378543
5,2,652042.2588008568,0.16239999,2.7487254,0.7374756106604898
5,2,652047.258994747,0.16239999,2.7491837,0.7377009957273923
5,2,652052.2591886371,0.16239999,2.7495463,0.7379263806440762
5,2,652057.2593825273,0.16239999,2.7500618,0.7381517658487142
5,2,652062.2595764175,0.16239999,2.750348,0.738377150022153
5,2,652067.2597703077,0.16239999,2.7506726,0.7386025324701383
5,2,652072.2599641979,0.16239999,2.7512453,0.7388279135858712
5,2,652077.2601580881,0.16239999,2.7516654,0.739053296082955
5,2,652082.2603519782,0.16239999,2.7521808,0.7392786819176961
5,2,652087.2605458684,0.16239999,2.752448,0.7395040677727135
5,2,652092.2607397586,0.16239999,2.7529063,0.7397294508861814
5,2,652097.2609336488,0.16239999,2.7531734,0.7399548343353873
5,2,652102.261127539,0.16239999,2.7537653,0.7401802174662688
5,2,652107.2613214292,0.16239999,2.7540517,0.7404056012567038
5,2,652112.2615153193,0.16239999,2.7546816,0.7406309813622539
5,2,652117.2617092095,0.16239999,2.755006,0.7408563597945386
5,2,652122.2619030997,0.16239999,2.7554452,0.741081738907538
5,2,652127.2620969899,0.16239999,2.755827,0.7413071190215818
5,2,652132.2622908801,0.16239999,2.7562852,0.7415325011440412
5,2,652137.2624847703,0.16239999,2.7568197,0.7417578844535992
5,2,652142.2626786605,0.16239999,2.7571251,0.7419832695230821
5,2,652147.2628725506,0.16239999,2.7576406,0.7422086542816166
5,2,652152.2630664408,0.16239999,2.758137,0.7424340386916229
5,2,652157.263260331,0.16239999,2.7586906,0.7426594213125586
5,2,652162.2634542212,0.16239999,2.7591295,0.742884804077451
5,2,652167.2636481114,0.16239999,2.7593968,0.7431101835357684
5,2,652172.2638420016,0.16239999,2.7599313,0.7433355657975256
5,2,652177.2640358917,0.16239999,2.7602751,0.7435609456076171
5,2,652182.2642297819,0.16239999,2.7605042,0.7437863271810699
5,2,652187.2644236721,0.16239999,2.7612677,0.744011708298177
5,2,652192.2646175623,0.16239999,2.7616115,0.7442370910242486
5,2,652197.2648114525,0.16239999,2.7620695,0.7444624742933773
5,2,652202.2650053427,0.16239999,2.7623749,0.7446878585493196
5,2,652207.2651992328,0.16239999,2.7629287,0.7449132429068208
5,2,652212.265393123,0.16239999,2.7630432,0.7451386290350146
5,2,652217.2655870132,0.16239999,2.7635777,0.7453640151209222
5,2,652222.2657809034,0.16239999,2.7639022,0.7455894004904524
5,2,652227.2659747936,0.16239999,2.764055,0.7458147859936642
5,2,652232.2661686838,0.16239999,2.764532,0.7460401704032384
5,2,652237.266362574,0.16239999,2.7650094,0.7462655547597529
5,2,652242.2665564641,0.16239999,2.7653913,0.746490940691094
5,2,652247.2667503543,0.16239999,2.7660022,0.7467163259513805
5,2,652252.2669442445,0.16239999,2.766384,0.746941711572203
5,2,652257.2671381347,0.16239999,2.766823,0.7471670953462849
5,2,652262.2673320249,0.16239999,2.7673957,0.747392475883159
5,2,652267.267525915,0.16239999,2.767644,0.7476178547389123
5,2,652272.2677198052,0.16239999,2.7681975,0.7478432366727827
5,2,652277.2679136954,0.16239999,2.7684839,0.748068616948274
5,2,652282.2681075856,0.16239999,2.7688084,0.7482939994630223
5,2,652287.2683014758,0.16239999,2.7692094,0.7485193803683236
5,2,652292.268495366,0.16239999,2.7696865,0.7487447598606685
5,2,652297.2686892562,0.16239999,2.769744,0.7489701399665198
5,2,652302.2688831463,0.16239999,2.770393,0.7491955204124141
5,2,652307.2690770365,0.16239999,2.770603,0.7494209023466604
5,2,652312.2692709267,0.16239999,2.7711947,0.7496462838106491
5,2,652317.2694648169,0.16239999,2.7713857,0.7498716649968695
5,2,652322.2696587071,0.16239999,2.7719202,0.7500970447540048
5,2,652327.2698525973,0.16239999,2.772302,0.7503224251356205
5,2,652332.2700464875,0.16239999,2.7728937,0.7505478047642092
5,2,652337.2702403776,0.16239999,2.773371,0.7507731845519656
5,2,652342.2704342678,0.16239999,2.773753,0.750998563660099
5,2,652347.270628158,0.16239999,2.774402,0.7512239465258831
5,2,652352.2708220482,0.16239999,2.7748601,0.751449328673817
5,2,652357.2710159384,0.16239999,2.775261,0.7516747095065098
5,2,652362.2712098286,0.16239999,2.7755854,0.751900088741977
5,2,652367.2714037187,0.16239999,2.776158,0.7521254691083404
5,2,652372.2715976089,0.16239999,2.7765782,0.7523508502007299
5,2,652377.2717914991,0.16239999,2.7770174,0.752576233047438
5,2,652382.2719853893,0.16239999,2.7774181,0.7528016174205342
5,2,652387.2721792795,0.16239999,2.7781246,0.7530270016273193
5,2,652392.2723731697,0.16239999,2.7785444,0.7532523865655419
5,2,652397.2725670598,0.16239999,2.7790408,0.7534777707545856
5,2,652402.27276095,0.16239999,2.77927,0.7537031574354187
5,2,652407.2729548402,0.16239999,2.7796707,0.7539285444166212
5,2,652412.2731487304,0.16239999,2.780358,0.7541539322622781
5,2,652417.2733426206,0.16239999,2.780778,0.7543793223317347
5,2,652422.2735365108,0.16239999,2.7811408,0.7546047083545135
5,2,652427.273730401,0.16239999,2.7815607,0.7548300958612303
5,2,652432.2739242911,0.16239999,2.782019,0.7550554823388613
5,2,652437.2741181813,0.16239999,2.7825916,0.7552808666780573
5,2,652442.2743120715,0.16239999,2.7830498,0.755506250834623
5,2,652447.2745059617,0.16239999,2.7835271,0.7557316363994022
5,2,652452.2746998519,0.16239999,2.784157,0.7559570226126792
5,2,652457.274893742,0.16239999,2.7843862,0.756182410288073
5,2,652462.2750876322,0.16239999,2.7848442,0.7564077964384902
5,2,652467.2752815224,0.16239999,2.7850542,0.7566331820450953
5,2,652472.2754754126,0.16239999,2.7854743,0.7568585686763184
5,2,652477.2756693028,0.16239999,2.786219,0.7570839580405949
5,2,652482.275863193,0.16239999,2.7865052,0.7573093487259711
5,2,652487.2760570832,0.16239999,2.7871351,0.7575347384129422
5,2,652492.2762509733,0.16239999,2.7875743,0.757760127547562
5,2,652497.2764448635,0.16239999,2.7879941,0.7579855189820386
5,2,652502.2766387537,0.16239999,2.7882614,0.7582109111745803
5,2,652507.2768326439,0.16239999,2.7887769,0.7584363007100894
5,2,652512.2770265341,0.16239999,2.7895215,0.7586616879803992
5,2,652517.2772204243,0.16239999,2.789636,0.7588870751442129
5,2,652522.2774143144,0.16239999,2.7901895,0.7591124623600358
5,2,652527.2776082046,0.16239999,2.7905715,0.7593378457282747
5,2,652532.2778020948,0.16239999,2.7909913,0.7595632296452934
5,2,652537.277995985,0.16239999,2.7912776,0.7597886137479782
5,2,652542.2781898752,0.16239999,2.791736,0.7600139983411893
5,2,652547.2783837654,0.16239999,2.7922704,0.7602393838800307
5,2,652552.2785776556,0.16239999,2.7927096,0.7604647717097575
5,2,652557.2787715457,0.16239999,2.793454,0.7606901589297586
5,2,652562.2789654359,0.16239999,2.7937593,0.7609155501283464
5,2,652567.2791593261,0.16239999,2.7941031,0.7611409412380191
5,2,652572.2793532163,0.16239999,2.7945611,0.7613663301395309
5,2,652577.2795471065,0.16239999,2.7951531,0.7615917174947194
5,2,652582.2797409967,0.16239999,2.7957067,0.7618171015512056
5,2,652587.2799348868,0.16239999,2.7960122,0.7620424866129142
5,2,652592.280128777,0.16239999,2.7965276,0.7622678717616116
5,2,652597.2803226672,0.16239999,2.7969284,0.7624932585857583
5,2,652602.2805165574,0.16239999,2.797291,0.7627186463198652
5,2,652607.2807104476,0.16239999,2.7975583,0.7629440321878913
5,2,652612.2809043378,0.16239999,2.7980928,0.7631694204587256
5,2,652617.281098228,0.16239999,2.7984748,0.7633948093190506
5,2,652622.2812921181,0.16239999,2.7986274,0.7636201978730243
5,2,652627.2814860083,0.16239999,2.7992,0.7638455863979755
5,2,652632.2816798985,0.16239999,2.7996583,0.7640709734829074
5,2,652637.2818737887,0.16239999,2.800231,0.7642963608151283
5,2,652642.2820676789,0.16239999,2.8007274,0.764521749042918
5,2,652647.282261569,0.16239999,2.8012238,0.7647471360548989
5,2,652652.2824554592,0.16239999,2.8015673,0.764972525837003
5,2,652657.2826493494,0.16239999,2.8018727,0.7651979183152953
5,2,652662.2828432396,0.16239999,2.8024073,0.7654233111641114
5,2,652667.2830371298,0.16239999,2.8026364,0.7656487032026281
5,2,652672.28323102,0.16239999,2.8030946,0.7658740945522029
5,2,652677.2834249102,0.16239999,2.8034382,0.7660994861891167
5,2,652682.2836188003,0.16239999,2.8038392,0.7663248783058654
5,2,652687.2838126905,0.16239999,2.8043163,0.7665502736290111
5,2,652692.2840065807,0.16239999,2.8047173,0.7667756687574921
5,2,652697.2842004709,0.16239999,2.8050227,0.7670010614630328
5,2,652702.2843943611,0.16239999,2.8053854,0.7672264534307773
5,2,652707.2845882513,0.16239999,2.8057292,0.7674518428884477
5,2,652712.2847821414,0.16239999,2.8061109,0.7676772321949805
5,2,652717.2849760316,0.16239999,2.806321,0.7679026196673766
5,2,652722.2851699218,0.16239999,2.8069508,0.7681280109215467
5,2,652727.285363812,0.16239999,2.8074853,0.7683534013320851
5,2,652732.2855577022,0.16239999,2.8076382,0.7685787915837472
5,2,652737.2857515924,0.16239999,2.8083253,0.7688041805278838
5,2,652742.2859454826,0.16239999,2.8086689,0.7690295693546382
5,2,652747.2861393727,0.16239999,2.8091462,0.7692549560706008
5,2,652752.2863332629,0.16239999,2.8093944,0.7694803439024542
5,2,652757.2865271531,0.16239999,2.809929,0.7697057304689111
5,2,652762.2867210433,0.16239999,2.81033,0.7699311173987419
5,2,652767.2869149335,0.16239999,2.810998,0.7701565064777837
5,2,652772.2871088237,0.16239999,2.8112843,0.7703818953190111
5,2,652777.2873027138,0.16239999,2.8114944,0.7706072865692987
5,2,652782.287496604,0.16239999,2.8117616,0.7708326779373011
5,2,652787.2876904942,0.16239999,2.8121815,0.7710580689749706
5,2,652792.2878843844,0.16239999,2.8126206,0.771283460203245
5,2,652797.2880782746,0.16239999,2.813117,0.7715088508112188
5,2,652802.2882721648,0.16239999,2.8135178,0.7717342406296653
5,2,652807.288466055,0.16239999,2.8140333,0.7719596304432649
5,2,652812.2886599451,0.16239999,2.8145106,0.7721850203103164
5,2,652817.2888538353,0.16239999,2.8148541,0.772410411936922
5,2,652822.2890477255,0.16239999,2.8154078,0.7726358016047756
5,2,652827.2892416157,0.16239999,2.815866,0.7728611890297356
5,2,652832.2894355059,0.16239999,2.816095,0.7730865760806962
5,2,652837.289629396,0.16239999,2.816496,0.7733119605249603
5,2,652842.2898232862,0.16239999,2.8169541,0.7735373454564957
5,2,652847.2900171764,0.16239999,2.8174887,0.7737627293526769
5,2,652852.2902110666,0.16239999,2.8178704,0.7739881123766028
5,2,652857.2904049568,0.16239999,2.8182333,0.7742134955898604
5,2,652862.290598847,0.16239999,2.8187869,0.77443887876023
5,2,652867.2907927372,0.16239999,2.8194168,0.7746642631995858
5,2,652872.2909866273,0.16239999,2.8197222,0.7748896462681035
5,2,652877.2911805175,0.16239999,2.820085,0.775115031260073
5,2,652882.2913744077,0.16239999,2.8206768,0.7753404172725394
5,2,652887.2915682979,0.16239999,2.8207912,0.7755658000622614
5,2,652892.2917621881,0.16239999,2.8213067,0.7757911828112609
5,2,652897.2919560783,0.16239999,2.8217268,0.7760165667569007
5,2,652902.2921499684,0.16239999,2.8218603,0.7762419503403744
5,2,652907.2923438586,0.16239999,2.8221085,0.776467333025
5,2,652912.2925377488,0.16239999,2.8225286,0.7766927142847427
5,2,652917.292731639,0.16239999,2.8228722,0.7769180956134895
5,2,652922.2929255292,0.16239999,2.8231585,0.7771434767459249
5,2,652927.2931194194,0.16239999,2.8237503,0.7773688585073384
5,2,652932.2933133096,0.16239999,2.8240175,0.777594241992308
5,2,652937.2935071997,0.16239999,2.8244567,0.7778196227531913
5,2,652942.2937010899,0.16239999,2.8248193,0.7780450034163429
5,2,652947.2938949801,0.16239999,2.8256593,0.7782703853896765
5,2,652952.2940888703,0.16239999,2.8259265,0.7784957656286069
5,2,652957.2942827605,0.16239999,2.8261175,0.778721146904654
5,2,652962.2944766507,0.16239999,2.8267665,0.778946528327831
5,2,652967.2946705408,0.16239999,2.8273776,0.7791719111433277
5,2,652972.294864431,0.16239999,2.8277402,0.7793972935725865
5,2,652977.2950583212,0.16239999,2.8284466,0.7796226757621997
5,2,652982.2952522114,0.16239999,2.8288856,0.7798480579385402
5,2,652987.2954461016,0.16239999,2.8294773,0.7800734424861058
5,2,652992.2956399918,0.16239999,2.829821,0.7802988281941564
5,2,652997.295833882,0.16239999,2.83026,0.780524212575382
5,2,653002.2960277721,0.16239999,2.8305845,0.7807495970298881
5,2,653007.2962216623,0.16239999,2.8311765,0.7809749818031632
5,2,653012.2964155525,0.16239999,2.8315582,0.7812003669174008
5,2,653017.2966094427,0.16239999,2.8319209,0.7814257504151861
5,2,653022.2968033329,0.16239999,2.8324172,0.7816511319625047
5,2,653027.296997223,0.16239999,2.8329136,0.7818765138521079
5,2,653032.2971911132,0.16239999,2.8334863,0.7821018943033327
5,2,653037.2973850034,0.16239999,2.834059,0.7823272768110898
5,2,653042.2975788936,0.16239999,2.8345745,0.7825526566575758
5,2,653047.2977727838,0.16239999,2.8347845,0.782778039417218
5,2,653052.297966674,0.16239999,2.8350327,0.7830034229998175
5,2,653057.2981605642,0.16239999,2.8355482,0.7832288049170466
5,2,653062.2983544543,0.16239999,2.8361018,0.7834541869700129
5,2,653067.2985483445,0.16239999,2.8366554,0.7836795715093754
5,2,653072.2987422347,0.16239999,2.8370752,0.7839049565066025
5,2,653077.2989361249,0.16239999,2.8374572,0.7841303439138864
5,2,653082.2991300151,0.16239999,2.8380299,0.7843557317916247
5,2,653087.2993239053,0.16239999,2.8383734,0.7845811201475329
5,2,653092.2995177954,0.16239999,2.8390036,0.7848065062930675
5,2,653097.2997116856,0.16239999,2.8394425,0.7850318936909818
5,2,653102.2999055758,0.16239999,2.8398244,0.7852572834967747
5,2,653107.300099466,0.16239999,2.8402252,0.7854826733475045
5,2,653112.3002933562,0.16239999,2.8407407,0.7857080605077214
5,2,653117.3004872464,0.16239999,2.8411798,0.7859334485142777
5,2,653122.3006811365,0.16239999,2.8417335,0.786158834777553
5,2,653127.3008750267,0.16239999,2.8422487,0.7863842223323136
5,2,653132.3010689169,0.16239999,2.8424015,0.7866096080457643
5,2,653137.3012628071,0.16239999,2.8430314,0.7868349950361285
5,2,653142.3014566973,0.16239999,2.843337,0.7870603819560914
5,2,653147.3016505875,0.16239999,2.8438332,0.7872857671903902
5,2,653152.3018444777,0.16239999,2.8442152,0.7875111524770906
5,2,653157.3020383678,0.16239999,2.8443677,0.7877365371335927
5,2,653162.302232258,0.16239999,2.8451505,0.7879619249717991
5,2,653167.3024261482,0.16239999,2.8454177,0.7881873127367066
5,2,653172.3026200384,0.16239999,2.8458378,0.7884127011092686
5,2,653177.3028139286,0.16239999,2.8463151,0.7886380877798382
5,2,653182.3030078188,0.16239999,2.8467731,0.7888634741219721
5,2,653187.303201709,0.16239999,2.8473077,0.7890888595774307
5,2,653192.3033955991,0.16239999,2.8477278,0.7893142440888162
5,2,653197.3035894893,0.16239999,2.8483005,0.7895396308163206
5,2,653202.3037833795,0.16239999,2.8486059,0.7897650177779885
5,2,653207.3039772697,0.16239999,2.8489113,0.7899904033750255
5,2,653212.3041711599,0.16239999,2.8495796,0.7902157875203292
5,2,653217.30436505,0.16239999,2.8501523,0.7904411738267276
5,2,653222.3045589402,0.16239999,2.850572,0.7906665611736716
5,2,653227.3047528309,0.16239999,2.8510876,0.7908919491926257
5,2,653232.3049467215,0.16239999,2.8515267,0.7911173371871884
5,2,653237.3051406122,0.16239999,2.8520994,0.7913427225043145
5,2,653242.3053345028,0.16239999,2.852443,0.7915681092842238
5,2,653247.3055283935,0.16239999,2.8528821,0.7917934950989055
5,2,653252.3057222841,0.16239999,2.853302,0.7920188804966477
5,2,653257.3059161748,0.16239999,2.8537984,0.7922442658867779
5,2,653262.3061100654,0.16239999,2.854352,0.7924696507003598
5,2,653267.3063039561,0.16239999,2.854772,0.7926950345118279
5,2,653272.3064978467,0.16239999,2.8552494,0.7929204173978254
5,2,653277.3066917374,0.16239999,2.8559556,0.7931458045318575
5,2,653282.3068856276,0.16239999,2.8561656,0.7933711940267071
5,2,653287.3070795182,0.16239999,2.8567574,0.7935965813033905
5,2,653292.3072734089,0.16239999,2.8569293,0.7938219686285068
5,2,653297.3074672995,0.16239999,2.8575592,0.7940473535740352
5,2,653302.3076611902,0.16239999,2.8577883,0.7942727393717205
5,2,653307.3078550808,0.16239999,2.8583992,0.7944981254343318
5,2,653312.3080489715,0.16239999,2.8587618,0.7947235104102702
5,2,653317.3082428621,0.16239999,2.8592772,0.794948897622502
5,2,653322.3084367528,0.16239999,2.86006,0.7951742831006832
5,2,653327.3086306432,0.16239999,2.86048,0.7953996684362453
5,2,653332.3088245336,0.16239999,2.8609,0.7956250545052608
5,2,653337.309018424,0.16239999,2.8616827,0.7958504413756491
5,2,653342.3092123144,0.16239999,2.8620265,0.7960758297717988
5,2,653347.3094062048,0.16239999,2.8624463,0.7963012214272406
5,2,653352.3096000953,0.16239999,2.863038,0.7965266100407403
5,2,653357.3097939857,0.16239999,2.86342,0.7967519985398115
5,2,653362.3099878763,0.16239999,2.8640118,0.7969773866977495
5,2,653367.3101817667,0.16239999,2.8642027,0.7972027743855478
5,2,653372.3103756572,0.16239999,2.8648136,0.7974281639012482
5,2,653377.3105695477,0.16239999,2.8653672,0.7976535535682839
5,2,653382.3107634382,0.16239999,2.8655772,0.7978789402165714
5,2,653387.3109573288,0.16239999,2.8664362,0.7981043292545762
5,2,653392.3111512193,0.16239999,2.8669517,0.7983297165099724
5,2,653397.3113451097,0.16239999,2.8672762,0.7985551041867678
5,2,653402.3115390002,0.16239999,2.8680017,0.798780491228493
5,2,653407.3117328908,0.16239999,2.8685553,0.7990058784754933
5,2,653412.3119267813,0.16239999,2.8688035,0.7992312658174562
5,2,653417.3121206718,0.16239999,2.8694715,0.7994566540225432
5,2,653422.3123145624,0.16239999,2.869968,0.7996820407857367
5,2,653427.3125084529,0.16239999,2.8704262,0.7999074259779372
5,2,653432.3127023434,0.16239999,2.8709607,0.8001328115760635
5,2,653437.312896234,0.16239999,2.8713233,0.8003581985904327
5,2,653442.3130901244,0.16239999,2.871686,0.8005835863199277
5,2,653447.3132840146,0.16239999,2.8722968,0.800808973494024
5,2,653452.313477905,0.16239999,2.872717,0.8010343629736578
5,2,653457.3136717955,0.16239999,2.8734043,0.8012597524216756
5,2,653462.3138656861,0.16239999,2.8739004,0.8014851423156436
5,2,653467.3140595766,0.16239999,2.8743587,0.8017105289785258
5,2,653472.3142534671,0.16239999,2.8749504,0.8019359178049805
5,2,653477.3144473577,0.16239999,2.8753705,0.8021613045055354
5,2,653482.3146412482,0.16239999,2.8760767,0.8023866903788489
5,2,653487.3148351386,0.16239999,2.8764014,0.8026120759177746
5,2,653492.315029029,0.16239999,2.8770313,0.8028374640998708
5,2,653497.3152229195,0.16239999,2.877623,0.803062850220109
5,2,653502.3154168099,0.16239999,2.8783295,0.8032882342440345
5,2,653507.3156107003,0.16239999,2.878635,0.8035136193376117
5,2,653512.3158045907,0.16239999,2.8791885,0.8037390054611895
5,2,653517.3159984811,0.16239999,2.8798184,0.8039643922824388
5,2,653522.3161923718,0.16239999,2.8802576,0.8041897803710865
5,2,653527.3163862622,0.16239999,2.880754,0.8044151681858441
5,2,653532.3165801526,0.16239999,2.8811738,0.8046405547368112
5,2,653537.3167740433,0.16239999,2.881823,0.8048659413199962
5,2,653542.3169679339,0.16239999,2.8823767,0.805091327159471
5,2,653547.3171618246,0.16239999,2.8828156,0.8053167127205116
5,2,653552.3173557152,0.16239999,2.883541,0.8055420991259598
5,2,653557.3175496059,0.16239999,2.8838656,0.8057674859012837
5,2,653562.3177434965,0.16239999,2.884534,0.8059928735310741
5,2,653567.3179373872,0.16239999,2.8848011,0.8062182577322414
5,2,653572.3181312778,0.16239999,2.8851829,0.8064436412664329
5,2,653577.3183251685,0.16239999,2.8858702,0.8066690212230301
5,2,653582.3185190591,0.16239999,2.8863857,0.8068943991822675
5,2,653587.3187129498,0.16239999,2.8865955,0.8071197792418823
5,2,653592.3189068404,0.16239999,2.8872638,0.8073451625981182
5,2,653597.319100731,0.16239999,2.8875883,0.807570546748134
5,2,653602.3192946217,0.16239999,2.888199,0.8077959309538578
5,2,653607.3194885124,0.16239999,2.8887336,0.8080213141370557
5,2,653612.3196824025,0.16239999,2.889421,0.8082466967063828
5,2,653617.3198762932,0.16239999,2.8898027,0.8084720790147906
5,2,653622.3200701838,0.16239999,2.89028,0.8086974631073252
5,2,653627.3202640745,0.16239999,2.89091,0.8089228468925838
5,2,653632.3204579651,0.16239999,2.8913682,0.8091482310056886
5,2,653637.3206518553,0.16239999,2.891788,0.8093736165440936
5,2,653642.3208457455,0.16239999,2.8924181,0.809599002009131
5,2,653647.3210396357,0.16239999,2.8931243,0.8098243871755625
5,2,653652.3212335259,0.16239999,2.8935826,0.8100497734168826
5,2,653657.321427416,0.16239999,2.8940408,0.8102751599519542
5,2,653662.3216213062,0.16239999,2.8947089,0.8105005477318092
5,2,653667.3218151964,0.16239999,2.8951862,0.8107259337207542
5,2,653672.3220090866,0.16239999,2.8956635,0.8109513157681681
5,2,653677.3222029768,0.16239999,2.8961024,0.8111766949144203
5,2,653682.322396867,0.16239999,2.8967707,0.8114020763046815
5,2,653687.3225907572,0.16239999,2.897019,0.8116274574506944
5,2,653692.3227846473,0.16239999,2.8975916,0.8118528393876444
5,2,653697.3229785375,0.16239999,2.8982215,0.8120782202396633
5,2,653702.3231724277,0.16239999,2.898737,0.812303601859639
5,2,653707.3233663179,0.16239999,2.8994434,0.8125289831936127
5,2,653712.3235602081,0.16239999,2.8997488,0.8127543668563298
5,2,653717.3237540983,0.16239999,2.9002643,0.8129797490140646
5,2,653722.3239479885,0.16239999,2.9009895,0.8132051341984188
5,2,653727.3241418786,0.16239999,2.9012187,0.8134305186112745
5,2,653732.3243357688,0.16239999,2.9020014,0.8136559028924006
5,2,653737.324529659,0.16239999,2.9024978,0.8138812859847336
5,2,653742.3247235492,0.16239999,2.9028032,0.8141066676460519
5,2,653747.3249174394,0.16239999,2.9035096,0.814332049607482
5,2,653752.3251113296,0.16239999,2.9039295,0.8145574320228718
5,2,653757.3253052197,0.16239999,2.9045215,0.8147828156379971
5,2,653762.3254991099,0.16239999,2.9049032,0.8150081975820467
5,2,653767.3256930001,0.16239999,2.9058003,0.8152335794422176
5,2,653772.3258868903,0.16239999,2.9063349,0.8154589613342149
5,2,653777.3260807805,0.16239999,2.9065259,0.8156843442563121
5,2,653782.3262746707,0.16239999,2.9071176,0.815909727710923
5,2,653787.3264685608,0.16239999,2.907786,0.8161351127810681
5,2,653792.326662451,0.16239999,2.9081295,0.8163604984690178
5,2,653797.3268563412,0.16239999,2.908855,0.8165858847320241
5,2,653802.3270502314,0.16239999,2.9093702,0.8168112704720062
5,2,653807.3272441216,0.16239999,2.9098475,0.8170366566602161
5,2,653812.3274380118,0.16239999,2.9104583,0.8172620448911044
5,2,653817.327631902,0.16239999,2.9109929,0.8174874327304242
5,2,653822.3278257921,0.16239999,2.911432,0.8177128223281779
5,2,653827.3280196823,0.16239999,2.9121385,0.8179382119014829
5,2,653832.3282135725,0.16239999,2.9125774,0.818163601119545
5,2,653837.3284074627,0.16239999,2.9132075,0.8183889897559503
5,2,653842.3286013529,0.16239999,2.9135892,0.8186143790200595
5,2,653847.328795243,0.16239999,2.9140856,0.8188397702104476
5,2,653852.3289891332,0.16239999,2.9147918,0.8190651600494478
5,2,653857.3291830234,0.16239999,2.9153454,0.8192905467469016
5,2,653862.3293769136,0.16239999,2.9160137,0.8195159324388325
5,2,653867.3295708038,0.16239999,2.9165673,0.8197413177296546
5,2,653872.329764694,0.16239999,2.9168918,0.819966702663613
5,2,653877.3299585842,0.16239999,2.9176936,0.8201920878136549
5,2,653882.3301524743,0.16239999,2.9182281,0.8204174720111649
5,2,653887.3303463645,0.16239999,2.91861,0.820642857663726
5,2,653892.3305402547,0.16239999,2.9192019,0.8208682420779088
5,2,653897.3307341449,0.16239999,2.9195454,0.8210936280418628
5,2,653902.3309280351,0.16239999,2.9201562,0.8213190148602858
5,2,653907.3311219253,0.16239999,2.920748,0.8215444009223068
5,2,653912.3313158154,0.16239999,2.92134,0.821769785890764
5,2,653917.3315097056,0.16239999,2.9217217,0.8219951741712394
5,2,653922.3317035958,0.16239999,2.9223135,0.8222205613981256
5,2,653927.331897486,0.16239999,2.9226189,0.8224459500194037
5,2,653932.3320913762,0.16239999,2.9233253,0.8226713363204335
5,2,653937.3322852664,0.16239999,2.9236307,0.8228967225310357
5,2,653942.3324791566,0.16239999,2.9243371,0.8231221073822935
5,2,653947.3326730467,0.16239999,2.9247189,0.8233474931265622
5,2,653952.3328669369,0.16239999,2.925368,0.8235728809311681
5,2,653957.3330608271,0.16239999,2.9259408,0.8237982696233715
5,2,653962.3332547173,0.16239999,2.9264753,0.8240236612634702
5,2,653967.3334486075,0.16239999,2.9271624,0.8242490524249285
5,2,653972.3336424977,0.16239999,2.927697,0.8244744444460613
5,2,653977.3338363878,0.16239999,2.928136,0.8246998356052878
5,2,653982.334030278,0.16239999,2.928594,0.8249252260677791
5,2,653987.3342241682,0.16239999,2.9289951,0.8251506162234811
5,2,653992.3344180584,0.16239999,2.929396,0.8253760055092085
5,2,653997.3346119486,0.16239999,2.9301405,0.8256013926401345
5,2,654002.3348058388,0.16239999,2.930694,0.8258267796978603
5,2,654007.334999729,0.16239999,2.9313624,0.8260521693144293
5,2,654012.3351936191,0.16239999,2.9318395,0.8262775585537736
5,2,654017.3353875093,0.16239999,2.932374,0.8265029489760193
5,2,654022.3355813995,0.16239999,2.9330232,0.8267283380759525
5,2,654027.3357752897,0.16239999,2.9334812,0.8269537277568695
5,2,654032.3359691799,0.16239999,2.9339395,0.8271791185371984
5,2,654037.33616307,0.16239999,2.934665,0.8274045120805941
5,2,654042.3363569602,0.16239999,2.9352758,0.8276299032812491
5,2,654047.3365508504,0.16239999,2.9356384,0.8278552947182058
5,2,654052.3367447406,0.16239999,2.9361348,0.8280806854822536
5,2,654057.3369386308,0.16239999,2.9367266,0.8283060783848505
5,2,654062.337132521,0.16239999,2.9372995,0.8285314718174909
5,2,654067.3373264112,0.16239999,2.9377193,0.8287568660751787
5,2,654072.3375203013,0.16239999,2.938483,0.8289822594359607
5,2,654077.3377141915,0.16239999,2.9389985,0.8292076539332377
5,2,654082.3379080817,0.16239999,2.939533,0.8294330456306701
5,2,654087.3381019719,0.16239999,2.940163,0.8296584341500566
5,2,654092.3382958621,0.16239999,2.940564,0.8298838198737625
5,2,654097.3384897523,0.16239999,2.9411366,0.8301092071600067
5,2,654102.3386836424,0.16239999,2.9417856,0.8303345954025544
5,2,654107.3388775326,0.16239999,2.9419765,0.8305599836175093
5,2,654112.3390714228,0.16239999,2.9425492,0.8307853721888991
5,2,654117.339265313,0.16239999,2.9430647,0.8310107615079266
5,2,654122.3394592032,0.16239999,2.9436755,0.8312361511078568
5,2,654127.3396530934,0.16239999,2.9441338,0.8314615416740236
5,2,654132.3398469836,0.16239999,2.9447637,0.8316869336243801
5,2,654137.3400408737,0.16239999,2.945222,0.8319123261307162
5,2,654142.3402347639,0.16239999,2.9457374,0.8321377173650462
5,2,654147.3404286541,0.16239999,2.9461763,0.8323631086866399
5,2,654152.3406225443,0.16239999,2.9465773,0.8325884987486367
5,2,654157.3408164345,0.16239999,2.9469972,0.8328138878097268
5,2,654162.3410103247,0.16239999,2.9476082,0.8330392768718972
5,2,654167.3412042148,0.16239999,2.9482381,0.8332646661265085
5,2,654172.341398105,0.16239999,2.948639,0.8334900570292032
5,2,654177.3415919952,0.16239999,2.9494407,0.8337154491466331
5,2,654182.3417858854,0.16239999,2.95009,0.8339408403561965
5,2,654187.3419797756,0.16239999,2.9503953,0.8341662303927058
5,2,654192.3421736658,0.16239999,2.9507961,0.8343916194612174
5,2,654197.342367556,0.16239999,2.9514835,0.8346170074019951
5,2,654202.3425614461,0.16239999,2.9520562,0.8348423943276784
5,2,654207.3427553363,0.16239999,2.952667,0.8350677804780583
5,2,654212.3429492265,0.16239999,2.9534688,0.8352931668372938
5,2,654217.3431431167,0.16239999,2.9537551,0.835518552543279
5,2,654222.3433370069,0.16239999,2.9544044,0.8357439381070078
5,2,654227.343530897,0.16239999,2.9548817,0.83596932673245
5,2,654232.3437247872,0.16239999,2.9554734,0.8361947128014514
5,2,654237.3439186774,0.16239999,2.9560843,0.8364200988531335
5,2,654242.3441125676,0.16239999,2.9565616,0.8366454864408654
5,2,654247.3443064578,0.16239999,2.957077,0.8368708748034528
5,2,654252.344500348,0.16239999,2.957745,0.8370962640595097
5,2,654257.3446942382,0.16239999,2.9581842,0.8373216545651663
5,2,654262.3448881283,0.16239999,2.958986,0.8375470448380369
5,2,654267.3450820185,0.16239999,2.9594631,0.8377724342238754
5,2,654272.3452759087,0.16239999,2.9601123,0.8379978235078769
5,2,654277.3454697989,0.16239999,2.9606278,0.8382232147082406
5,2,654282.3456636891,0.16239999,2.9612958,0.838448604378615
5,2,654287.3458575793,0.16239999,2.9618113,0.8386739935069507
5,2,654292.3460514694,0.16239999,2.962384,0.8388993816360641
5,2,654297.3462453596,0.16239999,2.9630713,0.8391247713098857
5,2,654302.3464392498,0.16239999,2.9635293,0.8393501583066326
5,2,654307.34663314,0.16239999,2.9641786,0.8395755435816348
5,2,654312.3468270302,0.16239999,2.964675,0.8398009284846617
5,2,654317.3470209204,0.16239999,2.9653811,0.840026316377922
5,2,654322.3472148106,0.16239999,2.965973,0.8402517041092299
5,2,654327.3474087007,0.16239999,2.9664693,0.8404770918055118
5,2,654332.3476025909,0.16239999,2.9669847,0.8407024801450892
5,2,654337.3477964811,0.16239999,2.9675956,0.8409278673817464
5,2,654342.3479903713,0.16239999,2.9682066,0.8411532573005506
5,2,654347.3481842615,0.16239999,2.9687793,0.8413786468053417
5,2,654352.3483781517,0.16239999,2.9692183,0.8416040349499548
5,2,654357.3485720418,0.16239999,2.97002,0.8418294242990777
5,2,654362.348765932,0.16239999,2.9706693,0.8420548131049324
5,2,654367.3489598222,0.16239999,2.971051,0.8422802038166464
5,2,654372.3491537124,0.16239999,2.9717765,0.8425055921077297
5,2,654377.3493476026,0.16239999,2.9721391,0.8427309804678459
5,2,654382.3495414928,0.16239999,2.9727883,0.8429563707379466
5,2,654387.349735383,0.16239999,2.9734755,0.8431817620638492
5,2,654392.3499292731,0.16239999,2.9740481,0.8434071523130204
5,2,654397.3501231633,0.16239999,2.97464,0.8436325419090439
5,2,654402.3503170535,0.16239999,2.9754035,0.8438579283832154
5,2,654407.3505109437,0.16239999,2.9757664,0.8440833145491513
5,2,654412.3507048339,0.16239999,2.976301,0.8443086976417898
5,2,654417.350898724,0.16239999,2.97695,0.8445340809063381
5,2,654422.3510926142,0.16239999,2.9776564,0.8447594670065218
5,2,654427.3512865044,0.16239999,2.978191,0.8449848530154435
5,2,654432.3514803946,0.16239999,2.9789352,0.8452102402676533
5,2,654437.3516742848,0.16239999,2.9795654,0.8454356283117573
5,2,654442.351868175,0.16239999,2.980329,0.8456610165922294
5,2,654447.3520620652,0.16239999,2.9807298,0.8458864041031392
5,2,654452.3522559553,0.16239999,2.9814744,0.8461117916957918
5,2,654457.3524498455,0.16239999,2.9821424,0.8463371788715802
5,2,654462.3526437357,0.16239999,2.9826007,0.8465625673204163
5,2,654467.3528376259,0.16239999,2.983078,0.8467879552990927
5,2,654472.3530315161,0.16239999,2.983956,0.847013343070854
5,2,654477.3532254063,0.16239999,2.9845288,0.8472387330373659
5,2,654482.3534192964,0.16239999,2.9848151,0.8474641234902864
5,2,654487.3536131866,0.16239999,2.9855025,0.8476895137280988
5,2,654492.3538070768,0.16239999,2.9861896,0.8479149041602206
5,2,654497.354000967,0.16239999,2.9871442,0.8481402941910616
5,2,654502.3541948572,0.16239999,2.9876022,0.8483656834047023
5,2,654507.3543887474,0.16239999,2.9880795,0.8485910721811892
5,2,654512.3545826375,0.16239999,2.9886904,0.8488164627403029
5,2,654517.3547765277,0.16239999,2.989225,0.8490418557267867
5,2,654522.3549704179,0.16239999,2.9900076,0.8492672494318692
5,2,654527.3551643081,0.16239999,2.9905994,0.8494926423950194
5,2,654532.3553581983,0.16239999,2.9910004,0.8497180337499329
5,2,654537.3555520885,0.16239999,2.9916112,0.8499434273597465
5,2,654542.3557459787,0.16239999,2.992222,0.8501688201402591
5,2,654547.3559398688,0.16239999,2.9926803,0.8503942117210287
5,2,654552.356133759,0.16239999,2.9934058,0.8506196007456274
5,2,654557.3563276492,0.16239999,2.9938831,0.8508449898982793
5,2,654562.3565215394,0.16239999,2.9946275,0.8510703789759552
5,2,654567.3567154296,0.16239999,2.995162,0.8512957667489259
5,2,654572.3569093198,0.16239999,2.9958875,0.851521155350393
5,2,654577.35710321,0.16239999,2.996384,0.8517465481972529
5,2,654582.3572971001,0.16239999,2.997052,0.851971937083145
5,2,654587.3574909903,0.16239999,2.9977202,0.8521973249248904
5,2,654592.3576848805,0.16239999,2.9982738,0.8524227136536804
5,2,654597.3578787707,0.16239999,2.9990757,0.8526481018616201
5,2,654602.3580726609,0.16239999,2.9997818,0.8528734884251662
5,2,654604.1870704321,0.16239999,3.0001256,0.8529559312134078
5,2,654604.1872704321,0.16239999,2.9999347,0.8529559402222335
